version: 10
file format: 0

training data file: /tmp/train-lm-from-UD-corpus.sh.kBc3u6z9B.train
validation data file: /tmp/train-lm-from-UD-corpus.sh.kBc3u6z9B.valid

last probability of validation data: -24884.953996
number of finished iterations: 10
current position in training data: 0
current probability of training data: -24883.660787
save after processing # words: 0
# of training words: 104043
input layer size: 115
hidden layer size: 30
compression layer size: 0
output layer size: 86
direct connections: 0
direct order: 3
bptt: 0
bptt block: 10
vocabulary size: 85
class size: 1
old classes: 0
independent sentences mode: 0
starting learning rate: 0.100000
current learning rate: 0.012500
learning rate decrease: 1


Vocabulary:
     0	         0	</s>	0
     1	     14851	32	0
     2	     10466	97	0
     3	      8438	105	0
     4	      8349	101	0
     5	      7384	115	0
     6	      5899	116	0
     7	      5319	108	0
     8	      4961	117	0
     9	      4303	110	0
    10	      3739	107	0
    11	      3309	100	0
    12	      3021	111	0
    13	      2870	109	0
    14	      2688	114	0
    15	      1773	118	0
    16	      1645	103	0
    17	      1471	112	0
    18	      1354	46	0
    19	      1342	104	0
    20	      1283	106	0
    21	      1180	228	0
    22	      1114	44	0
    23	      1001	245	0
    24	       725	252	0
    25	       708	98	0
    26	       612	34	0
    27	       321	84	0
    28	       305	246	0
    29	       286	75	0
    30	       282	77	0
    31	       275	83	0
    32	       244	33	0
    33	       196	65	0
    34	       177	69	0
    35	       172	80	0
    36	       141	45	0
    37	       135	76	0
    38	       118	78	0
    39	       109	102	0
    40	       108	63	0
    41	       107	86	0
    42	       103	79	0
    43	        96	74	0
    44	        95	82	0
    45	        89	73	0
    46	        72	48	0
    47	        62	49	0
    48	        59	58	0
    49	        59	99	0
    50	        55	71	0
    51	        47	72	0
    52	        46	66	0
    53	        39	50	0
    54	        32	85	0
    55	        31	41	0
    56	        30	40	0
    57	        30	57	0
    58	        30	53	0
    59	        26	70	0
    60	        23	51	0
    61	        21	220	0
    62	        20	54	0
    63	        19	55	0
    64	        17	121	0
    65	        16	67	0
    66	        15	68	0
    67	        15	52	0
    68	        15	213	0
    69	        14	39	0
    70	        13	353	0
    71	        12	382	0
    72	        12	56	0
    73	        10	119	0
    74	         9	196	0
    75	         9	87	0
    76	         8	122	0
    77	         3	43	0
    78	         3	95	0
    79	         2	214	0
    80	         1	113	0
    81	         1	59	0
    82	         1	47	0
    83	         1	90	0
    84	         1	38	0

Hidden layer activation:
0.0485
0.0003
0.0311
0.0252
0.0000
0.0006
0.0002
0.0007
0.0051
0.8947
0.0023
0.0000
0.0014
0.0044
0.0000
0.0000
0.0063
0.0045
0.0000
0.0001
0.0013
0.0218
0.0395
0.0000
0.0002
0.0128
0.0029
0.8944
0.0000
0.0000

Weights 0->1:
0.1342
-1.4840
0.3531
-0.2311
-2.1471
-0.8284
-0.8711
-0.2970
1.2676
-0.6927
-1.0078
-2.8160
0.7871
-1.7736
-0.2039
0.9590
1.8010
-0.1617
-0.8368
-1.9073
-1.1897
-2.5120
-0.9039
0.3037
-0.6313
0.2920
-1.1024
-0.2220
1.9866
0.0093
1.1471
-0.2675
-0.0878
1.1573
-0.0527
-0.2911
-0.7308
-0.0146
-0.8481
0.9039
-0.3712
2.1249
-0.7767
-0.2348
-0.0297
0.1351
0.0036
0.0057
-0.2475
1.1754
0.0432
-0.5456
-0.4300
0.6193
0.0761
0.3490
-0.0253
-0.1040
0.0785
0.1179
0.3183
-0.0838
0.1429
0.3029
-0.0769
0.1510
0.1150
0.2849
0.2848
0.9924
-0.4888
0.3612
-0.2886
-0.1606
0.5903
0.0993
-0.3479
0.0241
-0.1077
0.1257
0.0480
-0.0220
-0.0548
0.1558
-0.0715
0.7707
1.3852
-0.1065
0.0368
-1.9141
-0.7567
-1.2749
0.7709
-1.1627
0.3443
1.3332
-2.6383
0.1738
-0.4622
-1.6668
-1.4448
0.3582
-1.9904
-1.5174
0.2832
-1.1034
-0.3649
-1.0492
-0.1920
0.0515
0.9100
-2.6795
-4.7392
-0.9096
-0.1415
-0.2560
-3.4897
-1.4985
-1.6990
3.3655
-0.7830
-2.2519
-1.5830
0.0589
-3.9272
-2.4965
-0.5280
5.7811
-1.5383
-3.0422
-2.0047
-3.4717
-2.8646
3.1881
-2.3449
-0.8015
2.7092
1.2104
-0.6114
-0.8308
0.0186
1.5119
-0.5327
0.2350
-0.5694
-0.9670
-0.6576
2.0032
-0.2713
-0.4677
0.0704
-1.5859
-0.6877
1.5070
0.5039
1.3054
-0.4910
0.5023
-0.2844
-0.6240
0.5659
-0.7953
-0.5482
0.3272
0.7407
-0.1332
0.1823
0.4243
-0.4177
0.0394
0.3232
-0.0207
-0.4955
0.0763
0.8407
0.0349
0.0928
-0.5672
0.1411
0.1875
-0.0788
0.3150
-0.1595
-0.0917
-1.1906
-0.6693
-0.7692
-0.4939
0.3646
0.4419
-0.0842
-0.0359
0.1260
-0.2092
0.2557
-0.0572
0.1880
-0.0240
0.2070
0.0551
0.9023
-0.8537
-0.4800
-1.0011
-1.3677
1.0960
0.4598
-1.0134
-1.6909
-0.0479
-0.3049
1.6398
-2.1846
0.7009
1.1768
0.8234
-1.5128
-2.1318
-3.3480
-1.0015
-1.4901
1.7077
-1.1518
-1.3126
1.1027
1.8480
-2.0530
-5.5018
-1.5868
0.7945
0.0539
-3.8501
-2.0069
0.5197
-0.8814
-3.9090
-1.6292
-3.8812
-0.3264
-4.2666
-3.1288
-2.8783
1.9481
-3.1419
-2.4582
-2.4624
1.3120
-2.6108
2.8118
-2.8143
-3.0636
-1.5830
1.1744
-0.5501
3.1576
-1.8529
1.1280
-0.5222
-1.6686
-1.2152
-1.4960
0.2597
2.5384
2.0762
-1.1152
-1.6342
1.3888
-1.2925
-1.1030
-0.3826
0.1127
-0.9218
1.1106
-1.7256
-0.4254
3.0768
-0.3562
-1.0836
1.4368
1.7747
-0.9751
-0.1724
0.1931
-0.4814
1.1820
0.2587
0.0527
-0.2981
-0.3820
0.1560
-0.5047
1.6995
-0.2833
-0.1402
-0.0062
0.0994
0.3744
-0.5503
0.5360
0.8230
-0.0880
-0.2130
-0.4997
-0.6233
0.5034
0.1047
0.2301
-0.1726
-0.2984
-0.1974
-0.0705
-0.0797
-0.0280
0.0259
0.0572
-1.3541
1.6419
-1.9563
-0.4568
2.0214
-2.5308
0.8967
-1.3050
-1.8040
0.9366
-2.9809
-3.6652
0.0734
0.2310
0.7150
0.5242
0.5625
-1.0715
0.2221
-1.5645
-0.3417
-0.0265
-1.7486
1.2866
-0.0748
0.0347
1.1702
0.0092
-4.3153
-2.1687
0.0538
-1.9459
0.4653
-0.3761
-2.6118
-2.2599
1.1008
-1.4327
1.4164
-0.2257
0.3399
-0.4999
-3.2521
-3.1119
-1.7064
-2.0886
-0.8315
-2.3558
1.7279
2.2790
4.1104
0.5715
-0.2342
-1.5644
-1.6596
-0.9612
-3.4052
0.7708
-0.2584
0.4031
-1.6785
-0.9466
-0.2044
2.1198
-1.2391
-0.7278
-0.4309
0.1129
-2.0464
-0.8350
-0.1116
-1.5115
-2.3909
1.5549
-0.0630
-0.6093
2.2660
3.3829
0.8328
-0.5373
2.0899
-0.5934
0.0779
1.9546
-1.1056
1.1961
-0.7260
2.3482
2.0714
0.1676
2.3912
-0.9677
1.8100
1.4868
-0.1505
0.6511
-0.4334
1.2026
-1.0727
-0.5980
-0.1633
-0.0584
0.8046
-0.0270
0.3853
-0.3917
0.0049
0.6125
0.4749
-0.2011
0.1449
0.0099
-0.0422
-0.0852
0.0913
0.1992
-0.9493
0.5101
-1.4761
2.1572
-0.4484
-0.7218
0.0644
1.6003
1.3535
-1.8750
-0.2467
0.9196
0.3463
-0.2264
-0.1595
-3.3649
-3.2748
-1.6380
0.5829
-3.6392
1.0494
-1.6131
-0.3044
-1.7836
-0.0907
0.7547
-0.5364
-1.4540
-0.4210
0.0109
-2.9956
-1.8234
-1.1072
0.4552
-1.8276
-4.9151
-2.5832
-2.2799
-0.1723
0.1251
1.0038
-1.4653
2.0324
-0.2837
1.0953
-1.7161
0.8137
0.2899
-3.3023
4.4684
-0.2855
0.7180
-1.3668
-2.6406
-0.5814
-1.5067
-1.8970
-0.7236
0.7118
-0.6199
-0.6931
0.2931
-0.7476
-0.6314
0.2689
0.2688
-0.4444
-0.8981
-1.5382
-0.0392
0.3026
-1.5611
1.3588
-0.7801
-0.0494
-0.6367
-1.1874
0.1707
-1.3124
0.9497
-0.0614
-0.9054
-1.1562
0.0542
-0.2440
-0.2057
-0.9960
-0.8563
-0.1517
-0.5846
-0.3068
-0.8556
-0.5370
-0.2482
0.6418
-0.8086
-0.2814
-0.3592
-0.2938
-0.0490
-0.0619
-0.4618
0.5434
-0.1050
0.0343
-0.1486
-0.0927
0.1653
-0.1043
-0.1158
-0.1034
0.0314
-0.0848
0.2093
1.0049
-4.2258
-0.7093
2.2453
-1.9390
2.8798
-0.8374
-1.0850
0.0459
-1.1316
0.6528
1.2401
-0.2595
1.7540
-4.3810
1.9002
-0.6855
1.8549
1.9089
2.3565
-1.4442
-4.2122
-1.6419
1.7527
2.4306
-1.5405
-2.3620
-3.1307
0.8540
1.9933
-0.0915
-2.0430
-6.0925
0.3367
-1.6931
0.6830
-0.8595
2.6889
1.2744
-1.3372
-0.7917
1.1317
6.3850
0.5637
0.4234
-1.5502
-1.0256
-0.0431
-2.1960
0.4033
0.0340
-2.9333
-0.8625
4.5619
1.4089
2.9594
-0.7829
-0.4843
-2.7988
0.3770
-0.6002
-0.8191
-0.8137
-0.8826
-1.4471
-0.7905
-2.8289
1.4783
1.1927
1.2634
-0.8191
-2.1249
0.7412
-0.8319
2.0164
-0.9326
-2.0389
-2.2383
-0.4417
-1.2142
-0.2081
0.9339
-0.0043
-1.9376
-0.3848
-1.1820
-1.1075
-1.8440
-2.0959
1.1595
-2.0661
-0.5865
-1.9112
-1.3239
-0.0549
-0.3026
0.3557
-1.2910
0.9884
0.0129
0.4332
0.1371
-1.0191
0.2071
-0.2607
0.2444
-0.1260
-0.6639
-0.3451
-0.6548
0.3835
0.0373
0.0641
-0.0383
0.0102
-2.9680
-1.0559
-1.2290
-0.1539
-1.3521
-0.4572
0.0872
-0.8167
0.4898
1.0527
3.0974
-3.5875
0.4104
0.6197
-1.6870
-1.0681
-1.6207
-1.2084
-1.3037
-0.1319
-1.3231
-1.9179
-4.7811
4.4436
2.7073
0.7318
0.8978
-0.7432
0.2523
-1.0804
-0.2706
-5.2528
1.2458
1.2842
-1.4248
-2.4122
-2.9424
-2.6515
1.1908
-0.7561
-1.2903
-1.9878
0.7548
-1.7622
-2.4797
-2.3039
-2.3451
-2.6706
4.3448
-1.8941
-1.2267
-1.8639
3.7628
-1.5836
-0.4344
-1.8894
-1.3540
-1.2307
-1.5674
0.6965
0.8284
1.4549
5.2728
-0.5745
-1.1296
-0.4739
-1.4608
-0.8540
-0.5654
0.3194
3.9515
-0.2790
2.1072
-0.5333
0.3671
0.1608
-0.5142
-0.8133
0.6950
-2.1818
-0.1142
0.0931
-0.2184
-0.3167
0.0319
0.2524
0.1715
-0.5486
-0.6678
0.5180
-0.2610
0.2325
-0.1826
-0.4061
1.4012
0.6939
-0.2804
-0.2387
-0.4215
-2.5379
-0.4450
-1.4039
-0.1358
0.3549
0.1411
-0.1876
-0.8221
-0.0847
-0.4306
0.0261
-0.0878
0.1255
-0.2209
0.3008
-0.1139
-0.4968
0.1215
-0.2053
0.0954
0.5296
-2.7624
-3.5414
-0.7896
-0.8161
-1.6010
0.0894
0.5950
-0.2844
-0.0141
1.7940
1.1337
-1.1197
0.3172
-2.6424
-1.2896
-0.2849
0.3034
2.2939
-1.8050
1.0385
-1.1131
-0.2812
-1.0666
1.0445
1.9578
0.0323
-1.4603
-1.0369
-4.4683
-4.5568
-3.2228
0.9410
-3.1377
-0.9321
-0.0795
-2.4663
-2.7883
-3.0548
-2.3537
-2.9927
-0.9005
-0.2797
-1.2457
0.7960
-2.1920
0.4768
-3.6513
0.5109
-3.8298
-1.3331
-1.2903
3.2538
-0.8616
4.4104
1.3931
0.2667
0.7805
-1.0780
0.7815
-0.9466
0.3688
-1.7449
-0.2089
0.2664
-0.1050
0.1921
0.2052
0.9444
1.8327
-0.0613
0.9507
0.4229
-0.7916
-0.0615
-0.8031
0.4456
0.4206
0.2005
-0.2670
-0.2769
0.1958
-0.2370
-0.3857
-0.3839
2.1904
0.3484
-0.1946
0.0165
-0.0798
0.2460
0.7875
0.7706
-0.3815
-0.0948
-0.1340
-0.7021
-0.4220
0.5058
0.1594
-0.2786
0.0318
-0.1129
0.2588
-0.1623
0.6870
0.1764
0.2234
-0.1064
0.4182
-0.1677
0.9345
0.2868
-0.4696
-0.4177
-2.2909
1.7767
-0.9364
-1.9730
2.8778
-0.2797
2.7288
-2.6036
-0.2339
0.6112
-0.4263
-0.6462
-0.9845
1.3037
-0.7688
-1.8022
2.1573
-1.8101
-4.2340
-1.3018
-0.9435
-0.7313
-1.8353
-2.7774
2.5240
1.4609
0.1184
-0.4976
-0.4217
-1.3401
-1.4388
-0.5905
-0.0658
-3.1761
-0.5393
-3.2118
-2.6890
-0.2095
-1.8399
-3.6999
-1.1969
-1.8274
2.3860
-0.7429
1.6853
-3.1061
-1.8222
-0.3968
0.6558
0.5767
3.0190
0.8990
-0.1084
2.0124
-1.0780
1.9377
-0.3427
-0.4911
0.0703
0.0318
1.8676
1.8321
-3.6635
-0.4257
-0.7989
-0.6702
-1.2661
-1.5540
-0.6937
0.0235
0.2047
-0.0204
-0.1188
0.0566
0.7705
-0.9973
3.0444
-1.0264
0.9109
-0.9193
2.3053
-0.4148
-0.0709
0.5549
-0.0798
0.5137
0.3173
1.3455
0.4952
0.2676
-0.0893
0.2976
-0.9118
0.2187
1.8037
-0.2103
-0.1169
-0.2760
-0.2240
-0.0081
2.8909
-0.6689
-0.0989
0.4668
0.2880
-0.2841
-0.1469
-0.1830
0.2416
-0.3736
-0.1780
-1.6634
-0.4975
0.4609
-0.4617
-2.3825
-1.3828
0.1277
-2.9942
2.7862
-0.3345
-1.6309
-2.0396
-0.0742
-0.8919
-0.7685
0.1693
-1.2512
2.5166
-0.2371
-1.7396
0.4565
-2.1457
-3.9985
-0.4328
0.4925
-0.8226
-2.1411
0.3588
-2.6800
0.1956
0.6310
-4.2146
-3.7511
-5.6528
-5.2011
-0.4097
-0.2019
-1.5599
-3.8585
-3.3356
-2.7286
-0.6575
-3.4965
-2.3853
-2.1673
-0.8763
-2.3508
-1.1234
4.6109
-1.8126
-1.8121
-2.8466
5.5658
-2.6240
-2.0563
1.0394
3.4651
1.7922
-2.9935
-1.5194
0.2990
1.9938
5.3543
-3.2963
-1.3749
-2.5544
3.4060
1.9022
1.9815
-2.1181
4.9970
1.0594
-1.4784
-0.2625
1.2240
-2.7551
1.4941
0.6092
3.0686
-1.0687
-0.0713
0.2312
-0.2006
2.0093
-0.3794
2.2227
1.2954
1.0983
1.6020
-0.3121
1.0932
-0.9148
1.5081
1.8350
-1.0235
-0.1447
1.1198
0.8579
-1.3747
-1.3219
-0.6874
0.2760
0.9217
0.4850
-1.6769
0.2775
0.4302
0.7775
1.0511
0.0352
-0.1300
0.2799
0.4460
0.3507
0.4656
1.9043
1.5018
2.0120
-1.5690
-0.6983
-4.4224
1.4869
-0.3635
-0.2087
2.3049
0.5307
-1.5160
0.9761
1.2832
-3.1027
0.8268
-0.1453
-1.6979
0.2354
0.7839
-0.7286
-1.1465
0.3544
0.8460
-0.6982
1.6678
-1.5203
-1.3688
0.2616
-2.2805
-0.0113
-1.6385
0.0725
2.7731
-2.3054
-0.4782
2.3617
-2.2590
0.5710
-2.7726
1.4255
-3.1409
-1.1479
-1.6144
-2.5464
1.2467
1.1121
-0.6908
-1.8521
-1.7071
4.8349
-1.3876
-1.3751
-1.5693
-2.4425
-1.4660
-2.4026
2.1739
-0.8031
1.6039
-1.2780
0.3585
-1.0112
1.1226
1.0043
-1.3280
-3.1940
-1.2167
-1.7547
-0.9167
-1.3390
1.4672
-2.2256
1.6486
-1.4681
-0.1152
-0.0626
-1.5170
-0.5542
-0.4156
0.4490
-0.4264
-0.3818
-1.0164
-0.3338
-0.7792
-1.9337
-0.5676
-0.4663
0.0478
-0.8517
-1.6362
-0.8346
-0.4379
-0.1128
-0.4261
0.0112
-0.9208
-1.2553
0.1402
0.5717
-0.3946
-0.4821
-0.0630
-0.1948
-0.2607
-0.0674
-0.4666
-0.0090
-0.1589
0.0135
-0.2216
-0.0421
-0.0861
0.0113
-1.6306
0.3457
0.5534
-0.5423
-0.9598
0.2781
1.1739
-2.9685
0.1487
-1.4303
-1.2457
-0.1302
-1.6781
-1.1972
-1.9143
1.7047
-2.0565
-1.0689
-2.1019
-0.1375
-5.1695
0.7040
-2.2678
-3.1459
-1.9389
1.1878
-1.3090
0.7135
-0.6642
-0.5401
-0.2456
-3.8136
-2.6960
2.2290
0.7181
-5.0298
-1.1863
-2.2475
-1.0732
-1.1893
-0.9147
-1.7081
0.0935
-5.6279
-2.3484
0.2497
-4.1689
-2.4822
-0.1643
-3.7938
-3.1450
3.9013
6.5664
0.4641
0.3438
-2.3509
-3.6562
-0.7456
1.4922
-2.5165
-1.6068
-1.3045
-2.0576
0.2590
2.7701
-1.1236
2.3506
0.1909
-2.0483
0.0753
-0.0459
-1.1727
0.7470
-2.0457
-2.1767
1.2078
0.3670
-0.0605
0.9927
0.5415
-0.0548
-1.1762
-1.3536
0.6827
0.1934
2.1100
-0.8693
-0.1972
-0.0563
-1.6708
0.6626
0.3186
0.7545
0.3091
-0.0613
-1.5290
-0.9020
0.2360
0.2880
0.2007
-0.8552
0.7731
0.0293
-0.0839
1.3163
0.9864
0.1715
0.0227
-0.0180
-0.0813
-0.4290
-0.1022
0.0164
0.3049
0.0416
0.3809
-0.7373
1.4084
0.0679
-4.7124
1.8589
-2.3255
0.4111
0.6297
-1.1239
2.2125
-0.3422
-1.8072
0.7166
-1.6878
2.2008
-1.1814
0.7686
0.2948
-0.3371
-1.3557
-0.0761
-1.8746
0.2514
-1.5382
1.2168
-0.8992
0.0563
0.5174
-0.8554
-0.2716
-4.3258
-2.6666
0.3171
-4.0155
-2.1251
-0.6513
-2.7736
-3.3667
1.3930
-3.1728
3.0805
0.6199
0.6170
3.9548
-1.4094
-0.3011
-1.3195
3.6572
2.4805
1.1328
-0.3046
1.4996
-1.4829
0.0856
-0.2260
-1.5262
-1.3400
-1.8202
-0.4664
0.2931
-0.6816
1.3244
-1.9936
-1.1896
-0.8326
-1.5250
0.1821
0.5334
-0.7370
1.4721
-0.7023
-1.4928
0.5542
-0.0782
-1.1430
0.5310
-0.4242
0.0189
-0.0942
-0.0179
1.0243
-0.0970
0.3802
-0.1676
-0.3690
-0.3500
-0.4142
-0.4402
1.2806
0.0736
-1.4691
-0.2602
-0.2350
-0.0386
0.5909
1.1289
-0.7849
-0.8263
0.3426
0.0415
0.4464
-0.2699
0.1276
-0.8550
0.3123
0.0691
-0.0381
-0.1859
-0.2377
0.0670
0.0540
-0.2597
0.2268
-0.3270
1.7345
-2.1204
0.5234
0.8626
-4.3905
-2.1148
-0.8003
-1.2207
-1.0488
1.1869
-1.8048
-0.9449
-0.6160
1.0860
-0.1450
1.7221
-0.4684
-1.7836
-1.2080
1.7867
-0.5161
-0.5413
0.2867
2.1865
-1.2282
-0.5268
0.5988
-2.9281
1.3903
-2.1477
-0.0116
-2.4417
-0.7856
-1.2390
-1.9857
0.5495
-1.7335
3.5408
-0.4000
2.9660
0.6320
1.8228
-1.6430
-0.1290
2.4457
-0.8037
-1.6795
-0.8847
-0.5015
1.9770
-1.4614
-0.5956
-1.1213
-0.0290
-1.0355
1.5995
-2.1599
-0.4595
0.4408
0.2721
-0.0680
-0.4604
-0.7539
0.1892
2.2282
-0.5391
-0.7166
0.2349
-0.0512
0.6396
-0.3266
-0.6160
-0.1489
-0.3332
0.3880
-0.3058
0.2801
0.8468
-0.4724
-0.4442
-0.5143
0.0202
-0.5087
0.8865
-0.1222
0.6734
-0.1792
0.6231
0.5613
-0.1091
0.6349
-0.1434
0.4411
0.2755
-0.1863
-0.5532
0.0027
0.3050
-0.0823
0.0462
-0.0241
0.0848
0.2194
-0.2345
-0.6850
-0.2190
0.0468
0.2955
-0.0013
0.1211
-0.0314
0.0213
0.1564
0.1272
0.1122
-0.6447
-0.3060
0.7052
-1.0440
-1.7905
-4.5424
-0.6964
-1.8933
1.4382
0.2809
1.3581
-3.1267
-0.0906
-1.4074
-0.0362
2.9160
-1.9104
-0.6727
-1.9367
-0.2272
-3.7709
0.6493
-1.5734
-2.4274
0.4576
1.0875
-2.5890
-3.6405
1.2978
-0.4285
0.0102
-2.8464
-1.1215
-4.3658
-3.6506
-2.2666
-3.0400
-1.2995
1.4605
6.7378
-0.6055
-2.5455
-2.7788
-2.2813
0.0342
-1.4653
0.2848
0.0429
0.9149
-0.9295
-0.3247
-2.3618
1.7673
1.0353
3.0975
-0.2120
-0.8431
-0.7289
-1.0105
-0.1805
0.8954
-0.2175
0.5416
-0.7626
1.3525
-0.1942
-0.3197
0.4989
-0.8560
0.5498
0.3055
-0.5165
-0.9131
-0.2372
0.1825
0.5217
-0.5443
-0.3608
-0.0923
-0.5753
0.2012
-0.4182
-0.1908
-0.3508
-0.1403
-0.3350
-0.1989
-0.7060
-0.5771
-0.0816
-0.2427
-0.4589
-0.3765
-0.1574
-0.2907
0.0473
-0.5432
-0.2013
0.0154
0.0355
0.1051
0.1680
-0.3059
0.0023
-0.2006
-0.1388
0.0234
-0.0187
-0.1399
-0.1504
0.1852
0.0443
0.0367
-0.1063
0.1550
1.2650
-0.7946
-3.3208
-0.6833
-4.7569
0.3384
-2.6782
-0.1625
0.5159
1.1716
0.2756
-1.4997
-0.3597
1.2140
2.0370
2.9373
-1.4773
-0.3539
-1.6244
-0.1898
-1.0411
-1.7947
-2.1486
2.4205
3.6452
0.1038
-1.1266
-4.5987
0.6965
0.2513
-0.0796
-1.8654
-0.3212
-0.5488
-2.6921
-2.9914
1.5954
-0.3639
-0.9007
-1.3981
-0.4920
-2.7331
-0.8787
-4.0588
0.6971
-0.7802
-0.6365
-0.9628
-0.3028
0.8573
0.7386
0.1226
-0.3815
1.1638
7.8039
-0.1242
-0.5212
-0.8481
-0.0804
-0.6545
-0.5201
0.5196
-0.1706
0.4738
-0.4171
1.2150
-0.5839
-0.2163
1.1932
2.1997
0.3386
-0.8784
3.3483
0.5847
0.9966
-0.2176
0.6183
-0.2379
0.4274
0.4502
0.0439
-0.2538
-0.2516
0.0037
-0.2105
0.0837
0.1800
0.3665
0.3348
0.0508
0.0230
0.9583
0.1617
0.1696
0.3595
0.1067
-0.5208
0.1693
-0.0533
-0.4988
-0.4660
-0.1221
0.3477
-0.0982
0.0648
-0.2467
-0.0025
0.0268
-0.0094
0.1029
0.3524
0.1922
0.0075
0.3594
0.0392
-0.1767
-2.5692
1.2457
-0.8434
-3.7386
0.3493
-1.1485
-0.6283
-1.1267
-1.4440
-2.2760
1.2951
-0.9235
0.3089
0.0856
0.3458
-5.2759
0.4990
-4.6485
0.7682
-1.8373
0.3981
-2.3285
2.8248
-1.3348
-0.7664
-0.0771
-2.8072
-1.8711
-0.4156
-0.6673
-1.0464
-4.4398
-2.4363
-3.5855
0.0344
2.5939
-3.0750
-2.1911
1.6920
5.1649
2.6110
-4.1040
-2.3712
-2.5267
-0.5052
0.7551
2.1762
-2.3750
-0.7106
-0.1725
0.4818
-2.0911
-0.1603
-0.5910
2.6877
-2.1492
-2.6138
-2.0183
0.2743
-0.7941
-1.9566
-2.4821
0.6363
0.3171
1.0982
-1.0061
-1.0587
-0.8693
2.1812
-1.4230
0.4842
-0.3575
1.0649
-0.1132
-1.4765
-1.1239
-1.6875
-0.4584
-0.8474
0.1914
0.4536
0.0941
-1.4383
-1.4700
-0.0979
-1.7669
-1.7316
-1.0671
0.3030
-0.9356
-0.5372
-0.7318
-1.3245
-0.2506
-0.4905
-0.3415
-0.7765
-0.7478
1.1896
0.8900
0.7643
-0.9905
0.5399
-0.2254
0.4095
0.2735
-0.6508
-0.7470
-0.1741
0.1192
-0.1288
-0.5480
-0.0264
-0.2081
1.1658
-0.2963
-2.0627
1.1428
0.0373
1.1016
-1.4071
-0.8389
-0.2625
-1.4693
1.3029
-0.6907
-0.7503
-0.0164
0.0659
-0.9266
0.7895
-0.7520
0.3094
0.2643
-1.1974
0.1126
0.6512
-1.9287
0.2640
0.5060
-0.8266
-1.4057
2.1612
0.4861
-0.0142
-2.5180
0.3143
-0.3925
1.9304
-2.5885
-0.2274
0.5057
1.3024
-0.4412
-4.5456
-3.2404
-1.4310
-0.5335
1.8160
-1.9724
-0.7639
1.8569
-1.2934
-4.3602
-1.7999
4.3604
-0.8957
1.0348
2.8268
-2.5953
-2.1053
-2.0892
3.7681
-0.2272
-0.7347
-1.3496
-0.8928
0.3090
0.9060
-0.3976
2.0316
-0.5452
-0.6422
0.8663
-0.6007
-0.4349
-0.5633
-0.3039
-0.9953
-0.2465
-0.7959
-1.6167
-0.6875
-0.6168
0.2936
-0.1982
-0.3350
-1.0590
-0.0071
-0.7170
-0.6519
-1.4734
-1.2396
-0.3354
-1.0792
-0.3914
-0.9688
-0.8425
-0.4934
-0.8633
-0.8759
-0.7384
0.0820
1.3945
0.4076
0.5413
-0.6975
-0.3516
0.8692
-0.0062
-0.3534
-0.3625
-0.2712
-0.0245
-0.1218
-0.2850
-0.0409
-0.2176
-0.0042
0.8179
-0.5370
0.8990
-0.1078
-0.7621
-0.5241
-0.7656
-0.3184
0.0729
0.1852
1.3388
1.0175
-1.5834
-2.4321
-1.0931
2.9967
-2.7252
-3.1609
0.4679
1.9606
-2.6643
-0.8017
0.0874
-0.2364
1.9382
1.6341
-2.0631
-1.3789
1.0746
0.7925
-0.1395
-4.1019
-1.4080
0.2286
0.3051
2.7546
-0.4578
3.0306
-1.4644
1.9637
2.7859
-2.9215
3.5328
-1.3472
-0.5748
-0.8967
-1.7226
-3.2372
0.3136
-2.2362
-1.7437
-0.3788
0.2839
-0.6271
-0.4754
-2.2932
-0.7358
-1.4288
2.7071
-0.5033
-0.3747
-0.3365
-0.0701
0.1507
-0.1294
-0.1174
-0.7134
0.0961
-0.0752
0.3642
0.9517
-0.1818
0.8569
-0.3543
-0.5083
0.2689
-0.3527
-0.6776
-0.0351
-0.5953
-0.2112
-0.0087
-0.0408
-0.5672
-0.0573
0.1166
-0.3373
-0.8012
-0.4840
0.0331
-0.3940
0.1508
-0.3731
-0.2580
0.0972
-0.2743
-0.6043
-0.1668
-0.0167
-0.6254
-0.1217
-0.1018
-0.3436
-0.0901
-0.0817
0.2914
-0.1222
-0.1093
-0.1356
-0.0415
-0.1771
0.2727
-0.2289
0.1735
-0.0405
1.4567
-0.1482
-3.3992
-0.1656
2.2344
3.1433
-2.0599
-0.3782
1.6285
-3.6697
0.1061
-0.6174
-3.3828
-1.3626
-0.8501
1.7071
-2.1807
1.8211
-1.8981
0.6869
-3.3140
-1.7434
-2.0984
-0.8065
1.2573
-0.5233
-3.2452
-4.1640
-0.3092
1.2415
0.1074
-3.0120
-0.9870
0.0222
-4.4070
-1.8724
-4.7729
-2.1509
0.1620
-2.3995
1.5687
-0.6545
-0.5840
-0.4212
0.8476
-1.1267
-0.1769
1.9952
-1.5796
-1.4974
0.1247
0.5964
-1.5563
-1.4593
0.0847
-1.4539
-1.9243
0.1062
-2.5374
-0.5594
-0.4783
-0.1482
-1.1388
-0.4512
0.0138
-0.1236
2.7306
-0.0824
0.3275
3.0712
-0.6733
-0.1086
-1.0014
-0.1168
-0.2868
-0.2549
-1.2772
-0.8097
-1.3218
3.9065
-0.0952
0.3243
-0.5154
-0.4816
-0.2168
-0.5575
-0.1071
-0.9373
-1.0081
0.3985
-0.5244
0.3139
-0.3551
-0.3237
-0.3728
0.0611
0.1797
-0.4171
0.2835
1.7351
0.0660
0.6604
-0.2134
0.0431
-0.0240
-0.1026
-0.2234
-0.2313
-0.0549
0.0460
-0.0124
-0.2795
0.3343
0.0205
0.0619
0.4098
-0.4298
-6.3380
0.6254
-2.2569
-1.0927
-1.4600
-2.2633
-3.8223
0.5864
0.2718
-1.2780
-0.9999
1.7833
-1.3433
0.2839
-1.3343
-0.3578
-2.1939
-1.3940
0.3050
0.5050
0.1798
3.0376
1.6949
0.6030
0.2652
-5.0440
2.6929
-0.6649
-0.3709
-6.6038
-7.3722
-4.2282
-5.0448
-1.7387
-2.2406
3.0037
-6.3684
0.3887
-1.3670
-3.5885
-2.8506
0.4001
0.0135
3.4439
7.4928
-0.7860
-1.5179
-1.6619
3.6566
-1.5401
-0.1887
-3.4245
-4.5931
-1.2372
-4.7921
0.7025
-0.2628
0.0020
0.7146
0.3269
-1.5137
-1.6527
-1.8521
1.9106
-0.7454
1.2416
0.2388
2.1966
-2.3306
0.1588
-2.9668
0.6487
-0.4773
-3.6669
-1.8037
-3.2737
-0.8528
0.0795
-1.6320
0.7298
-0.0196
-2.3433
-2.6876
-1.1006
-2.9294
-1.6321
-2.2370
-1.3777
-1.9521
-2.8087
-1.8626
-2.0325
-0.3029
-0.4362
-0.0623
-1.4152
-1.9943
1.4117
1.1010
1.8600
-1.7126
1.0640
-1.4845
0.5729
0.5652
-1.2260
-0.7576
-0.1480
0.2619
0.0018
-0.6867
0.1927
-0.8979
-3.1592
-0.7121
1.3728
-1.8595
1.2001
-0.9922
-0.6285
1.1604
-2.2822
0.7026
0.1825
-2.0277
0.3763
-0.3934
-1.1965
1.5703
1.8126
1.5415
-0.0374
-2.3794
0.4519
0.8726
-0.1324
-1.1264
-2.4233
-1.1010
0.3548
0.7215
-1.4409
-0.9195
-0.2186
-4.7186
0.6996
0.6085
-1.0932
-2.9649
-0.4280
-2.9341
2.4699
-3.2856
-2.5634
1.7417
-1.6116
1.4809
-0.9344
2.3775
-0.9278
-0.8894
-1.2832
-0.1104
-0.7915
0.4682
-1.0704
-0.4050
0.8108
1.6498
-1.3803
-1.6323
0.5193
-1.3233
-0.4739
-0.7186
-0.9900
-1.6906
-0.9257
0.6537
-2.0956
-0.6087
-1.0709
-1.9767
-0.6443
1.2154
0.7074
1.5458
-0.2576
-0.1230
-0.4634
-0.8994
-0.3161
-1.3834
0.3698
-0.6206
0.1523
-0.1227
0.4588
0.5468
-0.3286
-0.8688
-0.1568
-0.5563
0.0904
-0.4761
-0.3016
0.1510
-0.0022
0.3251
-0.7213
-0.1655
-0.6809
-0.1352
-0.4186
-0.4207
-0.7768
0.0109
0.9904
0.0861
0.0499
-0.2471
-0.2953
-0.1725
0.1132
-0.0792
-0.2140
0.0952
-0.5210
0.7811
2.2274
-0.2519
-2.7989
-0.7766
0.0127
0.9530
1.0182
-4.2930
2.0755
-0.1640
-0.1728
-1.8777
0.8685
1.6260
-0.9146
-2.4370
-2.2663
-0.4326
-0.5139
-2.4526
0.1268
-0.2530
-0.4081
1.4100
1.9177
-0.0670
-2.7059
1.6124
-0.9909
-1.0941
-3.5945
2.1963
0.3587
1.7287
0.4141
-0.0845
0.5472
1.5720
-0.2381
-0.9283
-0.3705
-3.9562
-0.6919
0.6014
-0.9320
-0.1279
-2.6914
1.4674
-0.8307
-1.5332
-3.3352
-2.9265
-1.4954
-3.1583
-0.3364
0.4155
-4.0290
-3.2951
-2.0142
-1.3408
-2.2566
-2.9478
-2.1874
-1.6439
0.0333
-2.5714
-1.8145
-2.0205
-2.4289
-2.3907
-0.3133
-1.5772
-0.8607
-2.3140
-1.5689
-2.9120
-2.7267
-1.1880
-1.8875
-0.5970
-0.7116
-1.7779
-2.0970
-1.7669
-0.1385
-1.1520
-2.8658
-2.5593
-1.1740
-1.3310
-0.4557
-0.9468
-1.3771
0.7040
0.1626
-2.3678
-2.0591
-0.8193
0.0551
0.4543
0.6641
-2.1588
0.4256
-0.5495
0.5394
0.4669
-0.6965
-2.1563
-0.8042
0.1590
0.1367
-1.1185
0.3454
-0.6460
-0.3223
-0.2030
0.2671
-0.0297
-0.8521
-0.7567
0.8594
-0.1219
-0.8798
-0.3905
-0.1351
1.5932
0.3922
0.4350
-1.1958
1.2356
-0.1614
0.4641
0.6433
0.6970
0.7351
0.5152
-0.6503
0.5345
0.8830
0.8905
0.5514
-1.5230
0.4615
1.2158
0.1712
-2.2756
-1.0671
-0.4351
0.7156
0.1975
-0.0660
2.3689
-3.9202
3.8783
0.5845
1.2379
-3.2225
-0.7636
2.5020
1.3205
-1.6714
-0.2642
-2.3770
0.4434
-0.3573
-2.7081
0.1435
-2.2586
-0.9149
0.2254
-0.3132
0.2835
-0.6446
-0.3408
-0.5185
-1.4948
-0.2800
-0.5114
-0.7580
2.8650
-3.5276
0.1289
0.4386
0.7282
-0.9350
-0.9421
-1.7001
-0.8247
1.6415
1.3444
-0.6354
-1.8689
-0.0264
-1.0139
0.4560
0.2887
-0.5390
-1.4070
-0.5520
-0.9610
-1.5803
-1.0447
-0.8201
0.5969
-1.3435
-1.7494
-1.1658
-0.6289
-0.2810
0.0206
0.5379
-1.1895
-1.4332
0.1606
0.3145
0.0793
-0.6687
0.2603
-0.3048
0.3513
0.1347
-0.5340
0.0558
0.0393
0.1103
-0.1361
0.0517
-0.1133
-0.1403
0.8948
-3.5893
-3.6383
-2.5768
0.1228
-0.8737
-3.2483
-4.2776
-0.9092
0.6631
0.2842
-1.3168
0.4301
0.2200
0.2833
-2.4952
-1.1469
0.4232
-3.1764
0.0818
0.5660
0.2796
-6.6781
2.1273
1.8643
-0.6328
-0.1060
0.2765
-0.8296
1.3226
0.0847
-1.5759
-2.1341
-1.9698
-0.8254
-2.3857
1.3441
0.2667
-2.8124
2.2889
-2.0427
-0.6464
-2.5010
-0.4502
-1.7084
-0.0827
-0.5230
-1.6198
-0.4953
1.2224
0.1092
5.2730
-0.2257
1.7635
0.0628
1.0846
-1.6208
-1.6538
1.4342
-0.5676
-1.5109
0.2595
-0.3769
0.6858
0.2127
1.0953
-0.7014
0.0881
-0.3299
-0.3430
-0.2659
0.8786
-0.0134
0.0985
-0.9555
-0.5872
-0.3098
-0.3206
-0.1762
-0.0143
-0.1878
-0.6141
-0.6471
-0.1822
-0.1950
-0.0069
-0.6327
-0.0606
0.1207
-0.9036
-0.2492
0.6127
0.0394
-0.0131
0.1431
-0.5202
-0.8741
0.1111
0.0370
-0.0779
0.0863
0.3064
0.1580
-0.2294
0.8782
-0.0055
0.0144
-0.0544
0.2859
0.0091
-0.1390
-0.2334
-0.0794
-0.1407
-0.1318
0.9575
0.3827
-2.0747
-1.8489
1.5073
0.4976
-3.2886
-1.2268
-0.5199
0.3559
-1.6448
-0.8584
-0.1394
-0.8218
-3.3278
-1.2140
-2.8623
-0.4556
-3.6560
1.2195
-0.2978
-0.0548
-1.8291
1.8164
0.3189
-0.6099
-0.1264
-2.2612
-1.0342
0.4827
-0.0520
-2.2084
-3.4323
-3.7260
2.2061
-1.1020
-2.2637
0.7769
0.3226
-0.6209
-0.2916
-2.2788
-0.5883
2.4874
0.5602
2.5340
-1.2953
0.3686
-0.3623
-0.9071
-0.0148
1.2278
-0.9474
-1.1526
2.5556
-0.1100
-1.7875
-0.5472
-1.6147
0.0489
-0.4899
-0.8800
-0.1469
-0.0219
-0.7047
0.1270
-1.8039
-0.4332
-0.3635
-1.4976
0.3745
0.1030
0.5194
0.0565
0.2455
0.4273
0.4841
-0.0411
-0.3623
-0.6226
-0.1433
0.3440
-0.2252
0.3878
-0.3028
0.8637
-0.0693
-0.2197
0.2114
0.1488
0.5866
0.1320
0.5110
0.4877
-0.4502
-0.1887
-0.2811
-0.0545
-0.0579
0.3426
-0.0761
0.3450
-0.3981
0.1374
-0.5684
0.2201
0.1554
0.0311
0.0886
-0.0698
-0.1549
0.1595
-0.1027
0.2716
-0.1573
-1.8217
-1.7212
-0.4675
-0.7300
-2.9461
0.7651
-0.2096
-0.3434
-3.8490
2.2786
1.1515
1.8295
0.4489
0.9682
-2.1327
0.4295
-2.0008
-1.5406
1.7770
1.3822
-0.4239
-2.4827
-1.6623
0.8820
3.0950
1.4639
-1.8590
-4.0579
0.8968
0.1484
-0.3695
-2.2178
-3.6603
-1.1128
0.5846
5.6781
0.5560
-0.0189
0.9235
-1.6170
-1.8027
-0.4741
-1.4446
3.0380
-0.3988
0.1555
-1.4451
-1.9830
-1.7155
6.2009
-1.1271
-3.8933
-1.9742
2.1331
-0.6363
-1.0332
-3.8282
0.5523
-1.7488
-1.3393
0.5414
2.7394
-2.2676
-2.7128
-0.7326
-0.5512
-1.2762
0.4708
-0.3565
1.4864
-0.7186
0.2412
-1.2482
-1.3339
0.7258
-2.2796
-0.9239
-1.4110
-0.6096
-0.4257
-0.9790
-0.3388
-1.1492
-0.8632
-1.6076
-0.2571
-1.3335
-0.7068
-1.0437
-0.9498
-0.8775
-0.6223
-0.7284
-0.4924
-0.5677
-0.4672
-0.4963
-0.4828
-0.2860
1.2149
0.7851
0.7165
-0.6613
0.1455
-1.0904
0.6104
0.1928
-0.5452
-0.4670
-0.2244
-0.0251
0.1093
-0.1808
-0.0842
-0.1804
-1.0722
-0.4325
0.5784
-2.7424
-1.3711
-0.2934
0.9280
-0.2672
-2.4421
0.4515
-0.0063
1.1274
-0.7076
-0.9506
0.9493
-1.2276
-6.2631
-2.1376
0.6537
-0.4821
0.2375
0.1266
-2.4193
0.3198
2.7500
1.5141
-0.8183
0.5003
-0.9746
-0.7863
0.0151
8.5928
-0.5330
-3.2104
-0.5165
-2.1593
1.0840
0.0369
-0.0241
-4.6960
0.3354
-1.5378
0.8203
-0.5217
-1.7294
-1.2929
-0.6143
1.0193
-1.7930
2.1231
-0.8857
-0.6418
-0.5129
-0.6503
3.4295
-0.2535
-0.3320
-0.6528
-0.0123
-0.2674
-1.3421
0.4084
-0.4892
-0.4634
-0.7086
0.1936
-1.0513
-1.3348
0.4190
0.2257
-0.6867
-0.9740
1.0134
-0.5516
-1.7707
-0.1511
-2.5708
-2.0166
-1.3530
-0.1401
-0.2691
-0.1104
-1.0921
-2.0935
0.5990
-0.8125
-0.1751
-2.1446
-1.9878
0.5779
-1.4000
1.1686
-1.4699
-1.3279
-0.2684
-0.2641
-0.1216
-1.1816
0.0777
0.2971
0.6504
-0.1543
-1.4357
0.1934
-0.1439
-0.8807
-0.4190
-0.1216
-0.7413
-0.5001
-0.2845
-0.3234
-0.0045
-0.8395
0.0638
0.3268
-2.4341
-0.2222
-2.3787
-1.3666
2.3343
-1.0566
0.7055
1.5226
0.7091
1.1909
0.1055
-0.7200
-0.0012
-0.5205
-0.4530
-0.9793
0.0149
-0.6898
1.1973
-1.3660
-0.1727
-2.1119
1.9491
1.4577
-1.2577
-3.1723
-1.5288
0.2023
0.6234
-0.0774
-2.3127
-1.2636
-1.6710
1.2162
-0.1183
0.4372
1.6860
-4.1146
-1.0761
-3.4894
0.0597
1.3730
-3.7258
0.1848
1.0140
2.8164
-0.7128
-0.5565
-0.0647
0.3373
-1.8796
0.0591
-5.8197
4.9989
0.7001
-1.4941
-0.2928
4.4174
0.4425
-1.8883
-1.4716
-0.3840
-1.2427
-0.2237
-0.3022
-1.3971
-0.5556
0.4585
-0.3847
-0.3677
-0.1014
0.9946
-1.0828
1.7061
-1.0407
0.1741
-0.9801
0.1779
-0.6171
-0.1841
0.1323
0.3224
-0.8542
-0.8805
-0.4414
-0.8606
-0.9403
-0.8241
1.2494
-0.9524
0.8400
-0.8615
-0.3385
0.0818
1.0500
0.0467
-0.6429
-0.5190
-0.0622
-0.3505
-0.1689
-0.2564
-0.1275
-0.1410
-0.4609
-0.1041
-0.1785
0.1939
0.5749
-0.5926
-0.2257
0.0433
-0.1776
0.0981
-0.7868
-0.8982
1.2784
0.0817
-1.4325
-2.4559
-1.4649
-2.2182
1.5656
-1.0041
1.9158
-4.7209
-3.1285
-1.7313
-0.2528
2.8221
-0.7770
0.5631
-3.3144
-1.4335
-0.5385
-1.5957
-3.5722
1.2881
-2.0720
1.7321
1.5020
-2.0332
1.1786
-2.0762
0.1077
-3.4046
0.7485
-2.8971
-2.6887
0.3937
-2.1104
1.7465
0.1387
-1.1396
-3.1988
2.7050
-2.8793
2.2891
-2.2510
2.0610
2.3078
-1.0396
-0.8131
0.4677
0.6281
-2.0658
-0.2798
-1.2320
-3.6537
2.5061
-1.9928
-0.5299
-2.0563
-0.0924
1.0063
0.5114
-0.2788
2.8863
0.9796
-0.2070
0.1097
-0.1190
-0.6855
-1.1080
-0.4169
-0.2365
-0.1895
0.6683
-0.5414
-0.8291
-0.1496
-0.9454
-0.1573
1.5497
0.9048
-0.2440
-0.4165
-0.7568
-0.4109
-0.3100
-0.6307
-0.7583
-0.7221
-0.0642
-0.5890
-0.4750
-0.6329
-0.4985
0.3444
-0.4075
-0.8692
-0.2743
0.0903
-0.0990
0.5542
0.1960
-0.2257
-0.2289
0.1911
-0.0960
0.0883
-0.0335
0.1135
-0.1843
0.0244
-0.0335
-0.1107
-0.2295
0.0693
1.8389
-1.2766
-2.9156
-0.0959
-0.6550
0.8049
-2.8364
0.5526
0.3756
-1.5302
0.6680
-0.4794
-1.5483
-1.4936
2.1454
1.1182
-1.0975
0.4381
-1.2813
-1.0106
-0.5577
-0.3715
-2.0854
1.8497
2.7938
-0.2872
0.3962
-2.4522
1.2110
1.1494


Weights 1->2:
-0.4549
-0.7525
-0.7816
-0.4382
-0.7022
-0.7312
-0.9172
-0.5260
-0.7795
-1.1341
-0.3011
-0.8879
-0.7175
-0.3261
-0.4809
-0.3542
-1.2429
-0.5613
-0.7323
-0.7743
-0.8255
-0.7855
-1.6403
-0.4120
-0.4674
-0.5697
-0.6765
-2.6623
-0.4350
-0.5197
0.8284
3.2537
2.7964
0.9635
-1.0408
-1.8695
2.4160
3.4513
-7.2555
1.2437
-2.2132
3.7133
1.7953
0.5249
-0.0073
4.4186
3.2981
-1.0949
2.7340
-2.4623
1.9203
1.2830
5.3858
-3.1517
-2.2201
1.8844
0.9493
-4.0580
-0.7771
1.5208
-0.3037
-2.0459
-1.9383
0.8774
2.0940
0.1592
0.8598
-1.9831
-1.0103
-1.0679
1.8724
-1.4649
1.4188
-2.3155
1.6898
-0.8487
3.4885
0.4059
-0.0328
0.6082
4.7978
2.7746
4.3110
3.0298
-2.7258
-0.7592
2.1074
2.5906
4.3278
1.2071
1.1593
-0.4924
0.6521
-0.9954
-0.2342
2.6275
-1.5843
-0.8060
-2.1842
-1.8078
0.3291
2.3438
1.6024
-1.3440
1.1368
-2.6420
3.9707
1.6603
0.4825
1.9079
4.2150
1.4467
4.5155
2.4546
0.1909
-0.1867
3.3736
1.3641
0.0061
1.5644
-3.9873
1.5553
-1.7409
-0.5132
-0.0679
0.6672
-0.5317
-2.0598
0.3229
-0.5004
1.2368
1.2799
2.4193
-1.1778
1.0235
-4.3374
3.3297
1.0206
0.4053
0.6192
4.4460
0.6370
4.4853
1.2307
1.3075
0.5365
2.7750
2.6485
2.6383
1.5930
1.0078
1.9060
3.6449
-0.4080
0.2810
0.4595
2.2320
0.4774
-1.1122
-2.2170
1.1498
2.1962
-2.5880
1.8790
0.5544
0.4091
3.6108
1.4025
1.0424
2.2010
-1.4436
0.5990
5.5315
-0.5288
-0.9648
0.0997
1.3263
3.1694
-0.4625
-1.2230
0.3490
1.1813
2.7498
-1.8713
0.2799
0.8796
2.2121
-0.5253
-2.6769
-2.3751
-0.6363
1.4451
-2.0016
3.2420
0.7414
2.0174
2.0144
2.6425
2.2044
1.0287
-0.2505
1.0598
5.1868
-0.3321
1.7986
-3.2211
3.9955
3.8528
-0.0359
-1.5750
-1.0010
1.1181
2.4929
-1.4525
-2.5773
2.8781
1.4000
-0.9517
0.2346
-2.7699
1.4227
1.8656
-2.3124
-0.6200
-1.6212
-0.1399
2.3423
2.9048
1.8225
1.2647
0.5939
1.2667
5.3185
-0.6833
1.0819
0.8446
-1.3037
3.0317
1.2422
1.3339
1.0412
-3.8926
-0.3232
1.8750
1.4264
4.2598
-0.9104
-0.2900
-0.4489
-3.2032
1.7504
-1.8557
0.8433
-0.7851
1.7064
0.5304
4.4949
0.8176
0.4932
0.7251
4.1321
1.7096
4.1248
0.3593
-2.3658
-0.9369
1.9497
0.8944
-1.5453
1.4892
0.1686
1.5111
3.6963
-1.1963
0.5155
2.3412
1.1882
-0.2198
-0.4958
-4.0588
0.6024
1.5304
0.6918
-0.3854
2.0085
-1.4347
1.6636
2.3551
1.8114
0.3909
-0.2168
0.8927
5.0028
1.3352
2.0424
-1.6492
0.6990
2.6607
-1.5880
-1.1230
-0.5977
0.4120
2.9065
0.5554
0.6811
-0.4463
1.5388
-1.5509
1.1507
-2.6591
-0.1666
1.7667
0.1691
0.4500
1.0538
-0.7557
1.6711
1.0012
3.7922
1.9912
-1.6125
0.4456
4.5778
-1.5413
0.0692
-0.0164
1.6464
4.0393
0.0978
-0.5672
1.2797
0.9382
2.3873
-2.7370
-0.7439
0.1542
1.2615
-1.4430
-0.9985
-5.5626
0.3388
2.8282
0.8843
0.6056
4.9796
-1.2608
-1.6189
2.2375
3.6847
-0.9852
0.9783
3.6466
4.7189
0.0558
1.3755
-1.4932
-0.1740
0.8938
1.2752
-0.7829
-2.1817
2.4343
-0.5227
-0.4052
-0.0693
2.6669
1.6103
0.6459
-2.1043
-1.9473
2.4967
-1.5302
2.8687
-2.3669
-0.5920
-1.6346
3.5549
-0.0781
1.1869
2.4927
4.2929
0.2065
1.6831
2.8590
0.2076
0.2878
1.5556
2.7623
2.2088
-1.7906
0.3684
-0.2235
2.9061
-2.0405
0.5178
2.0111
1.6033
-1.6644
-0.6851
-2.9192
1.1858
1.1098
0.4880
0.4672
-0.7940
-0.1301
1.0734
2.0726
1.3690
-0.2256
0.3367
1.5114
4.0592
-2.3026
-0.2128
0.9247
1.9368
3.2906
0.2787
1.1277
1.2319
3.7424
0.3355
-0.2382
0.0600
2.3053
0.3587
-0.9288
2.5632
-3.4491
0.7107
1.2194
-0.3276
-4.7658
-0.0984
-1.8378
2.8890
3.2351
-0.9497
-0.3612
1.5742
2.3705
4.0767
1.4012
1.9448
-2.3308
-1.1563
2.2844
0.1824
1.6209
1.3626
1.1658
1.2023
0.3815
0.6179
1.0535
2.0518
-1.2900
-0.4090
-3.9970
-0.1557
0.0097
1.1526
2.5383
-0.7976
-0.3494
1.3224
2.4454
2.0259
-0.0029
-1.8671
-0.4584
3.6616
0.8006
-0.6028
0.4111
1.5616
3.7705
-1.5635
-0.0221
0.8084
1.7000
1.8770
2.4147
0.4611
0.9829
0.6225
-1.1497
-1.8791
-4.6956
2.0569
1.8582
0.4363
0.1179
3.9633
-0.8064
-2.3157
3.7352
3.3136
0.2445
0.5351
-0.1530
3.8050
0.1227
0.7491
0.6221
-2.2013
-0.3558
0.5836
1.0890
0.0731
1.4652
0.9846
-2.3899
2.2144
1.6734
1.8101
-1.2560
0.1923
-2.6998
-0.5987
0.4703
-2.7784
-0.2998
1.3861
0.1416
1.9261
2.3189
-1.2328
2.1408
0.1561
0.8990
2.5481
-0.8827
-0.3949
-0.8533
2.5972
3.6129
-0.9536
0.6084
1.8821
1.3934
2.0774
1.7415
-0.5108
-2.5263
1.5521
1.3568
1.0416
-0.1475
-1.9985
2.0102
1.4505
1.7418
-1.0854
-0.4556
2.7160
-1.7852
1.3930
-1.3040
0.6872
1.1367
4.7826
-4.4204
-0.7349
3.1396
0.7653
-1.2662
-1.4996
-0.1679
2.5615
2.0098
1.3139
0.0201
0.5542
1.9704
-0.1796
-0.1703
2.1376
-2.3540
-1.2740
1.5779
-1.6287
-0.8555
-1.2548
1.5835
1.2820
1.4675
-1.8167
2.8745
0.4027
-1.9130
3.3049
-0.0510
0.8918
-1.1879
1.5282
2.1397
0.5438
1.8449
1.4372
-0.4879
-0.0790
0.2117
-1.0813
2.3202
1.2028
-1.6366
0.6945
-3.0048
1.6039
-2.1930
1.6248
1.3843
-2.3146
0.3974
1.2427
2.9897
2.2902
-0.1099
-1.9092
-1.6695
3.1007
0.9377
1.6947
1.6039
0.7589
2.9148
-1.5080
2.4777
-0.1664
-1.3778
-5.2756
0.8477
0.7689
1.6230
-1.9493
-1.2901
-2.3633
-2.0058
2.5703
-0.1320
0.5267
-0.4597
-0.4806
0.5432
2.0996
1.4606
-3.3832
2.0155
4.5561
2.6879
-1.2000
4.1371
3.8509
-0.0644
1.4837
0.7264
1.4989
-1.0370
1.4728
2.2335
1.0580
1.5971
-0.7265
-3.1429
1.2923
1.7765
-2.3928
-0.5339
-1.9307
2.7164
0.4944
1.4197
-0.5139
1.4970
2.4934
-1.2076
0.9414
-1.5120
0.9504
1.3951
3.3174
-3.2819
-0.4561
1.8663
1.2463
-2.6667
-1.9573
0.2551
0.5578
-0.4825
-3.7960
-1.4231
0.3982
2.6068
-0.6572
-2.4197
-1.6945
-0.9008
4.7901
-1.7470
0.1786
-0.3790
0.8629
-0.2349
1.6333
0.1684
-2.3967
1.4666
3.7536
1.3713
-0.5970
3.5198
2.5477
0.8785
2.4612
1.1973
0.4117
-0.2538
0.2021
-2.1544
-1.9640
-0.3696
-2.3267
2.0788
-0.4660
-0.2421
-0.4800
-1.6913
1.2459
-2.6721
0.8900
0.2500
0.5911
4.9483
2.8275
-0.6237
0.0388
2.3201
2.5866
1.2008
-1.3020
5.2639
-2.2216
1.4647
1.6686
1.9032
1.0053
-3.2437
1.4954
0.3159
0.8041
-1.3056
2.2156
2.5437
2.7417
-0.4072
-1.6980
-4.5738
1.1236
-0.6569
-0.0712
0.8909
-0.6608
-0.8088
-1.4886
2.3704
0.4435
-0.0113
-0.4311
1.1993
2.7485
-1.3044
3.0556
0.6757
0.9139
0.5836
0.0062
2.1004
0.9902
2.6942
0.5960
0.4976
0.7411
-2.9184
2.9258
-0.6214
-2.5930
3.5071
-1.5743
-0.2431
1.5195
1.0520
0.8787
-0.6396
-2.7365
-1.9347
-1.2927
-1.2753
0.5207
0.1670
-0.0508
-1.1723
-0.0181
-0.4061
-2.5803
1.4700
-0.9075
0.4141
0.3113
-1.2717
0.1432
-0.5989
0.8798
-0.5521
0.1998
1.4165
1.8570
2.9585
0.1257
0.1570
-1.0441
1.2698
-0.5843
0.5185
-1.3124
-0.8438
1.0572
0.6913
-0.4685
-1.6230
-2.7412
1.2407
0.6669
-0.2215
-1.5903
2.0509
-0.7095
2.1220
1.2389
-0.6526
-2.0235
-0.0473
-1.3148
-0.1905
-1.4251
3.9453
-2.1193
-0.9821
1.6243
-0.7609
-0.2820
0.5856
-0.8913
0.6193
3.2631
0.6026
-1.7122
-0.3802
3.3445
0.1071
-3.1774
2.2216
0.0611
0.2294
2.8697
-0.3079
4.1000
0.3240
-0.0491
-0.7945
0.2564
-1.4434
-1.0986
-0.4530
-0.9594
1.2677
2.0860
4.2128
-0.4172
-1.6986
-0.7948
-0.2702
-0.4866
0.0636
-3.6684
-1.3196
-1.1433
-0.1707
-1.3389
-0.7404
-1.9135
0.2477
-0.2563
-0.2968
-0.5041
1.9010
-0.3445
-0.7531
-0.2320
-0.8584
-0.0202
-1.0021
-0.2090
-0.1398
-1.0752
0.9744
3.0803
3.9149
-0.0772
-1.5364
-0.8574
-0.5606
-0.2399
-0.2504
-1.0404
-1.0318
-0.9123
-0.2191
-1.1614
-1.0885
-2.4118
0.8151
-0.0308
-0.6369
-1.8710
1.9051
-0.2813
0.0299
0.6733
-0.7385
0.9864
-1.3007
-0.0784
-0.4660
-0.2108
0.5367
3.2002
3.2123
0.1653
0.7790
-1.4052
0.8019
-0.0282
0.1231
-1.8714
0.0457
0.1512
1.2730
-1.7741
-0.6667
-2.5647
-0.2667
0.2518
-0.5130
-2.2041
1.9141
0.1897
1.4673
1.8466
2.2498
0.8996
-0.2641
-0.1518
-1.6168
0.7610
0.3132
-2.6136
-0.7224
-1.1510
2.0528
0.9187
0.5986
-0.9420
-0.3678
1.6680
-2.3039
1.8412
-1.5210
1.2804
1.8499
2.5577
-2.6020
-0.1922
1.0098
0.4581
-3.9014
-2.0248
-0.4412
-0.5439
-0.9968
-0.9312
-1.5431
0.7345
0.6175
-0.2109
1.0337
1.5639
3.6762
-0.6923
-0.4021
-0.4793
0.0731
-0.3778
0.7617
-1.8998
-0.2098
-0.5798
-0.1266
0.4932
-1.6066
-2.7710
0.8618
-0.3770
-1.1866
-0.5185
1.6506
0.5642
0.2282
-0.7490
-0.9440
1.3499
-0.8290
-0.3529
-0.0132
-0.4771
0.0669
2.1241
2.2827
-0.5368
-1.0932
-0.1982
-0.4939
-0.3897
-0.4823
-1.5187
-0.2157
-0.5191
1.2203
-0.1684
-0.3187
-2.5682
0.1001
-0.0921
-1.4316
-1.2796
2.1322
-0.2554
0.0507
-0.7146
-0.9533
0.6041
-1.0028
-1.2463
-0.1013
-0.7772
0.4196
1.0758
2.8291
-0.9028
-1.9203
-0.4654
-0.4809
-0.2966
-0.4040
1.4141
-1.8681
-0.8578
0.7108
-1.8562
-1.2487
-2.0525
0.4028
-0.4824
-0.9642
-1.8474
1.5188
-0.3423
-0.6810
0.2246
1.9898
-0.3991
2.3981
0.9171
-0.7919
2.9442
1.1061
0.3312
-0.4842
-1.3482
-0.1976
0.4392
0.6237
0.3121
0.8090
0.4667
-0.4351
0.8573
-0.2921
0.7924
-0.2899
0.2813
-0.3132
0.0232
0.1198
0.2038
0.9645
0.3115
0.2674
-0.6725
-0.7670
0.7359
-0.8176
0.1570
-0.5466
-0.4503
-0.1717
2.0132
3.4056
-0.0867
-1.2522
-0.4006
-0.5339
-0.2463
-0.3188
-1.4808
-0.4347
-0.8286
0.4237
-0.9178
-0.8986
-1.5389
-0.2135
-0.3125
-0.6582
-1.5703
1.5334
-0.1854
-0.2748
-0.1713
-0.8039
0.2714
-0.4334
-0.9135
-0.2705
-1.0013
0.4725
1.5145
3.7220
-0.6676
-1.8841
-0.9827
0.1296
-0.4010
-0.1373
-3.1662
-1.1914
-0.9084
-0.5807
-1.8844
-1.1760
-2.2675
0.5196
-0.0502
-0.3409
-1.1840
0.8678
-0.5367
-0.6419
-0.1808
0.2384
-0.4478
-0.0254
1.9777
0.3663
-0.7763
-0.8800
0.1487
-3.1125
0.0508
0.9591
-0.1450
0.0046
1.4675
-0.3297
0.9667
-0.0705
0.4619
1.1696
-1.1441
0.3010
2.2464
-1.1565
-2.1266
3.1700
-0.2585
0.3083
-1.9828
-1.5295
0.6963
1.8737
0.2898
0.9187
1.3013
-2.6382
0.5727
0.8229
-2.2814
-0.4872
-0.9346
2.2366
0.4626
1.9818
-0.2291
0.2985
0.9673
-2.1759
0.4657
-1.7616
0.0711
2.5248
1.7106
-0.9304
0.4800
0.2019
0.2671
-3.0499
-1.1080
0.0498
-0.0385
-0.4386
-0.2971
-0.9972
-0.1597
-0.6193
-0.7442
0.4450
1.8904
3.9706
-0.3633
-0.9923
-0.7163
-0.3559
-0.2420
-0.0040
-0.6569
-0.3605
-0.6905
1.7302
-0.2272
-0.9143
-2.8751
0.0546
-0.2584
0.7068
-0.7508
0.3134
-0.2089
-0.3984
-0.6544
-1.0677
0.1581
-0.5973
0.6968
0.7025
-0.8843
0.8853
1.2023
3.0199
-0.6725
-1.8355
-0.8766
-0.2854
-0.2754
0.1662
0.8486
-1.1057
-0.1347
0.2565
-0.7312
-1.0663
-2.5203
0.3230
-0.5913
-0.5947
-1.1656
0.7545
1.5135
0.9417
-0.4928
-0.7141
0.0284
-0.8870
-1.0608
-0.2678
-0.9937
0.1644
1.7130
3.7815
-0.4077
-1.9008
-1.0010
-0.2814
-0.3851
-0.3283
-0.8958
-1.2705
-0.7901
-0.3395
-1.7944
-0.8667
-2.2847
0.1559
-0.4216
-0.3480
-1.1941
0.7117
-0.3856
-0.7031
-0.5932
-0.7910
1.0609
-0.6762
0.0988
-0.2580
-0.4958
0.5214
1.9984
1.6254
-0.9398
0.5920
-0.8107
-0.1883
-0.0462
0.1928
-1.5142
-0.3451
-0.7348
0.7428
-1.1334
-0.9348
-2.0643
-0.0924
0.2719
-0.4757
-0.9866
1.4926
0.2263
0.2711
-0.6172
-0.7850
0.7607
-0.2161
-0.7134
0.5081
-1.0155
0.9132
1.6936
2.3581
-0.8846
-1.4223
0.0501
-0.2782
-0.3432
-0.1191
-0.4149
-1.1104
-0.6942
-0.4203
-0.6598
-0.9990
-2.7942
0.4517
-0.0557
-0.3241
-0.7475
0.9531
-0.4580
-0.2634
0.1827
-0.6559
-0.6045
2.8792
0.5020
-2.3607
-0.0620
0.7180
0.0994
2.4677
0.6261
1.7832
1.0215
0.0728
-0.2206
1.5513
-1.6288
-1.0143
-0.5537
-1.2646
-0.6955
-0.5227
-3.0418
0.3442
0.5163
1.6299
-0.3309
-2.7590
0.8203
1.0142
0.1568
-0.0551
0.5635
1.8368
0.9188
-1.3997
-0.0132
0.3635
0.5159
1.2157
-0.2794
0.7924
0.3839
0.3248
-0.0839
0.1667
-1.2522
0.1867
-0.3647
0.6668
-0.8160
-0.5328
-2.1857
-0.5427
0.1090
0.3119
-0.2043
0.7115
0.2603
0.0132
-0.0938
1.0058
-0.2974
0.9106
-0.5288
1.0117
0.6407
0.4596
-0.6810
1.3866
-0.6501
1.5512
0.7924
0.7605
0.6625
-0.1623
0.4583
-1.2431
0.6771
-1.0601
-0.4039
0.7561
1.2379
-1.2291
-0.0129
-0.5215
0.5122
-3.5775
-0.0019
-0.1083
-0.8956
-0.1804
0.0738
0.5486
-0.0311
0.6229
1.7327
0.5488
-0.1200
-1.6608
-0.5904
0.4599
2.9593
-0.6296
0.3162
0.1856
-0.5337
1.8798
1.9362
0.6198
0.5599
-0.9861
0.3033
0.3340
-0.2475
-0.5315
1.0028
-1.2895
-0.5003
-0.0461
-0.7751
-0.3797
-0.8318
-0.6287
-0.4409
-0.4882
-0.7737
-0.5441
1.7409
-0.3222
-0.1397
-1.3075
-0.8410
-0.3021
-0.2052
-0.1237
2.4486
-0.8765
-0.7622
-0.1069
-0.7545
-1.2082
-2.4311
-0.4033
-0.3067
-0.0311
-0.5607
0.7655
-0.4103
-0.2677
-0.4751
-0.7520
-0.3847
-0.7419
-0.7585
-0.3378
-0.7783
-0.0629
0.7811
3.2602
-0.4559
-1.3043
-0.7695
-0.2314
-0.5947
-0.2391
-2.2512
-0.8589
-0.6205
-0.7471
-1.3348
-1.0397
-2.0449
-0.0551
-0.4115
-0.7154
-1.3193
0.4695
-0.3592
-0.6134
-0.5522
-0.8267
-0.5049
-0.0992
-0.3097
0.0464
-0.6295
-0.0209
1.7050
0.8537
-0.0120
-0.1580
-0.9179
-0.2925
-0.4680
-0.2216
0.0671
-0.3157
-0.6649
-0.2373
-0.1576
-0.7975
-2.0847
0.1419
-0.4064
-0.7465
-0.5956
0.8417
0.4902
-0.0885
-0.0131
-0.2260
-0.1711
2.3512
0.4887
-1.0452
-0.0182
0.4596
0.5765
1.1888
-0.1225
1.4535
-0.0962
0.3563
-0.1922
0.1922
-1.0539
-0.0544
-0.4508
0.7936
-1.0591
-0.3307
-2.5676
-0.4903
0.2011
-0.1347
-0.7051
-0.0240
0.0131
0.2629
-0.0318
-0.5198
-0.7962
0.3404
-0.3532
-0.5327
-0.5462
-0.1474
0.6162
0.8587
-0.0933
-1.2954
-0.4216
-0.1470
-0.4357
-0.3251
-0.9298
-0.5501
-0.6536
-0.1291
0.2255
-0.2667
-1.9510
-0.2349
-0.1991
0.3286
-0.3836
0.4012
-0.3322
-0.1288
0.9697
0.7127
-0.4307
0.8566
-0.7526
-0.9331
0.7970
1.2754
-0.8219
2.0267
-0.3419
-0.5041
1.3278
0.5430
0.7669
1.1684
-0.4227
-0.5687
0.2095
0.1892
0.1262
1.2106
-1.3056
-0.1518
0.4989
1.4997
-0.3153
-2.8759
0.4020
0.0718
-0.3456
-0.5169
-1.1212
-0.0583
-0.5428
-0.1792
-0.8420
-0.4713
1.4627
-2.1354
-0.2695
-1.1709
-0.6911
-0.2840
-0.1444
-0.0993
-1.3208
-0.7968
-0.6971
0.3616
-0.9886
-0.7537
-2.1959
-0.4027
0.0431
-0.2116
-0.3172
0.9523
-0.4084
-0.3476
0.1783
-0.3708
-0.7470
3.5778
1.1268
-1.2625
-0.4604
0.3906
1.4530
0.6432
0.0111
1.2594
0.7066
0.7953
-0.1294
0.8219
-1.2411
-0.8958
-0.3417
-0.5936
-1.1964
-0.2513
-2.7861
-0.3631
0.2582
-0.1221
-0.3146
-2.5350
0.4168
0.2836
0.0463
-0.3848
0.0265
3.0320
0.4294
-1.1465
-0.7529
-0.3119
0.3410
1.4610
0.0172
0.2796
-0.3942
0.3792
-0.1008
0.1813
-1.4145
-0.4367
-0.4251
-0.4634
-0.7186
0.1443
-1.9495
-0.0750
0.3274
0.1617
-0.2421
-1.0426
0.0088
-0.0194
-0.4364
-0.5454
-0.8102
-0.2447
-0.6954
-0.7324
-0.7334
-0.4814
0.3993
1.1388
-0.3644
-0.8454
-0.5870
-0.2406
-0.3059
-0.2099
-1.4551
-0.6009
-0.6681
-0.5005
-1.0029
-0.8476
-2.1839
-0.1961
-0.3344
-0.2082
-0.5029
0.3337
-0.1521
-0.6138
-0.0410
-0.3859
-0.1446
1.5940
0.1326
-0.6762
0.3688
0.0892
1.2314
0.7398
0.2747
0.3725
-0.0322
0.0771
-0.1008
0.1120
-1.2409
-0.1876
-0.3330
-0.6243
-0.3511
-0.5685
-2.0383
-0.0302
0.0197
-0.2227
-0.4979
-0.4816
-0.0929
0.1128
-0.5084
-0.7349
-0.6511
-0.4518
-0.6679
-0.8085
-0.8389
-0.5448
-0.1137
3.3314
-0.5453
-1.0864
-0.6605
-0.2583
-0.4071
-0.1808
-2.1456
-0.7789
-0.7609
-0.8861
-1.0395
-0.8551
-2.1075
-0.3006
-0.4262
-0.7815
-1.0364
-0.4957
-0.3826
-0.3488
0.0491
-0.1766
-0.4762
1.5147
0.5957
-0.9198
0.2858
0.8450
0.4478
1.4920
0.0450
0.9484
0.7106
0.7112
0.2460
0.4314
-1.5137
-0.4681
-0.3389
-0.2489
-1.0865
0.1092
-2.3558
-0.4038
0.2615
0.7480
-0.4753
-1.3619
0.3090
-0.0583
-0.1968
-0.4226
-1.1487
1.4002
1.2422
-0.3990
-0.0538
1.1459
-0.1161
1.8783
-0.5774
1.1229
0.5817
0.0694
0.3660
0.4619
-0.9904
-0.6814
-0.5555
-0.7120
-0.9950
-0.1639
-2.0126
-0.3975
0.0072
0.8433
-0.8643
-1.8763
0.6064
0.0080
0.1606
-0.0143
-1.0783
-0.0844
0.6445
-0.4173
-1.0256
-0.1012
-0.5372
-0.6514
-0.1122
-0.9014
0.9856
-0.0004
0.4480
0.2459
0.7113
0.8612
0.0458
-0.7148
1.4043
0.3038
-0.1406
0.1294
0.0730
1.5136
0.2370
-2.4499
-0.3184
0.2653
-0.2105
-0.7179
-0.1656
-0.1270
-0.1738
-0.0726
-0.5111
0.6334
1.5151
-0.0781
-0.1137
-0.4064
-0.4555
-0.3653
-0.2853
-0.0930
-1.1542
-0.3879
-0.5625
-0.6561
-0.6296
-0.9183
-1.8888
-0.1799
-0.1963
-0.3914
-0.4372
-0.1519
0.5796
-0.1676
-0.1495
-0.6237
-0.1860
-0.0570
-0.1751
0.0803
-0.4694
0.7612
0.3471
0.1168
-0.3697
0.7438
0.0782
-0.0510
-0.0797
0.1567
-0.9676
-0.6191
-0.7480
0.8557
-0.0964
-0.5530
-1.5922
0.1389
0.1880
0.0720
-0.2604
-1.2297
0.5640
0.3017
-0.0436
-0.2651
-0.4227
2.0532
0.2619
-0.9813
-0.2226
-0.0788
0.1233
1.6758
-0.0848
0.1734
0.4743
0.1614
-0.2708
0.2248
-1.5165
-0.4538
-0.5548
-0.4884
-0.5533
0.2623
-1.5636
-0.3606
-0.0155
0.6989
-0.5781
-1.7046
0.0210
-0.3955
-0.2076
-0.6904
-0.7435
-0.1654
-0.7138
-0.3753
-0.9731
-0.2909
0.0223
2.4670
-0.2931
-1.0885
-0.3641
-0.2752
-0.4404
-0.0327
-2.1034
-0.7734
-0.7969
-0.6991
-0.4470
-0.9721
-1.5395
-0.3944
-0.2757
-0.1091
-0.5544
-0.4685
-0.3728
-0.3671
-0.6371
1.5165
-0.4554
-0.9862
1.8463
-1.1297
-1.1686
-0.6716
-1.0690
-0.7603
-0.6563
0.0111
-0.1989
-0.3667
-0.5155
-0.3141
-0.2314
0.2410
-0.8955
-0.0178
-0.7963
-0.1971
0.8734
0.0993
-0.6645
2.1253
-0.6957
-2.6578
-0.4332
-0.4850
-0.5054
0.1836
0.5873
-0.0429
-0.7423
-0.2880
0.1341
-0.0184
0.2665
-0.2221
1.9249
-0.9985
0.0146
-0.1568
-0.3923
0.6629
0.7581
0.4130
-0.1285
-0.4538
0.1682
-0.0658
-0.5588
-0.2624
-0.2856
-0.6748
0.2243
-2.1862
-0.0072
-0.3898
-0.4512
-0.0970
-1.0704
-0.4730
0.6470
0.1917
-0.2427
-0.5784
-1.0785
-1.3707
-0.2426
-0.2732
-0.3934
-0.1070
0.5807
0.3378
-0.5955
0.9516
-0.4251
-0.6609
-1.1622
0.9526
0.5949
0.5947
-0.1490
0.3058
-0.8556
-1.6726
0.8923
-0.1532
-0.3434
-0.6387
-0.2392
1.4853
-0.1272
-0.6203
-0.2905
0.3597
0.2438
1.6840
0.0464
1.4736
0.1267
0.0979
-0.2461
0.0402
-1.3991
-0.4738
-0.6602
-0.5028
-0.7855
-0.2570
-2.0509
-0.1971
-0.1713
-0.0122
-0.1809
-2.1563
0.0296
-0.1826
-0.6794
-0.1113
-0.7545
-0.0796
0.2916
0.2934
-0.7668
-0.3564
0.0267
-0.5633
0.1765
1.0276
-0.1077
-0.3387
-0.4100
-0.1131
-0.8470
-0.1715
-0.2611
-0.7330
-0.3185
-0.5846
-0.4639
0.5538
-0.1614
0.2754
1.2170
-1.9603
0.8220
-0.3538
-0.3221
-0.7453
0.1874
-0.4480
-0.7973
-0.4634
-0.8511
0.2356
0.8058
2.2778
-0.2725
-1.1462
-0.6303
-0.1103
-0.4340
-0.3043
-1.5686
-0.8402
-0.6838
-0.8986
-1.0640
-0.7108
-1.6435
0.0604
-0.3379
-0.2301
-0.5844
-1.5655
-0.3961
-0.6470
-0.3532
-0.5786
-0.9135
-0.5867
-0.3692
-0.6234
-1.0625
0.0376
-0.3781
0.2489
-0.5141
-0.8621
-0.3318
-0.1699
-0.3919
-0.4264
-1.4252
-0.6933
-0.5888
-0.7049
-0.7271
-0.6805
-1.5958
-0.3463
-0.3545
-0.5726
-0.6898
-0.3851
-0.1600
-0.1766
-0.3643
-0.6102
-0.9453
-0.3651
-0.1323
-0.2369
-0.6543
0.9089
-0.5513
-1.1087
0.1282
-0.5414
-0.1984
-0.3593
-0.1474
-0.0614
0.0522
0.6902
0.9073
-0.6796
-0.8406
0.0235
0.4896
-0.5854
-0.3618
-0.2477
-0.4818
-2.5456
0.1013
-0.2601
-0.5187
-0.6848
-0.9092
-0.6486
-0.7698
-0.6881
-0.7778
-0.5515
-0.5167
-0.8717
-0.5258
-0.9895
-0.5740
-0.3075
-0.6275
-0.4330
-1.5276
-0.8255
-0.4918
-0.6944
-0.7222
-0.4634
-1.7988
-0.5121
-0.4165
-0.0060
-0.4926
-1.4205
-0.4045
-0.5489
-0.3290
-0.5789
-0.8025
0.2612
-0.1683
-0.5984
-0.9285
0.2019
-0.4963
-0.0305
-0.6187
0.1787
0.6087
-0.2096
-0.2658
-0.1794
-1.1316
-0.6163
-0.6225
-0.7765
-0.8556
-0.6121
-1.7564
-0.3153
-0.5083
-0.0602
-0.5971
-2.7009
0.2136
-0.1296
-0.5103
-0.5871
-0.8920
-0.4732
-0.6140
-0.7730
-0.8867
-0.4830
-0.7399
-0.1802
-0.4580
-1.0684
-0.5793
-0.2206
-0.3818
-0.4509
-1.1699
-0.7455
-0.5929
-0.8565
-0.8673
-0.5794
-1.6562
-0.3802
-0.4705
-0.5632
-0.9024
-1.9648
-0.4679
-0.3512
-0.4799
-0.5516
-0.6455
-0.2589
-0.6293
-0.7396
-0.8453
-0.5645
-0.3554
-0.8790
-0.2808
-0.7205
-0.4735
-0.2200
-0.5181
-0.4770
-1.1678
-0.6194
-0.6190
-0.8775
-0.6731
-0.4884
-1.7181
-0.4195
-0.4441
-0.4818
-0.3640
-2.6560
-0.3563
-0.4033
-0.3996
-0.7002
-0.8577
-0.4066
-0.5557
-0.7439
-0.4268
-0.3378
-0.7893
-1.1694
-0.2358
-1.0116
-0.7545
-0.1832
-0.3021
-0.1627
-1.1704
-0.6633
-0.6640
-0.9247
-0.8620
-0.7657
-1.0504
-0.4776
-0.6008
-0.7482
-0.6563
-2.6807
-0.5603
-0.4832
-0.3487
-0.4905
-1.0767
-0.2777
-0.8388
-0.8682
-0.4345
-0.6395
-0.7856
-1.0821
-0.3772
-0.9185
-0.4253
-0.4388
-0.5061
-0.2293
-0.9835
-0.2747
-0.4836
-0.8412
-0.8898
-0.3506
-1.1137
-0.4545
-0.5745
-0.5069
-0.6032
-2.7294
-0.4501
-0.6936
-0.3936
-0.7948
-0.9579
-0.3250
-0.5864
-0.6408
-0.7267
-0.4814
-0.5606
-1.0082
-0.5972
-0.4261
-0.3862
-0.4490
-0.4209
-0.1657
-1.1209
-0.9475
-0.6138
-0.8338
-0.7876
-0.6903
-1.7082
-0.3418
-0.3593
-0.4712
-0.6603
-2.6606
-0.4100
-0.4910
-0.4630
-0.5895
-0.9577
-0.4403
-0.5846
-0.7641
-0.7207
-0.5830
-0.6815
-0.7054
-0.6165
-0.9750
-0.4613
-0.2126
-0.5039
-0.2153
-1.0190
-0.7271
-0.5042
-0.7939
-0.5908
-0.7988
-1.1973
-0.5375
-0.5283
-0.4984
-0.0210
-2.7453
-0.3719
-0.5545
-0.0940
0.0610
-0.1204
0.0113
0.1986
-0.0010
0.0460
0.0714
-0.0748
0.0276
-0.1162
0.0320
-0.0577
0.0185
0.0609
-0.0906
-0.0125
0.1169
0.0081
0.2012
0.2519
-0.0141
0.0109
-0.0879
0.1090
0.0145
0.1056
-0.1250
0.0588
0.0045

Direct connections:
