version: 10
file format: 0

training data file: /tmp/train-lm-from-UD-corpus.sh.tR6aWfKEM.train
validation data file: /tmp/train-lm-from-UD-corpus.sh.tR6aWfKEM.valid

last probability of validation data: -1840.920230
number of finished iterations: 11
current position in training data: 0
current probability of training data: -1837.075475
save after processing # words: 0
# of training words: 7799
input layer size: 73
hidden layer size: 30
compression layer size: 0
output layer size: 44
direct connections: 0
direct order: 3
bptt: 0
bptt block: 10
vocabulary size: 43
class size: 1
old classes: 0
independent sentences mode: 0
starting learning rate: 0.100000
current learning rate: 0.003125
learning rate decrease: 1


Vocabulary:
     0	         0	</s>	0
     1	      1063	32	0
     2	       928	1609	0
     3	       622	1575	0
     4	       417	1604	0
     5	       411	1749	0
     6	       367	1606	0
     7	       330	1578	0
     8	       317	1585	0
     9	       278	1602	0
    10	       245	1735	0
    11	       241	1605	0
    12	       231	1603	0
    13	       211	1583	0
    14	       200	1574	0
    15	       183	1576	0
    16	       177	1587	0
    17	       168	1610	0
    18	       143	1709	0
    19	       139	1662	0
    20	       121	1608	0
    21	       120	1736	0
    22	       120	1586	0
    23	       110	1744	0
    24	        98	1588	0
    25	        79	1739	0
    26	        77	1594	0
    27	        75	1670	0
    28	        70	1734	0
    29	        58	46	0
    30	        53	1726	0
    31	        42	1548	0
    32	        33	1711	0
    33	        25	1580	0
    34	        23	1582	0
    35	        15	45	0
    36	         2	1567	0
    37	         2	8722	0
    38	         1	49	0
    39	         1	56	0
    40	         1	171	0
    41	         1	187	0
    42	         1	1688	0

Hidden layer activation:
0.0171
0.0111
0.0049
0.0675
0.8563
0.0052
0.1205
0.0082
0.2125
0.0135
0.0838
0.0185
0.0248
0.0674
0.0095
0.5133
0.0343
0.5310
0.0079
0.0026
0.0011
0.0091
0.0163
0.0079
0.7558
0.0045
0.3456
0.0083
0.0528
0.1490

Weights 0->1:
0.0561
-1.1803
-0.0155
-0.2567
0.5702
-0.2092
0.3461
-0.3876
-0.3715
-0.2238
-0.6063
0.4592
-0.0544
0.4390
-0.2848
0.1248
-0.2494
-0.2106
-0.1133
-0.3063
0.7374
-0.3262
0.2205
-0.3224
0.4241
-0.0446
0.0441
0.1860
-0.3051
0.0201
0.4953
0.0747
0.0469
0.1326
0.4018
0.0474
0.0285
-0.1208
-0.1444
-0.0259
-0.1749
0.1730
0.0980
-0.3532
-0.4211
-0.5292
-0.2143
-1.2056
-0.0182
0.0530
-0.2351
-0.9907
-0.3263
-0.2492
-0.4766
-0.3228
-0.1277
-0.3024
-0.6040
-0.0201
-0.8857
-0.4259
-0.1252
-0.4091
-0.6167
0.1089
0.4503
-0.8664
-0.0961
-0.1381
-0.0953
-0.4551
-0.2141
-0.0238
-1.0506
-0.6269
-0.2172
0.3236
-0.6758
-0.2931
-0.0194
-0.3355
-0.3020
-0.0459
0.2741
0.4517
0.4378
-0.0660
-0.4791
0.3188
0.2178
-0.3103
0.3780
-0.0590
-0.3717
0.1097
-0.2381
0.3289
0.5409
-0.0587
0.4212
0.0258
-0.2512
0.5939
-0.3017
0.5945
0.0796
0.0144
-0.4454
-0.0067
0.0008
-0.1148
-0.0062
-0.2901
-0.1652
-0.1279
-0.2937
-0.3100
-0.5092
-0.4444
-0.7191
-0.3932
-0.0690
-0.8611
-1.0146
-0.2169
-0.2112
-0.4758
-0.4113
-0.3533
-0.2034
-0.7834
-0.6825
-0.4632
-0.4892
0.1203
-0.5392
-0.2159
-0.5898
-0.1859
-0.5626
-0.3068
-0.1012
-0.2815
-0.1387
-0.2903
-0.1155
-2.3564
-0.9842
-1.3779
-0.3934
-0.5135
0.1055
-0.7267
0.4735
-0.2585
-1.0537
-0.2875
1.2726
0.6296
0.3796
-1.6649
0.4809
0.8179
1.0997
0.9602
-0.8663
-1.0473
0.6737
-0.5814
-1.1521
1.3652
0.6839
1.4681
-0.5479
1.0300
0.4971
0.7692
1.3456
0.3543
-1.1760
0.3039
0.2188
-0.1386
-0.3373
0.0679
-0.6037
-0.0468
0.0916
-0.2752
-0.4099
-0.9351
-0.4979
0.2883
0.4954
0.1966
-0.7891
-0.2305
-0.0331
-0.4731
-0.4827
-0.0382
-0.0959
-0.5146
0.5235
-0.9873
0.4486
-0.9724
0.6389
-0.5873
-0.2696
-0.6680
0.1965
-0.5125
-0.4219
-0.4442
-0.0043
-0.0079
-0.5123
-0.2654
-2.4032
-2.1607
-0.7663
-0.0713
-2.0953
-0.5182
0.5930
0.5667
0.9858
-0.7715
1.1141
-1.2975
1.0747
-0.1243
0.1725
-0.9052
-0.0849
0.1540
1.8263
-1.0254
-1.7521
1.1986
0.0288
0.0467
1.1814
-0.3422
-0.0544
-1.4753
0.3621
1.4802
0.4893
0.4807
0.6836
-0.1437
0.3084
0.3412
-0.1258
-0.4043
0.1516
-0.2902
-0.0439
-0.1080
-0.1938
0.1309
0.6329
-0.1402
-0.6423
-0.1021
-0.1765
0.5714
-0.1165
-0.1304
-1.3086
0.1467
-0.8858
-0.2384
0.4202
0.0498
1.4235
-0.4046
-0.6762
-0.0631
-0.8609
-0.5157
0.7023
0.6278
0.3610
0.7759
0.3034
-0.0489
0.1230
-1.4651
0.1837
4.2814
-0.3091
-0.1973
-0.6007
-0.5778
-0.3509
1.1867
-0.1182
0.2691
-2.4739
-0.6382
-0.2768
0.0123
-0.2859
-0.4701
0.0159
0.6342
-0.6618
-0.8069
1.8284
0.8640
-0.5430
0.8033
0.2595
0.4498
0.5489
-0.3984
1.2148
-1.1626
0.2842
-1.1877
-0.0602
0.1776
0.1986
-0.7135
-0.1624
-0.2119
0.0877
-0.4262
0.1285
-0.2837
0.0466
-0.6884
-0.4339
0.7502
-0.1170
-1.6301
0.5847
0.2152
0.1178
-1.5159
-0.5079
0.5273
0.0050
-0.1520
0.3730
-0.7983
-0.5395
-0.8524
-0.3240
-1.1747
-0.9207
0.4255
0.1699
-0.6650
-0.9273
-1.2822
-0.8315
0.9563
-0.3119
-0.3846
0.6532
-0.0196
0.2594
-0.8623
-0.4199
0.1992
-0.7324
-0.3717
-0.6769
1.0904
0.5444
-0.2981
-1.0408
2.5193
0.2096
0.5964
1.5341
0.2996
-0.1640
-0.6649
-0.9324
0.0525
-0.3808
-0.0727
-0.4582
0.0928
-0.8466
-0.1676
1.4780
-0.2669
-0.0900
-0.8752
-0.1579
0.0264
-0.5894
-0.1515
-0.1621
0.1565
-0.1535
-0.0544
0.0922
-0.0659
-0.0587
0.1708
-0.4186
-0.5240
-0.3415
-0.5211
0.4557
-0.1033
-0.3369
0.0689
0.3586
0.0272
-0.8885
-0.6529
0.6240
-1.0543
-1.1416
-1.0475
-1.0624
-0.5038
-0.7889
-0.7537
-0.4317
-0.6591
-1.1059
-0.7185
-0.4330
-1.2208
-0.5707
-0.2696
-0.4782
-0.9463
0.0656
-2.0960
0.4923
-0.9770
0.1618
-0.8450
1.3446
-0.4018
-1.5258
0.2481
-0.7961
1.1363
0.0242
-0.1770
-0.8499
0.6296
-1.1250
-0.7265
0.0205
0.4909
-0.5515
-0.7288
0.4375
0.3699
-0.2723
-1.3486
-1.7473
-0.3275
-1.0686
1.9678
-0.9172
2.0497
-0.7657
-0.3058
0.1847
2.0354
0.3364
0.9801
-0.0190
0.2409
-0.0389
0.0758
0.0581
-0.1622
0.2587
0.8796
-1.6947
-1.9491
1.0201
-0.7959
-0.8892
-0.3427
0.2731
0.3003
1.7482
2.1354
-0.7689
0.7880
1.3162
-0.3588
0.0929
-0.8214
0.4870
-0.1436
-2.1369
-1.9507
-1.0201
1.3727
-1.7599
-0.6223
-0.4448
-0.5668
-0.8560
-0.0351
-2.0956
-1.9324
-2.0089
0.3089
-2.9134
0.9457
1.3976
0.6175
1.2444
-0.3546
1.1760
0.4251
1.6075
1.5550
0.9011
1.0600
-0.0550
-0.7018
0.5023
-0.0843
-1.5399
0.4256
-1.2166
1.2063
1.2077
1.1131
0.0776
-0.6322
-1.3772
0.6967
-1.1489
0.8497
0.9270
0.3884
-1.9465
-0.0594
-0.6580
-0.2077
-0.1915
-0.2880
-0.3750
0.1212
-0.6406
-0.3701
-0.7502
0.5465
1.2995
-1.5086
0.3274
-0.6088
-2.6342
-0.0404
-1.3175
-1.5080
-0.3005
-0.9545
-0.5326
0.7763
-2.4866
2.0769
-1.9106
0.5164
-0.3809
0.1851
-0.3443
0.4281
-0.2028
-2.2568
0.8859
0.0370
0.6595
1.5836
0.3121
3.1100
2.3676
0.5061
-0.5556
0.3895
-1.0804
-0.3941
-0.5700
-0.9034
2.3324
-1.2128
-0.6179
-1.1623
-0.8135
-0.4138
-1.4924
-1.1301
-0.0804
-0.6162
1.6000
2.6653
-0.3928
1.0742
-0.1805
-0.7096
-0.5928
-1.0768
2.3612
-0.2926
-0.9092
-0.2961
-0.7232
-0.3044
0.2696
0.0401
-0.0229
0.2881
-0.1381
-0.0441
0.0975
-0.0003
-0.2332
0.3296
-0.0748
-0.9551
0.6183
-1.1847
-0.7343
-0.9062
0.7542
0.0845
-0.3758
0.1605
-0.7551
-1.9264
0.0461
0.0692
-0.1992
-0.3679
-0.8207
-1.6596
0.8063
1.0425
0.8439
0.0214
-1.1786
-2.6492
-0.8212
0.5203
0.5600
0.2201
0.0921
0.1233
-0.4800
-0.4378
-0.7146
0.1016
1.1943
-0.7125
0.1931
0.2303
-0.2403
-0.6734
0.3808
-0.2706
-0.0717
-0.4371
-0.6874
0.1700
0.2174
0.0691
-0.1336
-0.0539
1.1158
-0.3868
1.6934
-0.0045
0.4536
-0.0229
-0.2420
-0.1035
-0.3980
0.2009
-0.3748
0.4683
-0.2555
-0.0248
-0.4255
-0.1282
-0.0988
-0.0481
-0.0587
0.0467
0.0579
0.0327
-0.5457
-0.2153
-0.5337
-0.8837
-0.9683
-0.6206
-0.3966
-0.5883
-0.8084
0.0325
0.4271
-0.3933
-0.2339
-0.1666
-0.0840
-0.9438
-0.6073
-0.1975
-0.8047
1.0849
0.4308
-0.2925
-0.3461
-0.7824
-0.6013
-0.7959
0.2470
0.2612
-0.5529
-0.6056
-0.0473
-1.3770
-0.6823
0.6930
-0.2760
2.3438
-0.7989
0.5046
-0.2075
0.3291
-0.2047
-0.0938
-0.3816
-0.3859
-0.8895
-0.5699
0.9942
0.9407
-0.1441
-0.0817
-0.5776
0.4373
-0.2934
0.1703
-0.0497
0.4529
-0.1458
-0.4224
-0.3639
0.1902
0.1133
0.4806
0.1614
-0.2048
0.0445
0.0429
0.0857
0.1510
-0.2043
0.0751
-0.0747
-0.0483
-0.0697
-0.0362
-0.1191
-0.5960
-0.9507
-0.8803
-0.3402
-0.0007
-1.0101
-0.7570
-0.3985
0.5166
0.0029
-0.2055
0.0810
0.9933
-0.3281
-0.7190
-0.3801
-0.4793
-0.0768
0.1156
0.1002
-0.4917
-0.7676
0.2721
-0.9498
0.2291
-0.1656
0.0650
0.0956
-0.0021
-2.9350
-0.2549
0.9851
-1.3124
0.6980
-1.6612
-1.1255
0.1072
0.6257
1.4195
-0.7225
-1.3200
-0.9791
-0.6084
-0.1065
-0.9216
-0.5875
1.3298
0.1935
-0.6637
1.9602
-0.4576
0.7303
-1.0745
0.4624
0.8226
-0.7655
0.2119
1.4910
-0.4278
1.3074
-0.4598
-0.0338
-0.6137
1.5722
0.2417
0.6145
0.1225
0.1002
-0.2077
0.4338
-0.3812
0.5620
-0.0334
-1.9888
-0.7661
-0.6680
-1.3134
0.2390
-0.1055
-1.8535
-0.6759
-0.0914
-0.7905
-1.4331
-0.1107
0.3549
0.9613
0.0277
-0.3967
2.0074
-0.4147
-0.1239
-0.7128
0.1349
-0.3756
-0.5896
-1.1348
-0.0974
-0.0711
0.4351
0.9081
-0.0112
0.0330
1.3628
-0.3264
-0.5476
2.0109
0.8392
-0.5016
-0.9201
-0.9543
-0.6825
0.1870
-0.1183
-1.1725
-0.7421
-0.8080
-0.8712
-1.1665
0.4498
-0.2171
-0.4483
0.6539
-0.9531
0.8878
-1.1539
-1.2664
-1.4792
-0.9950
0.0994
1.6958
-0.9850
1.6111
-0.7610
-0.8674
-0.4045
1.8720
0.0709
0.8331
0.0941
0.1993
0.1769
0.3006
-0.2275
0.0760
-0.0242
-0.0105
-0.6270
-0.4738
-1.2233
-1.3683
1.0266
-0.8849
-0.0932
0.7068
1.7120
-0.5713
-0.2285
-0.1719
0.3833
-1.8766
0.8752
1.3551
-1.7731
-0.7610
-1.9251
0.7289
-1.9827
-0.3142
-1.4805
-1.2184
-1.0459
-0.3599
0.6346
-0.0195
-1.7455
0.0063
-0.8918
0.3097
0.8885
0.1643
-0.9210
-0.4819
-0.3878
0.2035
-0.2788
-0.0468
-0.3097
-0.4164
-0.1943
0.0111
0.1010
-0.3402
-0.5662
-0.7272
1.9646
0.2973
-0.4488
0.3459
-0.4704
-0.3296
-0.0277
1.1930
0.1220
-0.2464
0.3084
-0.1021
-0.0935
0.7941
0.1901
-0.1326
0.1909
-0.0459
0.0679
-0.0602
0.0108
0.0691
-0.1528
-0.1253
-0.1500
-0.2136
-0.8273
0.3483
-0.1360
-0.2151
-1.2179
-0.0922
0.4487
0.9257
-0.0098
-0.5073
0.7623
-1.0952
-0.0435
-0.8555
-0.2164
-0.6530
-0.5244
-0.1455
-1.2793
0.0111
-0.6314
-0.2567
-0.6697
-0.2513
-0.1352
1.0904
-0.2139
-2.7080
-1.0759
0.4234
-1.0550
1.3394
-1.4556
2.0315
0.0137
0.4642
-0.3809
-2.1889
0.0621
-1.4502
-1.1232
-0.1742
0.3757
-0.1258
-2.3500
0.6808
0.4763
-1.3621
-0.0471
-0.3535
1.1991
-1.1991
-0.9462
-0.5867
-0.2255
1.8316
-0.1443
1.8814
-0.7693
-0.0149
0.6645
1.8417
0.2640
0.9062
-0.0327
0.3287
-0.1361
0.2098
0.0164
1.7612
0.2574
-2.5701
0.2193
0.1373
0.0609
-0.2743
0.2622
0.3566
0.7687
-0.5268
-0.9647
-1.5200
0.0465
-1.2041
0.3884
0.2411
-1.0503
0.1642
-1.1686
-1.1149
0.3474
0.7157
-0.1831
-1.7387
0.6047
0.2703
0.2526
0.7527
2.0890
-0.0610
-2.6650
1.7628
-0.6872
1.1418
-0.6809
1.5001
0.0874
-0.7823
-1.1116
1.4583
-0.9593
0.9752
0.1322
-0.5595
-0.5181
-1.1133
-0.9047
-0.6112
0.6979
-0.2868
0.5896
-0.5019
-0.3259
-1.2858
-1.7820
-1.6957
-0.0328
-0.2406
1.5967
0.0264
1.3409
-0.4376
0.0445
-0.4258
0.6444
0.2083
0.4067
-0.0634
0.1407
-0.0304
0.2008
0.0360
-0.0121
-0.4586
-0.0573
-0.5931
-2.4548
-1.1090
0.7021
-1.6519
-1.3691
0.3304
-0.5255
-0.3052
1.5333
0.0108
1.1486
1.3787
0.7583
-2.2196
1.7669
-0.0019
-0.8790
-1.2507
-0.4930
-0.2769
-0.3391
0.6241
-0.1000
-0.5845
-0.1205
-0.8807
0.1007
-2.8246
1.6999
1.7632
-0.8928
-1.3900
-0.3702
-0.8510
-1.2283
0.2903
1.4930
-0.1961
-1.8220
-0.6172
-0.8642
0.4256
-1.0954
-0.3265
0.9074
-0.3758
1.2823
0.1336
-1.1248
0.4956
0.2024
-1.0036
0.8564
-0.5687
0.9817
1.7303
-1.5345
1.4727
-1.2381
-0.4721
0.5570
1.5230
0.1135
0.3603
-0.0337
0.1566
0.1380
0.2508
-0.3748
0.7967
0.3653
-2.2476
-0.9256
-1.7256
0.2786
-0.5103
-0.3017
-1.0443
-0.6813
0.9362
-0.7796
-0.5384
-1.0718
0.7107
0.2622
0.8375
-1.3266
1.4503
-0.2483
-0.5381
-0.4356
-0.0245
0.1997
0.7324
-0.5914
-0.3078
0.5733
-0.1551
-0.0678
0.0192
0.1494
-1.5103
-2.0475
1.5209
-0.7892
1.0791
0.1456
-0.3784
-0.1462
-1.5083
-0.9373
1.0610
0.8799
1.3780
-0.4932
0.8401
0.5070
-0.8340
0.1837
-1.0077
-0.7907
-0.5082
-0.4889
-0.7630
1.5030
0.6364
0.0913
-0.6518
-0.9674
1.2352
-0.6622
0.6025
0.2153
-0.2397
-0.3852
-0.0783
-0.2695
-0.1093
-0.0374
0.0208
-0.2173
0.2095
-0.2733
-0.3486
-0.4222
-0.0434
-1.1837
-0.7889
1.0639
-0.7256
-0.0625
-0.2085
-0.7100
-0.5909
-0.5507
0.7635
-0.0800
0.3626
0.5349
-1.1695
0.3799
-0.9341
-0.7849
-0.4077
0.1796
-0.1477
-0.8151
0.6914
-0.2618
-0.5330
0.5568
0.1584
-0.2618
-1.7008
-1.3566
0.2470
-0.4714
-0.6432
2.1921
-0.2711
0.9549
0.2662
0.5642
-0.6533
0.4876
0.4366
-0.0107
-0.1904
0.0845
-0.3437
-0.4985
0.2758
-0.8260
-1.0522
0.7628
-1.3878
-0.2292
-0.3990
-0.2364
0.4091
-0.5301
0.8255
0.5285
0.4981
-0.6896
0.2004
-0.0706
0.4454
0.1469
-0.0084
-0.0968
0.0459
-0.2326
0.0307
0.2355
0.1425
0.0581
0.7721
0.8903
-1.7341
1.0374
-0.5898
0.8099
0.1118
0.4435
-1.6206
0.0089
0.5494
-1.0533
-1.6444
-0.6216
0.3267
-0.8757
-1.1247
0.2565
-0.8835
-0.8530
0.0777
0.4691
-1.7794
0.4824
0.3149
-0.4307
-0.1637
-0.7531
0.0541
-1.2461
-1.4101
-1.6761
1.3227
-1.1775
-0.1344
0.8668
0.6947
-0.8890
-0.2853
-0.6606
2.2624
1.0706
0.4579
-0.3227
1.5156
0.3689
-0.5992
-0.9719
-0.9347
-0.7310
0.9362
-0.4678
0.6440
-0.4011
-0.2314
0.9292
-0.9297
-0.4804
-0.7892
-0.4696
2.2062
-0.4410
0.0765
-0.8419
0.1084
-0.2316
0.0397
-0.1328
-0.0299
-0.1522
0.0212
-0.4545
-0.2978
-0.6111
-0.4574
0.6322
0.0820
0.0469
-0.6526
-0.1193
0.6746
-0.8789
-0.1374
-0.5275
1.5535
-0.9536
-0.6328
-1.8392
0.0960
-1.3903
1.0831
-1.1076
-0.5369
1.2557
-0.1709
-1.2823
1.2387
-1.1938
-0.6499
-0.5618
1.0645
0.0647
-0.6613
-0.6932
-0.3437
0.2373
0.0008
0.6457
0.7534
0.5430
-0.9038
0.0802
0.6412
1.0809
0.2301
-1.3080
-1.3994
0.6044
0.1771
0.1693
1.0825
-0.3212
-0.1488
-0.5272
-0.0958
-0.1736
0.6030
-0.1786
-0.7402
-0.3725
0.0049
0.7959
0.0677
-0.0159
0.1405
-0.8178
-0.2703
0.0344
-0.0881
-0.1435
-0.0572
-0.1989
-0.0970
0.0904
-0.3894
-0.4589
-0.8548
-1.2530
1.2057
-0.2691
-0.1657
-0.8388
-0.7776
-0.5413
-0.1928
-1.2370
-0.5924
-0.7124
-1.2596
-0.6194
-1.4070
0.5407
-0.8055
-0.3997
-0.4717
0.4431
-0.9215
-0.5370
-0.1184
-1.1009
-0.2337
-0.2930
-0.5111
-0.8495
-0.0370
0.2920
0.2357
0.2977
0.6399
-0.3007
-0.3285
0.2634
-0.2309
-0.3480
-2.5578
-0.6222
-0.9253
-0.0331
0.8137
-0.3258
0.9607
1.3332
0.3406
-0.0052
0.5570
-0.8879
-0.1534
-0.7142
0.8834
1.2774
1.7103
-0.3614
0.5541
-1.0243
-0.7081
-0.8470
-0.3189
0.1018
1.2656
-0.7335
-0.3266
-0.3695
0.0130
-0.1166
-0.0220
-0.1910
-0.0771
-0.0462
0.1786
-0.3155
0.1472
-2.5852
1.6646
-0.9654
0.4167
1.4474
-0.9861
-0.0517
-0.5946
-2.1259
-0.0367
-0.0912
-2.4409
0.6152
-2.3276
1.2674
-0.7506
0.3309
-0.9874
-0.6255
0.5411
-1.2916
1.2947
-1.8418
0.4040
0.2674
0.1483
-0.0276
-2.7166
-1.0189
-2.7314
0.2561
-2.2097
1.0099
-0.1852
-0.0067
-0.7840
-0.5771
1.4273
0.5367
2.4427
0.1972
-0.0903
0.6678
0.9089
-0.4992
0.1712
-2.2994
-0.5518
0.2635
-2.0381
-0.1718
1.4757
1.0724
0.6972
0.0776
-0.9755
1.8136
-0.8156
0.9561
0.6509
0.7477
-0.7969
0.1152
-0.4860
-0.1787
-0.1935
-0.3388
-0.1880
0.4144
-0.4010
-0.2773
0.3411
0.4971
0.0790
0.2979
0.6325
0.1911
-0.7246
1.6949
-0.8986
-0.9872
0.0697
-0.4428
-0.2905
-0.2062
-0.3881
-0.1861
-2.5527
0.2563
-0.7163
-0.3578
-0.5855
0.7958
0.4391
-0.1253
-0.7585
0.1531
0.6295
1.1890
-0.0572
-1.2361
-0.7946
-1.0594
-0.7180
-0.2792
-0.6953
2.1910
0.5646
-0.1606
-0.6551
-0.1657
-0.6484
0.1293
-0.3382
0.4262
-0.0186
0.3779
0.8946
-0.2443
-0.1084
-0.4080
0.8143
0.1971
2.0955
0.4772
0.6273
-0.0598
-0.2456
-0.5148
0.0461
-0.3334
0.5316
0.1627
0.4027
-0.7549
-0.1097
-0.4154
-0.1240
-0.0461
-0.2558
-0.0911
0.1434
-0.2109
-0.1383
-0.7606
-0.4221
-0.1229
-0.4714
-0.5251
-0.6634
0.1215
-0.8315
-0.7749
-0.3674
-0.6304
-0.1282
-0.6670
-0.4702
0.0730
-0.3458
0.3356
-0.5688
-0.3665
-0.5670
-0.2270
-0.4171
-0.0221
0.0728
-0.4429
-0.1540
-0.2857
-1.4133
0.0021
0.2179
-0.7786
1.2330
-1.1623
1.5321
-0.6813
1.0024
-0.9502
-0.3083
1.6279
-0.9327
0.8884
-1.3735
-1.3943
-1.0896
0.7039
-0.2525
-1.4431
0.7273
1.0140
0.6905
-1.0667
2.5016
-0.1818
-1.8463
-2.0610
-0.6637
0.2785
1.1057
0.6069
0.8886
-0.4240
-0.6501
0.4074
0.6049
0.1230
0.3279
-0.0780
-0.1054
0.2431
0.1834
-0.2292
0.7188
0.2757
-0.2953
-1.1810
-1.6593
-1.4121
-0.4863
-0.9544
-0.5401
1.2033
1.9156
0.5153
-0.0896
0.3004
0.4959
0.4694
0.4154
-1.6049
0.3461
-0.2768
0.6080
0.5055
-1.3095
-0.8012
-0.3160
-0.2512
0.7090
0.1305
0.5790
0.4408
-0.1951
-2.0050
-0.6835
0.7544
-0.7740
0.4284
0.8675
-1.1615
0.3199
-0.8970
0.1589
0.2533
-1.0259
-0.2918
0.6360
-0.4481
-0.2796
-0.1294
1.6401
-1.1484
-0.1904
1.1006
1.4346
-0.2087
-0.5084
0.1796
1.3708
-0.3219
0.9265
-0.0346
-0.4869
-0.0377
-0.6405
0.2267
0.1818
0.0973
-0.0882
-0.0571
0.0589
0.1145
-0.1449
0.0430
-0.0343
0.0710
0.4298
-0.8393
-0.0110
-0.7981
0.4697
0.7894
0.9704
-0.1609
-0.1107
0.5568
0.9794
-1.5500
-0.0339
-1.3707
-1.9242
1.4954
-1.5488
-0.7587
-1.3248
-0.0258
0.4328
0.0568
0.3331
-1.7999
0.7267
-0.5128
0.8560
-0.7229
0.1460
0.0484
-2.1486
0.2660
-1.1829
1.0485
-1.4154
-0.0938
-1.6215
0.1401
-0.0278
-0.5445
0.9818
-0.8525
0.7482
0.3413
-0.2614
-0.8221
0.5236
1.5575
-0.7179
-1.0708
-1.1148
1.2379
-0.2768
0.4990
0.0026
0.3969
0.0373
-0.9405
0.3375
0.6401
-0.0234
-0.4136
0.6675
0.6992
0.0014
0.0364
-0.0047
-0.0256
0.0447
-0.2443
-0.2313
0.0680
0.1031
0.0626
0.0451
0.3037
-1.2991
-0.7386
-0.0636
0.4380
-0.2406
-0.1894
-0.2083
0.5014
-0.6999
-0.3206
0.8749
0.1508
1.9957
-0.8263
-0.3703
-0.9573
-0.8467
-0.2869
-0.2997
0.3534
0.1846
-0.5201
0.3737
-0.5831
0.4545
-0.4572
0.0106
-0.9129
-0.5524
-0.4597
0.2381
0.0622
-0.0725
0.4550
0.8617
0.4834
-0.3595
0.5464
-0.3276
0.3532
-1.3567
0.2027
0.5730
0.9920
-0.0540
0.1557
-0.2830
-0.2836
-0.3836
0.2488
0.3398
0.4557
-0.0755
-0.3026
-0.1506
-0.1393
0.4134
-0.3829
-0.5216
-0.0258
-0.3754
-0.4577
0.1138
-0.3574
-0.0742
-0.0774
-0.0741
-0.1512
0.0139
-0.4807
-0.4539
-0.6276
-0.6975
0.3250
-0.4757
-0.2799
-0.7452
-0.2559
-0.3955
-0.3469
-0.8293
0.1459
-0.6893
-0.7009
-0.5973
-0.6698
0.0309
-0.7351
-0.4104
-0.1413
0.1578
-0.7650
-0.4510
-0.0932
-1.2428
0.1067
-0.4257
-0.3246
-0.7155
-0.1010
-1.4455
-1.4520
0.4441
0.4274
-0.9474
-0.4621
0.6911
-0.0014
0.6027
-0.5757
-0.4726
-0.1321
0.1170
-0.3559
-0.3043
-0.1090
0.3357
-0.6525
0.3328
0.4307
-1.0145
0.1012
0.3872
0.5617
-0.2291
-0.5283
0.3185
-0.7267
0.4301
0.5185
0.3013
0.2390
0.0769
0.2987
0.3799
0.0953
-0.1095
-0.0371
0.0450
0.0159
-0.1957
-0.0037
-0.2264
-0.1183
-0.1614
-0.2043
-1.1889
0.0250
-0.2281
-0.1326
-0.6778
0.1043
-0.3758
0.1497
-0.2818
-0.0098
-0.1132
-0.1026
0.3173
-1.0734
-0.4380
0.1423
-0.3574
-0.3235
-0.2008
0.2618
-0.4891
-0.1694
-0.0046
-0.1640
-0.0021
-0.2028
-0.3214
-3.1248
-2.3373
-2.4167
0.3056
-1.2580
0.2276
2.1770
0.1241
1.6464
-2.2169
-1.8086
0.7154
-0.9019
0.6915
2.0661
0.8708
0.2480
-1.5685
0.2966
-1.9070
-0.6207
0.2292
-0.4644
1.4508
0.0799
0.0363
0.9777
0.2799
0.3275
0.5986
0.3074
-1.3272
0.5381
0.7645
0.0032
0.0940
-0.0807
-0.2563
-0.0513
-0.4556
-0.0994
0.2954
0.0575
0.3367
0.5441
1.3391
-0.2398
-0.1754
0.3046
-0.2744
-0.6070
0.7111
-2.0502
-0.5865
0.1789
-1.1794
0.2145
0.4347
-0.1566
1.2495
-0.4642
0.3304
-0.3844
-0.2381
0.0402
-0.0915
0.4690
-1.0262
0.8338
-0.5790
1.4161
-0.3709


Weights 1->2:
-0.4408
-0.4373
-0.5245
-0.5601
-0.8058
-0.6037
-0.4187
-0.5639
-0.9106
-0.3240
-0.4694
-0.5167
-0.4491
-0.6012
-0.6595
-0.7132
-0.7710
-0.6659
-0.3083
-0.4983
-0.4321
-0.6637
-0.4049
-0.6111
-0.9890
-0.7102
-0.4783
-0.2081
-0.4003
-0.5296
-0.0189
-0.4109
0.9314
1.3970
-3.8951
-0.2377
3.6056
-2.3416
-1.4095
-1.4815
0.2915
1.9343
1.9119
0.5421
3.8013
2.3597
2.1864
-1.0957
1.3810
0.4520
-0.1075
-2.7611
0.1026
-0.6933
0.2954
0.9625
-0.0730
-0.7481
0.4906
1.2057
0.3166
0.2873
0.5837
1.4533
-1.6220
1.6404
0.4586
2.2036
-4.5670
-0.6972
-0.3737
-2.6206
-2.5798
0.2597
0.9312
1.0781
-1.7635
0.5914
2.5290
0.6762
-2.0443
-1.2179
3.1939
0.1783
-0.4787
-0.3787
1.4203
0.0200
0.7167
3.3821
0.5623
0.7568
1.7900
1.9469
-0.5437
-0.0791
-1.9629
3.4665
-4.2160
-0.0192
0.0824
0.9130
-2.6336
-0.2070
-0.2090
-0.5803
-0.1331
1.7731
0.6345
-0.8985
1.5649
1.3927
1.5677
0.7120
-2.2335
0.8781
1.5220
0.7177
0.6046
2.3853
0.9326
0.4811
0.2188
-0.6857
0.1482
-0.3179
1.7397
-1.0239
0.7643
-0.0844
0.6032
-0.9342
-1.0209
1.6972
1.5517
0.1368
2.3842
-1.0270
-0.2790
0.9677
-0.4506
1.8883
0.1304
0.5238
0.8590
0.9481
0.8187
-0.1022
0.3880
0.8372
0.1625
0.7301
1.8245
2.4213
-1.8131
-0.9894
-0.0267
2.6830
-3.9913
0.2693
0.2685
-0.8767
-2.0114
-0.6827
0.0149
1.3117
-2.3142
1.3219
0.0690
1.5116
1.3624
-1.6478
2.6086
0.2258
0.2107
-1.8612
0.9518
0.9289
0.8987
0.5870
-0.0604
-0.2272
0.1544
0.5492
-0.6627
-1.0050
1.1132
-1.8288
1.8286
2.1487
0.6655
1.5383
1.5976
0.4923
0.5433
-0.5326
1.3390
-1.5186
-1.2378
-1.4263
0.3211
-2.2276
-0.9233
0.7183
1.6551
2.1786
1.4693
0.6106
0.2745
-0.2007
-0.5969
0.2850
-0.9569
-0.2190
1.2750
0.1062
0.9146
-0.7968
0.5906
0.1046
2.0017
0.4445
-0.1601
0.7477
1.4555
-1.3109
0.3885
0.9525
-0.6573
0.2391
-0.0674
0.9859
-0.9029
0.2353
1.8257
-0.8744
0.1445
0.5702
1.0566
1.5171
-0.3500
-0.3431
0.3290
-1.1572
-0.3609
-0.4095
-1.1057
0.7238
2.0765
-0.4215
0.7796
1.8933
0.4888
0.2427
1.3536
-1.5147
1.8616
0.2716
-1.2445
-0.0829
0.0056
2.0015
1.2742
0.4552
0.7327
0.9349
-0.8731
-0.2572
-1.0363
0.3559
-0.4790
0.0035
-1.3835
1.6655
1.0696
-0.2078
0.1162
0.5706
2.5055
-0.7349
-1.2063
0.2284
0.7065
-1.9637
2.1543
0.4004
1.3531
-0.0586
0.0182
-0.8261
-0.2317
1.0456
-1.8297
1.6044
1.9093
-2.5033
-0.5972
-0.2239
0.9927
-0.0036
0.4943
0.2745
-0.2106
2.2355
-0.3694
-0.1479
0.5814
3.8192
-2.5435
-0.2245
-0.4000
-0.5160
-0.6418
-0.0226
-0.2035
-0.8965
-0.8633
0.3763
-0.1226
0.1230
0.2782
1.0660
0.9914
2.4342
-3.1751
-0.5278
1.9562
-0.0224
0.3394
1.9435
-0.2714
-0.0291
-0.8963
-0.7454
0.1127
-0.5437
-0.3989
-0.9752
1.4347
0.4491
0.5314
1.1389
1.4207
0.9926
-0.1299
1.2123
0.9279
1.1248
-0.8833
0.4416
-0.1676
0.4444
-0.0496
-0.5790
1.7813
0.2014
1.0172
-0.1513
-0.2253
-0.2896
-0.2814
-0.2424
0.2303
-1.2956
0.9613
0.5753
-0.2629
-1.1794
1.9977
0.4223
0.2968
0.7518
2.0437
-0.0937
1.0322
1.3492
-0.9654
0.9357
-0.6398
1.6284
-0.0666
0.0126
-0.1853
0.3275
0.3929
-1.3003
-0.8357
-0.0297
-0.3998
2.3386
0.2168
-0.2107
0.4756
0.8796
0.4931
-0.5161
1.2460
-1.5271
0.9955
-0.4485
0.0189
0.4389
0.5932
-0.2408
-0.9830
1.6971
1.5334
0.4529
0.8970
0.3084
-0.1999
0.5394
0.6185
0.2616
-0.2467
0.8071
1.8752
-0.1698
0.1160
-1.4367
0.1119
-0.2876
-1.0230
-0.2163
3.0074
0.1817
-0.2147
0.2476
1.1170
0.3324
-0.4674
-1.2009
0.0439
-0.3878
-1.4081
-0.1301
-0.6901
0.4563
-0.8480
-0.0999
-0.0643
0.9045
-0.4760
-0.4892
1.8279
-0.4080
-0.5176
-0.1014
0.2605
-1.3728
0.2229
0.0925
-1.0975
-0.2670
2.5252
0.5744
-0.3460
-0.2163
1.1093
-0.0159
0.3194
-0.6499
0.3273
-0.2737
0.2861
-0.0486
-0.6202
1.4486
-0.0911
0.0612
0.1954
0.5838
-1.1848
-0.3415
1.1737
-0.6692
-0.0755
-0.1248
0.2852
-1.3167
0.0407
-0.2537
-0.4432
-0.1208
1.5262
0.1879
-0.5078
-1.6531
0.9367
-0.2034
0.0426
-0.6313
1.8788
0.6775
0.5705
-0.0616
-0.8749
1.9575
0.6310
0.6368
0.0011
0.6623
0.2661
-0.8274
0.9649
0.7809
0.7110
-0.2439
-0.2842
-0.8707
0.5156
-0.1172
-0.8750
-1.2729
2.2543
-0.0059
-0.5918
-0.6661
1.7174
-0.0485
0.2413
0.2516
0.2743
0.0855
1.6707
0.0842
1.0203
0.2173
-0.3322
-1.0417
-0.2463
0.6640
-0.4980
-0.5755
0.7950
0.8951
-1.2029
-0.1958
0.1904
-0.6549
0.4458
-0.3924
-1.1623
-0.8932
-0.8214
-0.9776
-1.5566
-1.9168
1.0759
0.4337
0.1968
2.3604
2.1156
0.9270
0.7132
3.3243
2.7734
-1.1000
-0.2899
-1.4291
-0.4903
-0.3012
-1.7020
-0.7166
-0.0697
0.9627
-0.9407
-0.2201
-0.5350
-0.7382
0.0687
0.5122
-0.9547
-1.5540
0.0317
-0.0481
-1.1891
-0.0529
1.7426
0.2657
0.7571
2.9746
0.1954
1.2603
0.6166
1.5282
1.4424
-0.7272
-0.3908
-1.1509
0.4812
-0.0347
-0.9342
-0.3712
2.1548
-0.8031
-1.3774
-0.0057
-0.3251
-0.8594
-0.3372
0.0317
1.1186
0.3653
-0.2912
2.5174
-0.7181
3.2250
-2.1654
0.0425
0.2524
-0.5724
-1.7195
-1.1108
-0.7303
-2.0920
-1.9271
-0.9383
-0.5420
0.6799
0.5473
-0.9655
-0.1221
2.0819
-2.6508
-1.1469
-1.1351
1.6735
-0.2303
2.5567
0.0563
0.8879
2.3463
0.6088
-0.5055
-0.6590
-1.0798
2.3737
-1.8195
0.4647
0.0964
-0.5716
-1.2666
-0.0451
0.0813
-0.7847
-2.0761
0.1491
0.7213
4.5680
0.6675
-1.0473
1.4918
0.6343
-2.0793
1.0320
-0.9590
-0.2169
0.4435
-0.1597
-0.1871
0.1687
-0.4787
-0.8101
0.4246
-0.3069
-0.2154
0.1607
1.9812
-0.1399
-0.9605
0.1936
0.2820
1.8073
-0.9985
-0.3763
0.9666
-0.8903
0.3922
-0.9225
-0.2129
0.7907
1.4154
-0.1327
0.3626
1.8052
-0.5716
-0.2478
-0.7893
0.1745
-0.1662
0.6211
2.0614
0.1613
-0.6522
1.6416
-0.0768
1.9677
-2.1375
0.2553
0.3971
-0.9599
-0.2308
-0.9903
-0.7614
-1.7486
-1.7402
-0.5009
-0.6952
1.5489
2.1730
-0.5137
1.5714
1.1128
-2.5768
-0.9632
-0.3372
2.0831
-0.3533
0.4182
0.9636
0.4419
-0.6491
-0.7170
1.2283
-0.2151
-0.1556
0.2718
1.2844
0.5658
-0.3885
0.4737
-0.7293
0.0845
0.0763
1.2113
2.3782
-0.5794
-0.1941
-0.7004
0.1698
0.5200
-0.5074
-0.3314
0.6592
1.0778
-0.6456
0.1385
0.8600
-1.3893
0.3251
0.5211
-0.1979
-0.0286
0.0384
-0.0259
-0.1204
-0.6707
1.7500
1.0866
1.7383
0.6402
-0.7732
0.8473
-0.7118
-0.6591
0.1951
-0.4357
1.4244
-0.5669
0.4213
0.1903
-0.7772
-0.1390
0.8298
1.0449
-0.3298
0.4457
0.6700
-0.5452
0.4571
-0.1899
-0.5784
1.1841
-0.3941
-0.3708
0.1588
-0.9339
1.2611
-0.0815
-0.5926
0.2789
0.0916
-0.4806
-0.1089
0.2111
1.7158
-0.0548
1.1571
0.1384
-0.3168
0.7146
-0.8759
0.1777
-1.1060
0.9006
1.8892
-0.1982
0.7367
-0.7074
0.0715
-0.1997
-0.8090
-0.1437
1.4398
0.0785
1.0236
-0.8255
1.5900
-0.1592
-0.6970
-0.4824
0.7897
0.9931
-1.5421
0.5187
-0.1251
0.1472
0.8300
0.3453
-0.1794
1.0305
0.6653
-0.3875
-0.3630
1.3010
0.4736
-0.2277
-0.7483
-1.4241
-0.4639
0.6651
3.5226
-1.4606
-0.7816
3.3220
-1.2535
2.7898
-1.7308
-0.2975
-0.8706
-0.9182
-0.5713
-0.8813
-2.0679
-1.2007
-1.8083
0.5031
-0.1406
2.1188
0.8433
-0.9588
1.3340
-0.4137
-2.3348
-0.4879
-1.0546
-0.6949
-0.6969
0.8124
0.6788
-0.2073
-0.0855
0.3310
-1.9899
-0.4993
2.7321
-0.9291
0.2376
-0.1514
-0.6673
-0.1395
1.8766
0.1799
-1.1154
1.1505
1.7230
-1.2402
0.9599
-1.3705
-0.3247
-0.8727
0.2024
0.2982
-1.1752
0.7306
1.8369
0.2168
-0.1505
-1.1018
0.4003
-0.1778
-0.7836
-0.6122
1.5394
-0.0317
-0.3723
-0.5041
0.7308
0.3902
0.4262
-0.3622
-0.2318
0.1435
0.5545
-0.6891
-0.3984
-0.2762
0.4300
-1.2801
-0.2771
1.0855
-1.0085
-0.3265
1.7238
1.0206
-1.1489
-0.1303
0.4253
-0.7624
-0.1918
-0.1203
0.0921
1.1561
-2.0323
-0.0937
2.0478
-0.7393
-1.4943
-0.4926
-0.2742
0.5964
0.7914
0.3992
1.3163
1.5844
0.5289
-0.9090
0.4521
-1.0258
-0.3492
-1.1548
-0.5733
-1.0064
1.5060
-1.3878
0.2902
-0.0410
0.4771
0.3515
-0.2548
-0.3504
0.2992
-0.0543
0.8656
-0.3691
0.1788
-0.6872
0.0799
-0.0203
-0.2056
-0.0054
0.7626
-0.0713
-0.0469
0.2452
-0.1638
0.4695
-0.1744
1.2988
-0.0750
0.2840
-0.2373
0.0036
0.3852
0.3679
0.5434
-0.3524
-0.1206
-0.9481
-0.2581
0.0266
0.3639
0.4969
1.2564
-0.0007
-0.1009
-0.2851
-0.0361
0.1371
-0.1407
-0.5090
-0.0519
-0.2724
-0.7590
-0.4017
-1.1385
1.4240
0.0023
-0.0287
-0.2556
1.1163
0.1380
0.0152
-0.0258
-0.5317
0.0727
0.0014
0.1248
-0.6578
-0.2178
-0.3270
-0.6931
-0.7687
0.8349
-0.2302
-0.6023
-0.7129
0.8882
0.0318
0.0317
-0.0224
0.1692
-0.0354
-0.2413
-0.4498
-0.4725
0.3553
-0.1394
-0.7219
-0.3068
-0.0017
-0.4330
-0.5651
1.2514
0.4624
-0.7893
-0.2660
-0.0131
-0.3748
-0.4036
-0.3306
-0.7518
-0.7723
1.4575
0.1365
-0.5881
-0.3839
0.9296
-0.1191
-0.3641
-0.8146
-0.1620
-0.6180
-1.1351
-0.7724
-1.2665
0.1432
-0.5921
-0.2741
-0.2840
0.7432
-0.9486
-0.3639
0.3146
-1.0076
-0.5902
-0.0982
-0.3123
-0.9109
-0.2354
-0.3586
-0.4441
-0.3871
-0.8641
-0.3880
-0.5283
-0.3412
-0.2790
-0.1664
-0.0971
0.2509
-0.3189
-0.1875
-0.2974
-0.5325
-0.5386
-0.6584
-0.2794
-0.4483
-0.3403
-0.7133
-0.2325
-0.5122
-0.3491
-0.5546
-0.6442
-0.2366
-0.2325
-0.1188
-0.5355
-0.6094
-0.4602
-0.6455
0.3090
-0.3300
-0.4138
-0.3820
-0.6035
-0.1895
-0.3101
-0.6825
-0.5457
-0.3862
-0.9493
-0.4720
-0.7997
-0.2738
-0.3412
-0.5356
-0.4053
-0.2942
-0.5677
-0.4471
-0.4789
-0.6013
-0.4755
-0.2181
-0.4204
-0.5545
-0.4100
-0.2945
-0.4842
-0.4867
-0.4529
-0.1811
-0.4608
-0.4946
-0.7604
-0.3214
-0.5199
-0.5026
-0.4543
-0.3958
-0.7025
-0.7366
-0.5626
-0.5094
-0.5051
-0.7374
-0.6295
-0.3575
-0.4565
-0.5645
-0.7047
-0.5732
-0.5765
-0.2613
-0.5229
-0.6582
-0.3940
-0.5320
-0.1082
-0.4590
-0.8225
-0.1032
-0.3605
-0.0494
-0.9764
-0.2652
-0.2986
-0.3630
-0.4857
-0.4975
-0.6676
-0.6754
-0.5900
-0.8196
-0.2956
-0.2503
-0.0290
-0.7044
-0.1683
-0.2436
-0.7341
-0.5662
-0.5226
0.0018
-0.4264
-0.5297
-0.3197
-0.3314
-0.4613
-0.5825
-0.2938
-0.2496
-0.5180
-0.5938
-0.8354
-0.2066
-0.4707
-0.5465
-0.2891
-0.4831
-0.9052
-0.3901
-0.9242
-0.4574
-0.2185
-0.5889
-0.5935
-0.6056
-0.4502
-0.3514
-0.5537
-0.6375
-0.5640
-0.4140
-0.6834
-0.4498
-0.3741
-0.4044
-0.4766
-0.2991
-0.9637
-0.3531
-0.1784
-0.5720
-1.0013
-0.5138
-0.2963
-0.4973
-0.1713
-0.3826
-0.6144
-0.5958
-0.6553
-0.5041
-0.4529
-0.4615
-0.2879
-0.6438
-0.3137
-0.2869
-0.7318
-0.6289
-0.3154
-0.2345
-0.3465
-0.6863
-0.3460
-0.5054
-0.3673
-0.4538
-0.7297
-0.3747
-0.5908
-0.4464
-0.3635
-0.3897
-0.2564
-0.3882
-0.7211
-0.3837
-0.5868
-0.6485
-0.6503
-0.5123
-0.3670
-0.4671
-0.4212
-0.5669
-0.4166
-0.3896
-0.6912
-0.2761
-0.6019
-0.3329
-0.3465
-0.6085
-0.0931
0.1177
-0.0258
0.1194
0.1012
-0.2202
0.0666
-0.0215
0.0282
0.1969
-0.0507
0.1472
-0.0440
0.1169
-0.0466
-0.0656
-0.0380
-0.0323
0.0202
0.0586
0.0704
-0.0575
0.0767
0.0213
-0.0502
0.1563
0.0645
-0.2143
0.0102
0.0329

Direct connections:
