version: 10
file format: 0

training data file: /tmp/train-lm-from-UD-corpus.sh.fnTDUAgea.train
validation data file: /tmp/train-lm-from-UD-corpus.sh.fnTDUAgea.valid

last probability of validation data: -43168.926214
number of finished iterations: 8
current position in training data: 0
current probability of training data: -43109.109030
save after processing # words: 0
# of training words: 184225
input layer size: 115
hidden layer size: 30
compression layer size: 0
output layer size: 86
direct connections: 0
direct order: 3
bptt: 0
bptt block: 10
vocabulary size: 85
class size: 1
old classes: 0
independent sentences mode: 0
starting learning rate: 0.100000
current learning rate: 0.003125
learning rate decrease: 1


Vocabulary:
     0	         0	</s>	0
     1	     24304	32	0
     2	     17320	97	0
     3	     13611	101	0
     4	     13210	105	0
     5	     11231	110	0
     6	     10355	114	0
     7	      9490	108	0
     8	      7883	305	0
     9	      6985	100	0
    10	      6788	107	0
    11	      5646	109	0
    12	      5183	121	0
    13	      5016	117	0
    14	      4898	116	0
    15	      4095	115	0
    16	      4010	111	0
    17	      3502	98	0
    18	      3224	46	0
    19	      2651	252	0
    20	      2626	351	0
    21	      2305	122	0
    22	      1856	44	0
    23	      1797	103	0
    24	      1697	287	0
    25	      1558	231	0
    26	      1436	99	0
    27	      1370	118	0
    28	      1215	104	0
    29	      1194	112	0
    30	      1120	246	0
    31	       765	66	0
    32	       567	102	0
    33	       513	39	0
    34	       487	65	0
    35	       395	75	0
    36	       303	83	0
    37	       235	72	0
    38	       232	68	0
    39	       226	84	0
    40	       208	79	0
    41	       206	69	0
    42	       202	77	0
    43	       201	89	0
    44	       182	304	0
    45	       175	71	0
    46	       167	34	0
    47	       149	78	0
    48	       134	63	0
    49	       112	80	0
    50	        97	67	0
    51	        91	199	0
    52	        83	45	0
    53	        80	82	0
    54	        80	58	0
    55	        73	214	0
    56	        65	59	0
    57	        60	350	0
    58	        60	106	0
    59	        55	33	0
    60	        52	85	0
    61	        50	86	0
    62	        50	41	0
    63	        50	40	0
    64	        42	70	0
    65	        35	76	0
    66	        35	220	0
    67	        34	90	0
    68	        24	73	0
    69	        17	48	0
    70	         7	74	0
    71	         6	50	0
    72	         6	53	0
    73	         6	49	0
    74	         5	87	0
    75	         5	51	0
    76	         5	119	0
    77	         3	55	0
    78	         3	52	0
    79	         3	286	0
    80	         2	57	0
    81	         2	56	0
    82	         2	54	0
    83	         1	120	0
    84	         1	65533	0

Hidden layer activation:
0.0010
0.0003
0.0007
0.0000
0.0000
0.1211
0.0045
0.0000
0.0000
0.0000
0.0131
0.0000
0.0173
0.0003
0.0001
0.0007
0.0006
0.0000
0.0023
0.0000
0.0051
0.0001
0.0194
0.0000
0.0086
0.0651
0.0012
0.9999
0.0001
0.0000

Weights 0->1:
0.1188
-2.9042
-0.0940
2.8899
-2.2798
-0.2376
-0.8853
-0.4045
-1.3441
0.2739
-1.0384
-3.0076
-0.2224
1.3567
0.6055
2.2104
-1.2886
-0.9922
-1.0004
-1.7274
-0.6685
0.1394
-0.5107
-0.9703
1.2784
1.4638
-1.1244
-1.7836
0.5912
1.3048
0.1412
-1.7845
-1.2039
-1.0921
0.0558
-0.0102
-0.2368
-1.0689
-0.4027
-0.7550
-0.9955
1.1253
-1.1087
-0.5048
-0.8291
-0.7489
-0.7550
-0.9328
0.0149
0.0057
-1.1100
1.2838
0.2494
-0.4654
-0.3252
0.4584
-0.1496
-0.7880
0.1513
-0.1012
-0.3734
-0.3500
-0.1004
0.4958
-0.1279
0.2512
0.2300
0.1673
-0.5574
-0.0462
-0.1703
-0.1683
-0.2590
-0.3305
0.0029
-0.1183
0.1571
-0.0781
-0.1432
0.0186
-0.0025
-0.0749
-0.0852
0.0941
-0.0781
-1.4762
-1.2908
-0.3348
-2.7886
1.2582
-1.8710
2.9367
-2.6995
-0.4964
-3.4735
-4.3174
-4.5057
-0.0986
-0.8152
2.0387
-1.2993
-3.1549
-1.3703
-0.5618
1.5014
-2.9347
-0.5668
-2.9787
-0.7789
-0.5408
-1.1298
0.8553
0.7648
2.1853
-0.1075
-0.1977
-6.1064
-1.6587
-1.2863
-0.5313
-2.4513
0.5691
0.5842
-1.0907
-1.0116
-1.8914
1.4451
0.5432
-0.3445
-2.0267
-0.7664
-2.9487
-1.8235
1.0417
-1.3914
0.6842
-1.1417
2.7927
-0.3979
-1.4273
0.5454
-0.5141
-0.2152
0.7773
-1.0829
-0.8398
-1.0744
0.4218
-3.3075
-1.1658
-0.3630
-0.3217
0.6389
-0.2707
0.0409
0.3320
-0.8517
1.1657
0.3102
0.3538
-0.0604
0.6455
0.5511
0.6984
0.6503
0.4893
-0.2078
-1.9634
0.3855
0.9514
-0.0181
1.4452
-0.7984
-0.3739
0.4701
0.4352
0.5199
0.3422
0.1296
0.0659
0.5105
-0.1819
0.5746
-0.5412
-0.0559
0.0300
-0.1542
-0.0922
-0.0145
0.2376
-0.1709
-0.2927
0.0896
0.0426
0.1412
0.0068
0.0792
0.1877
-0.0099
0.1346
0.6980
0.3328
2.1077
1.9722
1.0239
-2.0078
-1.1972
-1.0179
-3.2068
0.9407
0.0819
-1.2370
1.0263
-0.4180
-0.2609
-1.1014
-0.1356
-1.1400
-4.4090
-1.7502
1.7302
-1.7360
1.5297
-7.3239
1.6848
-3.6820
4.1915
-2.2257
-2.0409
0.8657
0.0751
-2.6631
-2.5736
0.6409
-3.6519
0.9331
-3.0562
-0.6492
-0.8447
-1.3235
-1.5223
1.6597
1.1743
1.4846
-0.4347
-0.4262
1.1158
-0.0778
0.0203
0.6385
0.4256
-2.0245
-0.1027
-0.4843
3.1757
-1.9942
-1.0822
-0.2333
-0.9700
-1.6920
4.5377
-0.4923
-1.3851
4.9341
-0.7272
-0.9432
-0.8275
-0.3827
-0.2217
-0.7306
1.2806
0.1465
0.0941
-0.0444
0.0662
-0.0999
-0.4109
-0.4575
-0.3692
-0.9737
-0.2358
0.3781
-0.9112
-0.2828
0.1511
1.1344
-0.0035
0.0193
-0.2604
-0.0331
1.1386
-0.1761
0.0699
-0.2969
-0.1597
-0.3719
0.4205
-0.5572
-0.2755
-0.1752
0.2811
-0.1326
-0.1185
-0.0547
0.0398
-0.0197
-0.0312
0.1251
-0.0456
0.0534
-0.1023
-0.1793
-0.0373
-0.0388
0.0838
-0.3181
-0.5256
2.1385
-0.2153
-1.3242
-1.7009
-0.2226
-0.9745
1.4655
-2.9918
1.0101
-2.9620
-4.2868
-3.5530
-0.9400
-0.1979
0.1624
0.8447
-1.0244
1.3043
1.0926
-2.6294
-0.2551
-2.3419
0.5640
1.4248
-2.2952
-0.1526
1.0432
-2.8777
0.0516
-4.7068
0.0321
3.3781
-1.2284
0.1265
0.0436
-0.8683
-0.5447
-0.1882
-1.4009
0.0464
-0.4675
-1.6965
-1.1949
-0.0213
3.2661
-1.0078
-1.6326
-1.1701
0.5564
-1.0690
0.6701
-1.1143
0.1182
-0.9908
-0.2137
-1.4448
-1.2526
-0.3988
0.4262
-1.7920
-0.7577
-2.1132
-1.5779
-0.8029
-0.6836
-1.3533
-0.9048
-0.6446
0.7296
0.9647
-0.6658
-0.8985
-0.6556
-0.9400
-0.3855
-1.4278
-1.1297
0.4652
-0.8193
-0.3173
-1.5839
-0.4809
-0.2874
-0.4365
0.2109
-0.7126
0.9261
-0.4305
-0.9417
-0.5408
-0.5063
-1.1390
-0.4189
-0.4225
-0.2799
-0.3444
-0.0443
-0.3534
-0.1084
-0.0511
-0.1483
-0.5001
0.0589
-0.1418
0.1064
-0.0375
-0.3126
-0.2440
-0.1106
-0.0250
-0.0679
-0.1368
0.1350
-2.3041
0.2686
-8.5181
-2.6791
1.2705
-3.4208
-1.7206
0.6767
-4.3025
0.4749
-7.4343
-6.1411
0.6288
-3.4912
-1.6733
-2.2067
-0.6093
1.3429
1.1568
2.9670
1.4732
0.1857
-2.3386
-8.6132
0.7167
-5.9394
-0.0331
-0.4801
-2.5557
-5.4133
0.0492
-5.4148
2.0936
-0.2838
0.7208
-4.8265
-0.3562
-1.9927
-0.7421
0.8130
-0.6178
-1.8416
-0.4882
1.1849
-0.3622
0.6435
-1.0345
-0.0429
-1.2239
-0.6198
-0.2115
-1.7816
-0.4113
-1.5913
2.0394
0.4914
-3.2826
0.8937
-0.2515
-1.3108
0.7551
-0.9084
-1.6855
-1.6005
-0.9336
-0.2322
-0.1840
-0.0907
-0.4686
-0.7155
-0.2076
-0.5920
-0.6976
-0.1358
-0.2583
-0.2821
0.4913
-0.3586
0.0458
-0.0893
-0.1976
0.1876
-0.9156
-0.2668
-0.0315
-0.2003
-0.0971
0.4014
3.0597
-0.1034
-0.1588
-0.1518
0.2007
-0.2583
-0.2123
-0.3073
-0.0823
-0.3209
-0.3562
-0.3183
0.0414
-0.0138
-0.0580
0.0291
-0.1166
0.1741
-0.1441
-0.1422
0.0336
-0.1979
-0.2771
-0.0875
0.0520
0.2042
0.2181
0.7630
1.3342
-0.4057
-1.1091
-1.7461
-3.5369
1.5145
2.4805
1.2506
-0.0723
-1.2971
-3.5012
-2.5542
-1.1335
-3.3455
0.7179
-5.3424
1.5112
-0.5940
-0.2315
2.4588
0.2810
-1.8528
0.1846
-0.7220
-4.2216
1.1713
-3.8155
0.0461
-0.9866
-0.3834
7.3261
-2.4418
-1.1552
-2.5086
-0.6531
-3.1060
6.6604
-1.6419
-0.1056
-1.0936
-1.2016
4.1026
-1.6931
-0.7868
-1.0652
-2.7609
1.4756
-4.3121
0.4425
-0.3698
-1.5585
-0.2038
-1.9297
1.8572
-2.1409
1.8843
1.8391
0.5684
-0.7339
-3.0086
-3.5647
-0.8876
-1.8989
-2.4617
-2.9530
-1.9649
-1.8919
-2.6911
-2.5638
-1.7400
-1.8367
-2.5321
-1.3824
-1.9537
-0.7280
-1.3347
-3.4952
-1.8233
-1.6342
-2.3841
-1.1250
-2.8404
-1.5367
-1.5316
-2.0118
-0.2777
-0.9948
0.3187
-1.8972
-1.6178
-0.8767
-1.9039
-2.7272
-0.6684
-1.3678
-1.0315
-0.2001
-1.6164
-2.1649
-0.3349
-1.1733
-1.0753
-1.3862
0.1064
-1.0528
0.0342
-1.0479
-0.8896
-0.7360
-0.8194
-0.4925
-0.4200
0.1189
-0.0991
1.1482
-0.8093
2.2232
0.3877
2.0442
-0.3103
-3.5353
-4.3537
0.3421
0.5740
0.7595
0.1287
-1.6565
-1.1352
-0.9209
1.6997
-1.1328
-0.2803
2.1552
0.6164
0.9473
-0.7138
-3.6166
-2.4711
0.8954
0.3936
1.7647
0.3921
-0.8726
0.5382
-0.2293
-5.4677
-2.0810
-2.2844
-1.2226
-0.9472
-2.6733
-3.7988
-1.3356
-2.0990
-1.2725
-2.2101
-3.1578
-1.5086
-2.8788
-2.0934
-2.9003
-2.3356
4.0113
-1.5939
-1.5315
-1.0466
3.3067
-2.8376
-2.1041
0.0885
-1.9881
-1.0926
-1.1415
0.7355
-0.6260
0.9696
-1.5497
-3.3149
0.4389
0.3242
-0.6171
-0.0648
-0.4592
-0.1587
2.1133
-0.3334
-0.0317
0.0208
0.8177
-0.2103
3.8223
0.0824
1.8917
1.2560
0.3887
-0.6534
-1.2096
-0.1798
2.3088
0.8849
1.9233
-0.5583
-1.7941
1.6964
-0.1027
0.4750
2.3389
-0.4528
0.5776
0.4513
0.1906
-0.1371
0.3305
-0.0670
0.0578
0.2587
0.0354
0.0161
0.2528
0.0041
-0.1046
0.0545
-0.1814
-0.1953
-0.0535
-0.0863
-0.0189
0.1046
0.3735
0.2623
0.3512
-2.1607
-1.5391
-1.7299
0.2784
0.0368
1.2761
-7.5690
-1.2401
-1.1807
1.0318
0.4767
1.7453
-0.4076
-1.9016
2.7745
0.5795
-1.7226
-1.6230
1.3363
0.9958
0.0506
1.4932
-3.7741
-1.0041
-0.1358
-2.4272
0.6066
0.1572
-0.0326
-4.7560
-0.5297
-0.6169
-1.2671
-2.1429
-2.2881
0.3953
-2.2978
-0.9826
1.4939
-1.8890
1.7225
-2.0357
-0.9282
-3.3646
1.0893
-1.4796
4.5687
-2.6559
0.9292
-1.3771
-0.1362
-1.2613
-2.4769
0.1936
0.0734
-0.5990
-0.4911
0.2285
-3.8576
0.2765
-0.4857
0.3438
-0.3538
0.1579
0.1425
-0.4581
-0.4993
-0.2744
-0.3360
-0.7974
-0.0024
-0.0446
-0.0990
-0.3044
0.0465
-0.3746
1.5257
0.0909
0.0409
0.1095
-1.2998
0.0771
0.8525
-0.0983
0.0546
-0.3008
-1.5138
0.6255
-0.3099
0.2690
0.4799
-0.1997
0.1915
0.3372
-0.1589
0.0832
-0.2140
-0.1784
0.1036
-0.1347
0.0623
0.0631
-0.0305
-0.1768
-0.0976
0.0706
-0.1935
-0.1351
-0.0402
0.1599
-0.0658
0.1176
-0.1247
0.3937
0.6198
1.1775
-1.0078
0.5736
-4.1618
0.0449
0.2320
0.1272
-3.3752
0.0424
2.5720
-3.2710
-3.1468
0.9742
2.4722
3.2543
-2.7859
-0.4399
-2.3427
-1.3047
1.1544
-2.7846
2.1794
-1.5853
-0.0340
-0.4023
-2.9893
0.2262
-0.4493
-0.0802
-0.4048
-1.2145
-0.1845
2.8491
-0.8435
3.9727
0.2859
0.5472
-1.5536
-1.4670
1.6540
-2.8876
0.7202
-0.1605
1.8863
-0.6126
0.7434
-0.7886
-3.4089
-1.9309
-1.1554
-0.7721
2.0211
-0.6470
-0.6971
-0.5519
-2.1294
2.5176
0.9959
1.1975
-1.4082
2.1070
-1.9336
-1.8758
-1.2418
0.1118
-0.2264
-0.4828
-1.0189
-1.6810
-1.0545
-0.3860
0.0041
0.1849
0.5585
-1.8545
-0.7767
-0.2986
-0.9361
-0.8309
0.0573
-1.0491
-0.2543
-0.4849
0.0529
-0.3869
-0.1548
0.0696
-0.2794
0.8321
-0.2504
-0.9766
-0.4420
-0.3600
-0.1974
-0.0424
0.2376
-0.8443
-0.5725
-0.3715
-0.1530
-0.1806
-0.3511
0.0412
-0.2111
-0.0475
0.0068
-0.0026
0.0246
-0.2817
-0.2291
0.0509
0.2557
-0.1945
1.7642
2.0565
0.6862
0.1151
-0.1960
-3.3397
-2.7403
1.2010
1.0522
-0.3167
-1.4835
-1.7987
-3.4390
-0.8707
-0.2871
0.6390
0.9632
0.4242
-2.8212
2.0262
-1.7499
-0.8417
-1.9163
0.0755
2.4867
-4.1013
-2.2674
-0.0432
-0.6394
-1.1961
-0.0520
-3.9772
-0.8547
0.1281
-0.7072
2.5101
2.1458
0.3634
-0.9096
-1.0038
-1.2718
-0.7990
-2.2688
-2.8934
-1.2868
-1.8161
-6.7905
-2.6300
3.2868
-2.3846
-1.9242
0.6842
4.9661
-2.5139
-2.0462
-0.6365
-0.7107
1.7686
-0.1391
-0.5182
-1.5271
-0.3126
0.6847
1.3972
-2.3250
-0.7121
-0.5328
-0.9640
-0.1851
-1.9188
-0.8413
-1.7662
-0.6627
-1.0967
-1.1908
-1.6183
4.2653
0.4630
2.3946
0.2717
0.2259
-0.3439
-1.6904
0.8800
1.5904
-1.2594
1.7863
-0.3569
0.0514
0.9987
-1.2561
0.4930
1.4945
-0.8352
-0.0248
0.2842
0.0480
-0.0554
-1.2841
-0.2836
0.3858
-0.5425
-0.2328
-0.3386
0.0171
-0.2286
0.2588
-0.4212
-0.0286
-0.2342
-0.1543
-0.1082
-0.2512
-0.2247
-0.0589
-0.7205
1.2404
-0.3513
1.4302
-1.3202
-0.3837
-5.3645
3.1295
-1.9626
1.9041
0.1835
-0.0260
0.1084
0.4333
-1.0861
2.7528
0.0875
-0.6802
-1.3449
1.1824
2.6332
-1.0228
-6.7826
-0.8225
0.0761
-1.8870
0.8850
-0.3895
-0.3967
-0.5494
-0.1524
-3.5600
-3.7927
-1.5773
-0.4172
-3.6642
-1.0821
-4.2529
-1.0311
-2.5411
3.3571
-3.6829
-1.0568
-0.1519
2.2822
2.3901
-2.4796
4.3415
1.2049
-1.6405
0.9999
-1.9156
1.0083
2.3635
1.2678
2.2360
0.7902
-1.0794
1.3192
3.2927
0.8342
-0.1258
3.5296
-1.6520
-1.7371
-0.0614
-0.2191
-1.2935
-0.6305
-0.8562
-0.6304
-0.8854
-0.5049
-0.2649
-1.0890
-0.1200
-0.1270
-1.2736
0.0431
-0.0828
-0.6801
-0.3032
-1.4421
-0.3932
-0.0609
-0.9840
0.1999
0.1134
0.4600
-0.7971
-0.0524
0.0139
-0.4308
-0.7566
0.2877
-0.1313
-0.4166
-0.0779
-0.3724
-0.7962
0.1340
-0.3660
-0.2770
-0.4488
-0.0157
-0.0727
0.1322
-0.2654
-0.2459
-0.3642
-0.2596
-0.2674
-0.1532
0.0073
-0.1003
-1.2645
-1.0665
2.3767
-0.6141
0.4861
-1.1327
0.0512
0.4049
0.6528
-2.0403
1.9403
-1.2105
-0.9147
-0.5002
-0.4599
-0.2316
-1.1648
-1.2041
-0.5069
-1.1583
-0.6365
-0.7935
-1.1523
-0.5629
1.4294
1.8397
-2.1639
-1.3576
0.8721
-0.6989
-0.2183
-6.7737
-4.2750
-3.4475
-0.8762
-0.2250
-0.6263
-0.0145
0.0942
-0.4441
-1.6897
-1.3776
-0.3808
1.6789
-1.2488
-0.4102
-3.0355
-2.7619
1.4006
1.5543
-0.6599
-1.4633
2.6166
-1.7429
0.6152
0.6020
-0.0056
-3.1426
-3.1384
-2.9297
-2.0102
-1.3493
-1.8027
-0.9907
-0.9258
-0.3761
-0.0894
-0.1798
-1.2125
-1.8467
0.0003
-1.8858
-1.0514
-1.2091
-1.0317
-0.5844
2.0468
0.4547
1.8490
0.0717
-0.7868
-0.2790
-1.8098
-0.7117
0.7829
-0.2598
0.9586
-0.5747
2.5333
0.0059
-0.2535
-0.0906
0.4341
-0.7307
0.0649
-0.1971
-0.4207
0.1922
-0.7009
-0.3931
-0.3895
-0.0853
-0.4563
-0.0858
-0.0888
-0.1882
0.2963
-0.1258
0.0289
-0.2508
-0.1575
-0.1757
-0.0264
-0.2493
0.1727
0.3636
1.7037
-2.5581
-2.9133
2.0797
-1.0016
-1.9428
0.6379
3.5290
3.2722
-0.1831
-0.5903
-2.0684
-2.1209
-6.9292
0.3080
-5.1018
-1.2780
2.2511
1.7265
-0.1786
-1.4785
-0.7736
-2.3209
0.1668
-0.4933
0.9470
-0.8328
-9.6324
0.3797
-0.1984
-5.1153
-2.1743
-4.2203
-1.5721
-0.7195
-0.5817
-0.5873
-3.9836
0.8073
-2.3624
3.2668
1.3402
-3.1395
-2.7031
-0.7383
-4.3663
0.9196
3.4987
-3.0332
-5.0263
-0.3211
1.7384
0.2060
0.6884
-0.6935
-0.0826
0.2080
0.3998
0.3064
-1.4524
-1.4752
-1.6678
-3.3140
-1.4913
0.6152
-0.3095
0.4466
-1.6013
0.4654
-1.2020
-0.2280
0.0094
-0.1769
-1.1064
-0.4014
0.4741
0.4982
1.5530
1.0094
-0.1956
-0.5759
-2.1430
0.0560
1.1107
-0.9676
0.5556
-0.7189
1.5096
1.1455
-0.6896
0.3688
0.9633
-0.5762
-0.1366
0.2062
-0.8517
0.2300
-0.3004
-0.5102
-0.1744
-0.1955
-0.0977
-0.4205
0.2450
0.0417
0.0126
-0.2833
-0.2624
-0.3130
-0.0505
-0.1031
-0.1334
-0.0721
-0.2164
-0.4083
1.8091
-3.4425
-0.2560
-0.2580
-3.1959
1.4998
0.1533
-0.8901
0.0531
1.7223
-0.7640
-1.3089
-0.6749
0.4667
-1.9134
-1.7703
0.6225
0.2145
-2.1815
-1.6779
0.1190
0.7292
0.1493
1.0668
-0.7996
-0.4100
-0.4594
1.3922
-0.1023
-0.0650
-2.2841
0.1188
0.1725
-4.0478
0.1110
-0.5843
0.8841
-1.8970
-1.1558
-2.5852
-2.1785
0.7559
0.0692
2.3978
0.2939
0.4525
-0.8929
0.8614
-2.0404
-0.4461
0.5840
0.3600
0.9843
1.3298
0.5649
0.7192
2.2060
0.3879
0.9804
0.2545
-0.1542
0.0517
-1.1226
0.1950
0.0682
-0.0049
-0.4720
-0.0819
-0.6122
0.3434
1.5541
-0.3821
-0.2828
0.0439
0.3855
-0.0687
0.4312
0.1040
1.0843
0.1749
-0.2156
0.1263
1.0923
-0.3184
0.0458
-0.0434
-0.4290
-0.0556
-0.4698
0.1142
0.4172
-0.3767
-0.2378
0.1294
0.0882
0.0897
0.0006
-0.0315
0.1110
0.3662
-0.0310
0.0714
-0.3117
-0.0438
-0.2069
0.1465
0.1157
-0.0408
-0.0737
-0.1282
-0.0120
0.0964
0.1701
0.0943
0.2085
-2.1050
-0.0713
-1.2584
-1.3840
-0.2389
0.8544
0.8250
2.0598
-0.0095
-1.5573
-2.2954
-1.8991
-1.2352
-3.0467
0.9644
-0.4849
1.4031
-1.5449
-1.5838
2.1763
-0.1020
-2.7153
-1.4514
0.3660
-1.3509
-1.2500
-2.4756
2.4791
-0.3906
0.0617
-3.7538
-3.1015
-1.6264
1.2330
-0.5439
1.3597
-1.7918
2.8081
-0.7035
-1.6318
1.3512
-1.9884
2.0816
-2.1215
1.6629
0.7638
-2.4677
0.4486
3.8713
-1.4942
-2.5679
0.1811
-1.4867
0.6047
-2.0717
1.0215
-1.0511
1.8826
-3.4707
2.9876
-1.1887
-0.6738
-1.1502
-0.5344
-1.5225
-1.2996
-1.2932
-0.8183
-0.8210
-0.9147
-0.7487
0.0981
-1.7651
0.1669
-0.3562
0.0429
-0.4485
0.1202
-0.2768
-0.3307
-1.5133
-0.9663
0.7460
0.0923
0.2706
0.0321
-0.5477
-2.2462
0.3855
0.5023
0.1642
0.0626
-0.5485
0.1400
-0.3126
-0.0426
-0.2447
0.5695
-0.7784
0.0903
-0.0895
-0.2932
-0.2430
0.1437
-0.1901
-0.1794
-0.2133
-0.1877
-0.2932
-0.0949
-0.0660
-0.0027
-0.0311
0.2642
-1.2823
0.0273
0.8812
1.5714
-2.0365
-3.9611
-3.4868
-2.1054
-0.7047
-2.8928
-0.9001
0.1946
3.1842
1.9641
1.0107
2.0987
-1.1605
0.9592
-0.7820
0.1501
0.4669
0.0538
-3.8642
-0.8151
2.6291
-1.5699
-4.1343
-1.0296
1.0412
2.4284
-0.1231
-4.4466
-2.6599
-1.1969
-0.4964
-2.3944
1.0541
0.4714
-0.3250
-0.5923
-0.4178
0.2569
2.4794
0.6670
1.5567
-0.4961
-1.2072
-0.7795
-2.1353
-0.5821
0.1906
-1.3393
-0.8752
-0.5989
1.4073
-0.5634
0.0243
-1.8070
-0.5787
-0.5612
-0.8320
-0.2128
-0.5318
2.0133
-0.5644
0.0304
-0.1580
-0.4067
0.1901
-0.1881
-0.3266
-0.2660
-0.4527
0.3905
-0.5905
-0.2545
-0.0988
-0.6682
-0.0549
-0.0353
-0.1028
0.8842
-0.1093
-0.1237
-0.0972
-0.1778
-0.2311
0.2062
0.2346
-0.2717
-0.2067
-0.1118
-0.0977
-0.1505
0.0410
-0.1179
-0.2814
-0.1138
-0.1575
-0.2425
0.0040
0.1382
-0.0318
-0.1470
0.0517
-0.1265
-0.0763
-0.0909
-0.1260
-0.0969
0.2071
0.1238
0.0131
-0.0117
0.0833
0.5841
-0.6265
0.9217
1.4422
-0.3475
-2.9227
-1.3810
-0.1805
-2.0668
-0.3272
-2.0181
1.5522
-1.4653
1.0040
0.7167
-0.4152
0.3078
-1.0683
-2.8373
-0.9369
1.2659
2.3361
-1.0020
-3.2922
0.7925
2.2893
-1.6152
-5.7031
-0.9440
1.1456
-0.0497
-3.3279
-1.1591
-3.5320
0.2801
-0.9895
0.4943
0.2260
-1.8546
2.3351
-1.5361
0.1207
1.4339
0.1945
0.2729
0.4581
1.3051
-0.2809
-3.0592
-0.6684
0.5474
-1.8234
-1.1794
2.5213
1.1931
-0.2505
1.2037
-1.1764
-0.1228
0.3770
1.5760
-1.0232
-0.8688
3.9168
-0.8282
-0.4714
-0.4029
-0.3635
-0.5750
0.0234
-0.5855
-0.6565
-0.3881
-0.1051
-0.4973
0.4299
-0.5550
-0.4264
-1.0232
0.0227
-0.6671
0.0875
0.2797
0.1722
-0.2726
0.2002
-0.8313
-0.0608
0.1267
-0.0944
0.1329
-0.0214
-0.0279
-0.3643
-0.1739
-0.3266
-0.2148
-0.0628
-0.1392
-0.1815
-0.0214
-0.0935
0.1250
0.0369
-0.2605
0.0904
-0.0047
-0.1412
-0.1015
-0.1701
0.0091
-0.1393
0.0577
-0.0461
-0.0091
-1.2891
0.2597
0.3261
0.7564
1.0242
-1.3785
0.7956
0.6277
0.7397
-0.6715
1.0509
-4.1445
-2.1612
0.6773
-0.8559
1.2017
0.2436
1.0420
-1.5755
-2.8461
1.3457
-0.4985
-0.7863
-2.0621
-1.5557
-2.4660
0.4032
-6.8191
3.4338
-0.2627
0.0827
-4.1805
0.6651
0.5977
-4.3644
-1.2804
-0.6619
-2.3231
-1.9707
-0.3970
-1.8113
-1.3251
-1.1524
-0.9906
-0.2357
-1.2668
0.1957
-0.1053
0.1832
0.7339
-1.2382
0.0019
0.7485
-0.1822
1.0564
-1.2444
-2.4281
1.4168
-1.5343
0.1244
-0.5381
-1.4995
-0.3717
0.6545
-1.6521
-1.7789
-1.1377
-0.7329
-1.7032
1.0764
0.1667
-0.8703
-0.3419
-0.1068
-0.5471
-0.0810
0.0898
-0.0540
0.6571
-0.5619
-0.4780
-0.8964
-0.9380
0.1317
0.1076
-0.0676
0.2180
-1.3585
-0.1204
-0.3358
-0.6300
0.6383
-0.4765
-0.8512
-0.6117
0.2565
-0.8078
0.1536
-0.2657
-0.6137
-0.2942
-0.0576
-0.3134
-0.3356
0.0725
-0.1153
-0.1185
-0.2418
-0.1999
0.0130
-0.1214
-0.1434
-0.2031
0.0285
0.0237
-1.2527
-1.4121
6.6664
-1.8785
1.6542
-0.8099
0.7156
-3.7858
-0.5302
-2.9520
-0.9903
-1.1697
-3.9086
-1.8800
3.8294
-2.0314
-0.9511
0.1811
-2.2410
2.4882
-0.5648
-3.7642
-4.2084
-0.7722
-7.8737
4.0901
-1.2904
-1.7298
2.1509
-4.4006
-0.3499
-4.0972
7.2207
7.1352
3.0509
-1.7331
-3.2358
-4.0398
2.8428
-3.8320
-1.4013
-3.9589
-2.7836
2.7542
-1.3776
-2.6165
3.1120
-3.7673
0.0401
2.7941
-2.0806
-3.1089
3.8534
-2.8294
-3.9966
-2.4342
-2.4890
-2.2237
-0.2485
-0.0389
4.3764
-1.7036
-2.1060
2.0946
0.0166
-2.5790
-1.6409
-1.4745
-2.6170
-3.2173
0.7730
0.4680
-2.2330
-2.0201
-0.2941
-1.7650
2.2436
-2.3533
-0.5692
0.2196
-2.2516
-1.9997
-2.0393
-2.0854
0.8864
1.7877
2.0491
-1.4290
-1.8712
0.0292
0.6509
-1.1570
-0.1331
-2.2482
0.0933
-0.9017
0.4495
-0.7832
0.2788
-1.1485
-0.8983
-0.6593
-0.7879
-0.9930
0.0739
-0.4234
-0.2146
-0.5138
-0.4755
-0.6731
-0.6029
-0.2322
-0.4387
-0.0705
0.4083
1.2974
0.0364
-0.0788
-0.3265
-0.3062
0.5042
0.7271
-0.9368
-0.9190
1.4235
0.3491
0.2818
-2.3613
-2.8132
0.4362
0.4886
0.0507
-0.4237
-0.7475
1.3198
-0.7429
-0.2510
0.4539
-2.0646
-0.3875
-0.7622
1.6064
0.0766
-0.9387
-0.0922
0.0751
-2.3554
2.6154
2.0671
0.7122
0.4563
-3.4271
1.5063
1.5771
2.4009
0.1546
0.2674
-0.3805
0.9982
-0.8998
1.0726
-0.6975
-0.6694
-0.1265
1.6927
-0.1777
-0.0056
-0.5257
0.0608
1.5372
-1.6745
0.4137
-2.3666
-1.3048
-1.2169
1.1719
-1.1447
-1.5451
-2.4895
0.8104
-1.4061
-1.0056
-1.4321
-0.0962
-1.5156
-1.6878
1.7932
-1.2440
-1.0365
-0.2520
1.1780
-1.5140
-0.5358
0.0481
-0.3409
-0.6705
1.0686
-0.6904
-0.6465
-0.3456
0.1746
-0.3258
0.2011
0.0372
0.0667
0.3728
-0.4763
-0.4624
-0.6809
-0.3127
-0.3424
0.6751
-0.3554
0.2135
-0.1542
0.1185
0.1704
0.0686
-0.2620
-0.2459
-0.1140
-0.2032
-0.1925
0.1503
0.0997
-0.0156
-0.1474
0.1300
0.1424
0.2077
1.0632
-2.0445
-0.4643
-5.0303
1.1220
-0.3970
-0.6369
-3.5942
1.1583
0.2969
1.0019
-3.2854
-4.1367
-0.1996
-2.4417
-0.3552
0.2177
-0.3186
-2.6359
-1.8144
0.1928
-5.3679
-3.0874
-2.6270
2.6109
-1.2170
-1.3366
-0.2908
0.2474
1.5116
-0.0075
-5.6094
-2.0026
-3.4388
-4.3357
0.5748
-1.0899
0.8628
-3.8872
0.6848
-0.6590
0.5321
-1.9149
-5.2166
1.0740
-0.2318
1.0126
-1.4982
-1.2428
-5.2621
0.4591
-1.2403
0.1899
4.0292
0.8982
-1.2339
2.5524
1.9042
1.0631
-0.1902
0.0723
0.5123
-1.0533
0.0173
-1.4943
-0.3712
-0.7432
0.2740
0.1130
1.1055
-0.0687
-1.4363
1.2930
-0.4174
-1.8690
2.9206
0.0804
0.3889
0.2134
0.4121
0.2623
-0.7126
-1.1117
0.0366
-0.4080
-1.0044
0.0583
0.4289
1.3150
-0.5162
-1.3306
0.6438
-0.6473
-1.4203
0.5533
-0.1331
-1.0039
0.3429
0.3862
-0.4011
-0.3706
-0.5229
-0.4692
-0.7441
0.0061
-0.4966
-0.0134
-0.3426
-0.2610
0.0663
0.0881
0.1080
-0.0470
0.1670
-0.1514
-0.4001
1.6239
1.8824
-6.9231
-1.4573
-0.6885
-2.1903
-0.7958
-3.0150
-1.8906
-1.2054
2.9163
1.2687
0.2079
-2.7763
0.3351
2.5717
1.5647
-4.3527
-1.5406
1.4408
0.9106
1.5693
-1.8112
0.7029
-0.4915
-1.2717
-0.3955
-2.0823
-2.9343
-0.0279
-6.0302
-0.5315
0.6613
-0.5004
-0.1740
-0.0262
-0.4598
1.1583
0.4299
-1.7634
-0.5289
-3.5046
1.7368
-0.3447
-1.2404
5.5557
-3.6629
-0.3115
0.3727
0.8868
-2.6713
-0.0651
0.5400
-0.9058
-2.5043
0.5431
-2.3758
0.2958
0.4084
0.5512
-0.4494
-2.3476
0.6012
0.2300
-0.1740
-0.3790
-0.2484
-0.7257
-0.7209
0.2424
-0.6659
-0.5114
-0.5495
-0.1436
-0.5254
0.1957
-0.7469
0.8318
0.0644
-0.3587
-0.2824
-0.8028
-0.3265
0.1908
0.6313
0.0014
-0.4578
-0.7881
0.2920
0.4562
-0.1383
0.3828
-0.2903
-0.1745
-0.1800
0.0676
-0.2081
0.0903
-0.0196
-0.0984
-0.1789
-0.0818
0.0380
-0.1372
-0.0201
-0.2824
-0.1910
0.0719
0.0236
0.0698
-0.1419
0.1988
0.0090
-0.0211
1.6622
1.3603
-2.2388
1.6349
-1.2833
-0.2790
-2.5349
-0.0153
0.0418
-0.8070
0.7335
1.7955
0.6578
0.9730
-3.2377
3.2487
0.9741
-3.5948
-3.0873
-2.7795
-0.9735
-0.9912
-0.4060
-0.1892
1.4525
-3.1793
0.6268
-5.7249
-2.1077
0.2466
-0.2524
-6.4658
-0.8387
-0.3467
-4.1605
-0.0882
1.0062
1.0011
-4.2265
-3.1523
-0.1911
-0.8556
-3.9295
-2.4359
0.2070
-0.0915
-2.6568
-3.4136
2.9156
-1.5237
1.0832
1.0865
3.1659
-1.7609
-1.5718
1.0182
-2.1947
-2.6247
-1.3410
-0.8035
-1.6667
-0.4968
-2.7876
-4.7233
-1.7451
-0.9082
-0.5493
0.5627
-1.3097
-0.9470
-0.8212
-1.6901
0.0786
-0.5866
-1.6435
-0.7672
3.0546
-1.0574
2.2461
-0.8318
-0.1991
-0.8058
-2.7635
-0.7468
2.1978
-1.0520
1.8730
-0.6103
-0.2426
1.4726
-0.3232
0.1322
1.9176
-0.8594
-0.5318
-0.3604
-1.2287
-0.1244
-0.8834
-0.3684
0.0005
-0.1557
-0.2280
-0.1836
-0.0877
-0.0807
0.0710
-0.4108
-0.2128
-0.7642
-0.1088
-0.1680
-0.3248
-0.2133
0.1043
-1.0934
2.2572
0.9792
-0.2059
0.1237
-1.1683
1.7268
-1.2094
-0.6792
0.1834
-1.1689
-0.2581
-0.9387
-2.1943
0.6829
0.4370
-0.1483
-0.0133
0.7994
-0.8603
-1.2660
-0.1792
1.5020
-1.9718
0.3944
0.7141
1.5044
-1.2676
-2.4672
0.1175
0.0049
-4.6422
-4.1650
-2.6947
-5.8573
1.6715
1.3815
0.9377
-5.3403
6.0974
0.6571
1.3304
1.2558
-4.2293
-0.2686
1.4409
-1.6731
-0.1751
-1.1859
-4.7408
1.0452
1.0224
-0.5331
-0.8962
0.0725
0.5576
6.0092
2.3019
1.2737
0.8222
-3.4085
0.6589
-0.3697
2.7451
-3.4559
-0.6123
0.1770
0.5145
-0.0995
-2.0222
-1.3074
-2.6860
-0.1887
-0.0115
-3.3832
-1.3683
-1.4006
-0.0078
0.2161
-0.5353
-1.3342
0.7232
-2.6652
-0.0158
-0.7266
-2.9924
-0.7264
-0.1677
0.7728
-0.8860
-3.0149
0.1351
-1.6367
-3.0243
-0.1603
0.4383
-2.4146
0.4820
-2.2775
-1.1037
-0.7400
-1.5391
-0.9919
-1.6837
-0.2026
-1.5048
0.3017
-0.6595
-0.6063
0.0333
-0.0072
-0.2876
-0.5484
0.1635
-0.5611
0.8616
-0.0718
0.3843
1.2060
0.7441
1.5640
-3.8995
-0.2006
-0.0851
1.3234
1.7282
-0.4287
0.1369
-1.1002
-1.2619
0.5523
-0.1874
-1.0470
-5.7833
-1.4119
1.4580
1.0526
0.1363
0.4969
-0.2975
-3.0928
0.4650
-0.1599
-0.9866
-0.9375
0.0363
-3.9281
-0.9571
-0.7759
1.3105
-1.3379
-3.1691
-2.2497
0.5288
-1.2874
0.8791
-1.4025
1.8166
-0.2092
-0.8207
-0.0483
4.4498
-2.2451
0.9260
-1.9542
-1.1300
0.3786
0.0450
-0.1770
-1.9782
3.2214
-1.5911
-1.4827
-0.9210
-0.4045
-1.6838
-1.9044
-0.9408
1.0950
-1.7509
-0.8901
-0.4528
-0.3778
-1.0583
-1.1705
-0.6438
-2.1113
-1.2514
-0.7999
1.3771
-0.5352
-0.4522
-0.5315
-0.2025
-0.8155
-1.6567
0.4071
-0.7772
-0.7726
-0.1730
-1.1010
-0.1456
-0.8694
-0.1815
0.0413
0.1873
-0.2411
-0.1943
-0.7191
-0.7593
0.0177
-0.4916
0.2207
-1.1440
-0.4092
-0.3110
0.0131
-0.0199
-0.3545
-0.0255
-0.0846
0.0059
-0.1097
0.0122
-0.0619
-0.0882
-0.2516
-0.2432
-0.0481
-0.1374
-3.0732
1.7998
3.1217
-2.3851
3.5239
-0.6625
3.1407
-2.4835
-2.5151
-4.5592
-1.5337
-2.1445
-0.1386
-0.4059
1.3753
0.5405
-1.1430
-3.2978
-2.0527
-2.7668
0.1657
0.7380
-1.6666
-0.7551
-2.4585
-0.9282
-2.9675
0.6109
2.5238
-0.6792
-0.0958
-4.2411
-5.0072
-4.2377
-0.7887
-1.9310
-0.7845
-0.5626
0.6176
0.6047
-1.6597
-0.0468
-2.4326
-0.9596
-1.4465
-1.4083
-1.8369
2.3773
-0.2727
-0.8030
-0.5492
0.1070
1.4439
0.7209
0.2456
-1.6325
0.0446
-0.6528
1.0109
-0.7967
0.1142
1.7258
-1.4510
-0.5507
0.6410
0.2486
-0.0479
-0.4471
-0.2535
-1.5060
-0.4606
-1.0552
0.1896
-0.1603
-0.5291
-0.9661
1.8585
-0.3871
-0.4716
0.0265
1.4781
-0.5932
-1.0631
0.6119
-0.0661
0.4279
0.5096
1.5435
-0.0091
0.0029
0.6593
-0.0507
0.1812
-0.6494
0.2009
-0.3228
-0.7168
-0.3095
-0.6538
-0.1488
0.4224
-0.0673
-0.2242
-0.3573
-0.1120
-0.0343
0.0313
-0.1430
-0.0763
-0.1167
-0.1387
0.1607
-0.1143
0.0851
-0.0468
-0.1050
1.9542
-0.3328
-1.3911
2.1301
-0.4296
-0.2853
1.1418
-1.4981
0.5032
0.5593
0.7209
0.7524
-0.3090
0.3629
0.9538
2.5050
-1.4627
-2.9450
1.9678
-2.9689
-1.8715
-0.1552
-1.0695
-5.0307
0.9590
1.1456
-1.6483
-2.1447
0.0693
-0.1556
-4.3694
0.3034
0.8181
-4.2815
0.1750
-3.2168
-1.4474
-4.5448
0.9818
-3.8867
-2.3997
-3.4317
-3.8636
0.0323
0.6027
-1.4778
-1.6839
-0.2244
-2.5836
-0.7333
-1.3025
0.0588
1.1011
2.4571
0.8549
2.0250
-2.0216
0.3018
-1.4633
-0.4398
-0.5898
-1.5594
0.9202
-0.4286
-0.1071
-0.5733
-0.5046
-0.9642
-0.6927
-0.6252
-0.0011
-0.2245
-0.2392
-0.4641
0.5986
-0.5748
-0.4538
-0.7863
-0.4278
-0.1547
0.4553
-0.7579
-0.2377
-0.7653
-0.6007
-0.1831
0.2442
0.4266
-0.7496
-0.2695
-0.2675
-0.5809
-0.4330
-0.0499
-0.2459
-0.2705
-0.2111
-0.0164
-0.5290
0.4239
-0.1463
-0.1317
-0.2002
-0.0695
-0.1152
0.0220
-0.0726
-0.2418
-0.1382
-0.0906
0.1506
0.0552
-0.0344
-0.1782
2.3694
1.4689
-1.1688
-0.0435
-1.6086
1.4383
-0.9178
1.8329
-3.3511
-2.2184
-2.8693
-1.2524
-3.3020
1.0235
-0.3489
1.3448
3.8294
-1.9369
-3.1987
-0.5674
-1.1455
1.9711
0.6466
-3.0353
-3.9896
2.0103
-2.9019
-3.9505
-0.0772
-0.4508
0.1396
9.5203
-1.2453
-1.1973
-2.8456
-1.2030
-1.5555
-1.0398
-2.5968
0.1071
-1.5751
-2.6410
-0.1057
-5.4964
-0.8159
-0.9529
0.0740
0.0987
-2.5739
-2.0478
-1.3011
-2.1436
-1.7018
-1.6439
-0.7236
0.5192
-1.7453
0.4038
-0.5519
-2.6041
1.6884
1.3307
-2.0600
1.3373
0.1543
1.1215
1.2763
1.8946
0.1203
1.6440
1.5417
2.0259
0.8660
1.0701
1.8967
-0.1592
-0.7344
2.0826
-1.4579
0.5371
0.9579
-0.2831
2.0408
0.6448
-1.1476
0.0955
-0.8331
0.3192
0.4645
-0.5802
0.6787
-0.6112
-0.9145
0.3312
-0.2466
0.2576
1.1954
-0.3048
0.1131
-1.0693
-0.0563
0.1925
-0.2534
-0.1731
-0.1962
-0.1934
0.0906
-0.2433
-0.0198
0.2595
-0.2747
-0.2247
0.1056
-0.0870
0.0789
-0.5681
-1.4067
1.3360
-1.6427
-2.1135
-0.9527
-0.7105
-0.2805
2.6792
-1.1452
0.8379
-1.4652
0.9071
0.6525
-4.3823
-0.6658
-1.7476
-3.2431
0.0175
-1.6414
1.1870
-1.6229
-0.7923
0.0691
1.1808
1.8520
-4.6569
-3.5427
0.6688
-1.9431
-0.0670
-3.3214
-2.3435
-4.0997
-1.9872
-0.2691
-0.1750
2.1795
-2.0376
2.8148
1.7403
3.1111
0.1111
-0.0563
0.9862
0.1721
-3.8638
-2.0420
-1.0539
2.5885
-1.1662
1.6514
-0.5243
-1.8747
1.1120
-0.3997
1.0119
1.3920
-0.2566
-0.4348
-1.6933
0.7371
-0.7934
-2.4459
-3.2021
0.6451
-0.9129
1.1415
-0.7745
1.7998
-2.3235
-1.6658
0.3620
1.4961
-2.1680
0.6928
-1.0386
0.4741
0.3722
0.7128
0.0452
0.0498
-1.0592
0.6431
-0.4055
-0.1808
-0.4468
0.6218
0.1600
-0.2416
-0.1627
0.2523
-0.0512
-1.1783
0.3505
-0.0503
-0.5073
0.2120
-0.4795
-0.1788
0.4693
-0.3603
-0.0447
-0.7276
0.0633
-0.5237
-0.1040
-0.0831
0.0828
-0.0234
-0.1607
-0.2215
-0.0750
-0.0780
0.0575
-0.6490
1.8312
-0.5051
-0.0537
-1.7766
0.2968
-1.6670
0.0602
-1.3360
0.4474
-0.7973
-5.3260
-1.9210
0.8846
-0.3714
2.9022
-1.2174
-6.5043
-5.0009
-2.9761
-2.1035
-0.5322
-0.9443
-1.8022
-0.1395
-1.8061
3.2480
0.8808
1.3052
-1.2747
0.0658
-3.5486
-3.7188
-0.4954
1.7738
0.8105
-0.1173
0.4634
1.2363
0.4925
-0.7459
-1.7522
1.3364
-0.7692
-0.8009
-1.7528
3.9233
-0.9357
-0.9562
-0.8606
-2.7982
1.7703
-0.8048
1.4801
1.8196
0.9562
0.9433
4.1869
-1.3761
-1.5318
-0.0393
-0.7395
-0.8314
0.4144
0.4774
-0.8177
-0.5047
-0.7556
-0.5789
-0.3439
-0.6978
-0.7522
-0.5049
-0.5845
-0.9378
0.3288
-0.4737
-0.5229
-0.1220
-0.5933
-0.5981
-0.3461
-0.1584
-0.0458
-0.1167
0.7783
-0.1426
-0.0669
-0.8544
0.0088
0.0379
-0.1012
-0.0220
-0.4178
0.2225
-0.3327
-0.5595
0.0160
-0.0425
-0.6833
0.1337
-0.2666
-0.0479
0.0707
-0.0604
-0.2418
-0.2167
-0.0796
-0.0304
-0.1864
-0.1813
-0.1156
-0.1539
-0.3000
0.1182
0.8320
-1.9776
3.1539
1.7517
0.6665
-3.5235
-3.4966
0.0840
-0.1876
-5.1777
0.0965
-1.1022
-1.4397
0.7598
-0.8040
2.9103
1.2460
-1.0857
-0.7156
1.3762
-0.0966
0.6588
-8.5429
0.1435
-0.9532
1.2815
0.5139
-3.0448
0.4000
1.4875


Weights 1->2:
-0.6807
-0.5966
-0.3209
-0.5366
-0.5134
-1.6907
-0.9147
-0.5419
-0.8095
-0.7119
-0.5563
-0.6771
-0.7781
-0.3764
-0.7352
-0.4027
-0.6321
-0.4484
-1.6516
-0.4461
-0.5546
-0.7962
-0.7985
-0.6402
-0.5432
-0.5687
-0.7091
-2.3914
-0.4754
-0.6238
-1.6114
3.6388
0.4954
-0.1850
-0.4760
2.0393
3.0259
1.3021
-1.9276
2.9391
3.1380
2.2445
3.2375
1.7811
1.7222
-0.8445
-1.9596
1.8630
5.4225
-2.2768
0.6035
0.2183
3.9407
0.9095
0.6761
0.9556
0.2749
-5.7432
-2.7080
0.6692
0.2913
2.3765
-1.6327
3.3411
0.2733
4.8474
-2.1963
1.5849
1.7195
0.5863
1.9084
-0.4914
2.1887
1.4555
0.7289
-0.3216
0.7987
0.2791
0.1167
-1.8674
0.5726
0.6242
1.8792
5.9178
-1.1740
0.6402
2.4917
-1.0717
3.1919
1.4443
0.4307
0.2070
-1.1204
-2.3590
0.8195
4.1038
-2.1546
1.9426
1.1754
1.6155
1.5622
2.7330
2.9434
2.0151
-0.8242
-1.6605
-0.7615
3.9458
-1.1731
0.1440
4.5186
-0.8423
1.6832
6.6025
-0.8702
0.5939
0.2049
-0.9494
-0.2356
-0.7430
-0.0355
-2.7165
-0.1496
-3.3503
4.6229
3.9624
-2.7657
-0.8226
0.2603
1.6703
2.9358
2.7196
2.9420
-1.1144
-0.7984
-0.2148
-2.2666
-0.3377
-0.2023
0.7205
4.3291
0.1511
2.7057
4.7635
-1.2507
2.8666
0.7881
-0.3949
0.1361
0.1054
-0.4205
2.8145
2.5695
1.1798
-0.2594
2.8115
1.6921
2.2967
0.1349
-0.0891
-0.3743
2.0675
-1.8113
-1.1735
1.6597
0.2705
-0.1362
0.4065
5.8803
0.8231
0.2891
0.9442
-1.9129
-1.9485
0.6182
0.6792
1.4062
-0.9098
-2.6204
1.0828
0.1941
-1.2685
-0.6099
1.4593
0.4946
3.4505
2.8194
-1.9267
-2.3072
-1.5766
2.7565
-0.0437
0.3084
2.1546
2.3723
-1.5761
-0.0297
-0.4822
5.5354
0.4548
2.5541
0.8074
-2.7563
1.1091
-1.5836
-0.2368
2.9202
-1.8072
0.6052
3.9267
-1.3224
-2.0506
1.2673
1.6661
1.2999
3.1852
0.7982
0.2423
-0.3634
0.8650
2.4141
1.2345
1.0388
-0.0960
0.8806
1.5346
-1.3339
1.0124
4.4255
1.4455
-0.8549
1.8981
2.8517
0.6545
2.4328
1.4919
-1.3880
-2.6296
-1.2708
1.5783
2.4656
0.4601
-1.2402
4.1029
1.4333
3.5520
-4.7482
0.1553
-0.7348
0.5759
2.2202
-0.0360
2.0904
-0.2660
-0.0431
1.2983
1.1546
-2.2347
-2.2103
-2.9001
0.5191
3.4778
2.6985
4.9687
-1.0313
-1.0059
4.4397
-4.2410
2.6024
1.5195
1.7347
0.2005
-0.8840
-0.7404
0.7746
3.2856
0.1352
0.1142
0.1594
2.1516
-3.5291
1.3125
1.8274
-2.3251
1.0627
1.3177
1.9535
0.8634
4.2626
0.2753
1.2660
-0.2743
2.5851
0.7310
0.3578
-0.0691
1.6819
0.9922
-2.6135
1.7366
-0.7002
-0.3320
-0.4188
1.9374
-0.7703
3.6873
5.0906
1.0919
3.1005
-1.3434
-0.0535
1.3975
-2.6015
0.1505
1.8621
-1.0499
-1.1398
2.1389
3.7885
1.7682
-1.1538
3.2601
2.8551
-1.2332
0.9817
-1.6210
-1.4340
0.4636
-1.7051
-0.6230
1.2178
-0.0449
-1.0445
-0.1189
-0.3792
3.9070
2.9879
1.1839
0.9874
-0.9082
0.1746
1.0754
-1.2678
1.2038
1.9199
0.4531
1.7187
-0.0074
4.3109
0.3213
-1.1922
1.0370
3.0865
-0.6743
-0.8621
2.0634
0.7994
-1.0606
-0.5713
0.9350
0.8898
0.4395
1.5417
-0.9997
0.8046
2.8225
2.5535
-0.4240
1.9279
-1.1891
0.2083
0.8656
-1.1088
-2.2178
1.1257
-0.4922
0.4264
0.8054
4.8063
0.0733
-0.8740
1.0793
2.0554
-2.4376
0.9718
0.9649
0.5839
0.9741
-0.4027
0.5399
-0.6456
-0.5835
1.2446
1.8006
0.1361
3.4613
-3.0815
0.5583
-0.8115
0.9591
2.2582
-3.5922
0.1611
1.9265
2.7338
-0.4468
3.6707
-1.5440
-2.6822
-1.3253
0.7200
-2.7709
2.6382
4.5498
-1.7444
3.6596
3.4761
-1.4684
3.5566
2.6657
1.2537
-0.4060
-0.8126
1.4102
1.5350
3.6746
-0.7993
1.0909
1.2627
0.9293
2.5400
0.5863
-3.2072
-0.8572
2.1120
0.5227
1.2244
0.7938
3.7475
0.6616
0.8810
1.6485
2.8543
1.3994
0.6338
-1.5429
1.1131
-0.6362
-2.1127
-1.2605
0.3381
-0.4372
0.0956
0.1910
0.8456
3.4492
1.8241
0.6135
0.7945
1.2794
0.9952
0.9472
0.2048
-0.8632
1.6534
1.5630
-0.6115
0.5082
4.1103
-0.1532
-1.7343
1.5172
1.7257
-1.5199
1.9161
-1.1216
-0.0903
0.2968
0.6452
-0.7505
1.5055
-0.3424
-2.2427
-1.2910
-2.1276
3.3998
-0.8861
2.0194
2.2034
2.1542
1.8689
0.6169
2.1208
1.6404
-1.9989
2.9211
-0.4133
0.3363
-0.6315
1.1148
0.2854
-0.0169
-1.4218
4.4568
0.8867
0.6370
0.3728
0.1660
1.2712
0.2944
-0.2804
0.3937
-1.3995
1.5373
2.3457
3.0457
-1.3818
-1.7233
0.6921
1.0633
0.7278
0.4321
0.0468
-1.9379
1.1191
-0.9344
1.4421
0.9175
3.2146
0.2751
-0.5860
1.2971
0.9747
-0.7556
0.3412
-1.1994
2.2318
1.3802
-1.0401
0.9632
-1.1819
2.1432
1.3761
-0.1699
-0.2811
-0.4847
4.8149
1.9227
-2.0790
2.1172
1.6073
1.0620
2.8716
-1.8738
0.6534
1.0643
2.0247
0.8698
2.6642
-0.4000
-1.5083
0.7154
3.8801
-0.4439
-0.3860
1.4194
-1.8823
-4.1900
-1.0285
1.4985
0.4460
-0.2740
1.6123
-1.6128
-1.7023
4.2059
-1.1516
-1.9372
1.4760
-0.2364
1.5690
-1.8682
1.1955
0.9636
-2.0757
-0.6587
3.9664
4.6661
-2.5287
0.7585
3.8741
-4.2671
2.2431
4.4221
-0.4349
-0.6028
2.8591
-2.2282
0.6969
-1.6218
-1.0520
-1.3568
-0.4504
3.2821
-0.2431
1.1274
3.0919
-1.4238
0.3245
-0.7333
-0.4604
2.6222
-1.2350
-1.4413
3.4142
3.0312
-0.3440
2.7376
3.5672
2.2414
-3.7663
1.5311
-2.0292
-4.4878
2.7538
0.4600
2.2745
1.0664
-2.8007
-0.7224
-1.1152
3.1112
1.0721
0.8369
1.1688
0.9263
1.3950
0.4565
0.4815
0.1302
1.4104
1.7193
-0.7932
-0.3898
3.3515
-1.8759
-2.6028
0.2122
4.3431
0.0509
0.9583
0.4849
-1.6491
-4.3342
-0.1770
0.0618
-1.9616
0.7786
2.8073
0.5288
-0.7312
3.0577
0.5778
0.3759
-0.1078
1.2453
2.5942
1.5716
-1.8761
1.9442
1.5215
1.3379
1.9840
0.2849
0.9679
0.8340
0.4751
0.9782
3.1664
-1.6415
0.0240
0.5214
2.9976
-1.4734
0.3420
0.8677
0.4096
-3.5930
-0.3876
0.5236
0.0695
0.1940
0.8105
-0.0044
-1.0304
3.4492
-0.6891
-1.3909
1.8248
-0.3885
-0.1338
1.1890
-0.4144
-0.0083
-0.5304
0.8491
1.9053
0.9301
0.2915
2.4600
-1.0025
1.8452
1.2641
-1.2386
-0.3238
-0.8904
-0.1894
0.3707
-1.3724
2.2347
0.9799
-1.7377
2.0764
2.4280
0.5028
-2.4735
5.3839
-1.0728
-0.2815
-1.2936
-2.3277
-0.4046
-0.3279
-1.2129
0.5341
-1.0108
-0.8048
3.2237
2.9991
2.7622
-0.7656
3.6313
-1.8297
-0.9251
-0.4448
-0.7358
-2.0704
-3.2387
0.6798
3.3867
-2.0130
0.2519
1.7685
-0.8707
1.1503
2.9975
-1.8406
1.2783
1.3182
2.4605
1.3210
1.3008
-3.1284
-1.2001
1.0919
0.8106
-1.9451
-0.7284
2.9491
1.8849
-2.5527
-1.0625
1.1154
-3.1574
2.6622
-1.3831
-1.6157
-0.0171
1.2077
-1.3140
-0.7093
-0.5779
2.7812
-0.0104
0.6579
2.3226
0.6085
-1.0257
-0.3983
1.4434
-3.3889
0.7491
0.1914
-0.6599
1.1687
-0.2673
-0.6983
1.1722
3.0136
0.5072
-0.0657
3.2068
2.3617
-2.5417
-0.3336
-1.7582
1.4735
-0.7807
0.5647
1.5283
2.7581
-1.4687
0.8833
1.7755
1.2398
3.8604
0.3462
1.5976
3.1660
-0.9472
-1.5035
-1.0690
-2.3998
0.5863
0.7701
0.0919
0.6240
0.7055
2.2358
2.2134
-1.3988
1.3342
-0.9247
-0.0516
-2.9619
-0.0821
0.9387
-0.8634
-0.4936
-0.8614
-1.1684
0.7947
-0.3954
0.1254
2.6924
3.9199
0.4888
-0.9192
2.7659
-0.6279
-0.4170
-0.0403
0.0677
1.9981
-0.0214
1.1283
0.3362
2.4936
2.7147
-0.7712
0.0259
0.9863
-0.8959
-0.7624
0.5620
-1.5846
-0.7067
-0.9397
0.7137
-1.4058
-0.0932
-2.5658
-1.5753
1.7785
-1.9035
1.2006
0.2416
-1.8582
0.5865
-0.9105
-0.7904
1.8779
0.8370
2.5939
1.9605
-0.7653
2.7957
-1.4774
3.3579
1.6470
-1.3058
1.8212
-1.6923
-1.0592
-0.7276
1.2689
-1.8212
1.0481
-1.1961
0.2847
1.0503
0.2063
-0.5610
-0.9207
-0.2591
2.6844
-2.5907
0.2402
2.1675
-1.8585
2.4868
-0.4043
-1.5941
-0.1906
-2.2879
0.5380
1.5968
-1.2430
-3.4289
1.8874
4.3639
-2.5530
-1.6743
3.6662
1.3423
1.1629
0.9099
-0.2460
0.3020
-1.1225
1.4617
0.5861
0.5242
-0.4068
-0.6276
-2.9871
1.1304
0.0466
-0.4678
0.4832
-1.3733
-0.6552
-0.0346
0.3445
-0.6311
-0.3270
-0.3268
-0.6079
-1.4706
0.9690
0.4297
-0.4763
-1.1475
0.3172
0.2887
1.0697
-0.5719
4.9516
0.6710
-0.5962
0.3096
-1.1883
-0.1220
1.9884
0.2354
2.5288
-0.4949
1.5735
2.8114
-0.4832
0.4328
0.3246
-1.6375
1.0756
-0.7561
0.3591
-0.6672
0.0460
3.0737
0.0337
-1.9409
2.0888
-0.9230
-1.8939
0.4757
-0.7144
0.2225
-0.8925
-0.0785
-0.0397
0.2329
2.1629
-0.3826
0.4209
-0.1562
1.3942
1.7893
1.0822
-1.6307
1.9457
1.8564
1.3515
1.5692
1.1800
-0.1433
0.7566
0.1314
-0.5851
1.7432
-1.8069
1.0488
0.9006
1.4494
-0.5170
-1.2555
1.6246
1.2791
-1.1281
0.1447
-0.0532
0.7258
0.9705
0.3825
-0.1919
-0.2606
-2.4473
-0.1741
-0.0595
1.1669
0.7531
-1.1807
0.9274
0.5384
0.4504
-0.2780
-0.2274
-0.4027
-0.2252
-2.4324
0.5490
0.8963
-0.8697
-1.1231
1.0957
0.9116
0.3618
-0.2295
4.2828
1.3230
-0.1709
1.3296
0.2011
0.3328
0.0616
-0.3262
-2.3045
-0.0360
-0.0078
0.5296
-0.0066
0.1389
-0.9587
0.6053
1.2372
-0.2826
-0.1103
0.1826
-0.5732
-1.9981
0.8222
0.2297
-0.7918
-1.1418
0.8904
-0.0676
-0.0503
0.0055
3.9325
1.0241
-0.4716
1.1596
0.0518
0.0211
-0.3674
-0.3440
-2.4243
-0.1896
-0.2178
0.2236
-0.1040
-0.5772
-0.8171
-0.1301
0.4966
-0.5493
-0.2081
-0.0901
-0.5182
-1.8170
0.1118
-0.1277
-0.8875
-1.2046
0.1746
0.1976
-0.3248
-0.5618
3.7703
0.8238
-0.3933
0.4198
0.1542
0.3691
-0.0954
-0.4474
-2.9837
-0.3208
-0.2661
-0.2068
0.0527
-0.6817
-0.5922
0.2119
0.0342
-0.3621
-0.2337
-0.3743
-0.2565
-2.0489
0.4647
0.7320
-0.8467
-0.8672
0.3899
0.0371
0.4530
-0.4854
3.7606
1.8245
-0.6141
0.4039
0.0688
0.4286
-0.4137
0.1020
-2.8316
0.5960
0.1952
-0.5739
0.3269
-0.4534
0.6927
0.0880
0.6908
-0.4182
0.0757
-0.1645
-0.5142
-1.7784
-0.2626
0.6126
-0.7515
-0.6610
0.7346
0.0160
1.6812
0.2597
3.5976
0.8056
0.2829
0.9774
0.5915
-0.0605
-0.4714
0.0611
-1.7337
0.2355
-0.0128
0.9982
-0.3177
-0.3440
-0.6745
0.0582
0.3946
-0.4410
-0.1906
-0.1350
-0.6616
-1.6843
0.2324
-0.4650
-0.5313
-1.2141
0.0650
0.4173
-0.1163
-0.4537
3.0956
0.2412
-0.4804
0.5505
0.1151
0.1098
-0.1523
-0.4437
-3.7382
-0.3849
0.0064
-0.7050
-0.1502
-0.3920
-0.2280
0.4355
-0.1974
-0.6505
0.0031
-0.1256
-0.2138
-2.0565
-0.0781
0.4757
-0.8214
-0.4912
0.4099
0.4593
0.2749
-0.5679
3.8590
1.2174
-0.3372
0.8861
0.0553
0.2081
-0.2831
-0.3154
-2.2703
-0.3401
-0.4017
0.0476
-0.0233
-0.4571
-0.5167
-0.2864
-0.1155
-0.2493
-0.1895
-0.4397
-0.4759
-1.9130
0.0040
0.3791
-0.7394
-0.9010
0.5720
0.2676
0.0270
-0.2895
3.3001
0.5134
-0.3320
0.8919
-0.1018
0.2143
-0.4863
-0.2408
-1.4748
-0.2552
-0.0874
0.4457
-0.2437
-0.2072
-0.9659
-0.5364
0.6082
-0.4751
-0.0248
0.1944
-0.6740
-1.5039
0.1674
0.0238
-0.9201
-1.3771
0.4404
0.6347
0.1643
0.0277
2.8473
0.6800
-0.3409
0.6249
0.2886
-0.1045
-0.2943
-0.1031
-3.0408
-0.0212
-0.0108
-0.4989
-0.0322
-0.6558
-0.5425
0.1382
0.3473
-0.3403
0.0053
0.3551
-0.6034
-2.0389
0.2537
0.3714
-0.5746
-0.8538
0.7699
0.7706
-0.0184
-0.5672
3.6266
0.8942
-0.4884
0.7404
0.0349
-0.0192
-0.2437
-0.2190
-2.4483
-0.5986
-0.3846
0.2864
-0.0388
-0.5816
-0.1931
-0.2595
-0.1531
-0.5155
-0.1521
-0.3636
-0.2172
-1.8675
0.4812
0.1804
-0.9734
-0.9379
0.0903
0.5539
0.3815
-0.4249
3.2568
0.8041
-0.4149
0.6238
-0.1333
-0.0996
-0.5039
-0.4514
-2.4847
-0.8097
-0.3016
0.4558
-0.4144
-0.6354
-0.7234
-0.1898
-0.1250
-0.8135
-0.2811
-0.3023
-0.6805
-1.9623
-0.0953
-0.3001
-0.8463
-1.0604
-0.1898
0.1234
-0.2988
-0.3807
3.3127
0.1921
-0.5645
0.2070
-0.2153
-0.8099
-0.8049
-0.6128
0.3015
-0.7967
-0.5852
1.5293
-0.6177
-0.7623
-1.0254
-0.9999
-0.3504
-0.7532
-0.3250
-0.3638
-0.8652
-2.1146
-0.3833
-0.4985
-0.9543
-1.3110
-0.9699
-0.5093
-0.0596
0.6742
1.3902
-0.1377
-0.7901
1.0126
0.3346
0.6404
-0.1295
-0.2994
-3.1438
0.4725
-0.1531
0.0909
-0.0971
-0.5751
-0.2710
0.0663
0.4558
-0.1160
-0.1590
-0.1593
-0.2482
-1.2420
0.9741
-0.1075
-0.4447
-1.0247
-0.0771
0.7083
0.1529
-0.2424
3.2334
0.6179
-0.3778
-0.3541
0.4675
0.6227
0.1450
0.4261
-0.8481
0.4185
0.7916
-0.7045
0.5128
-0.0216
0.3875
1.6911
-0.5884
0.7096
0.2577
0.3229
0.2787
0.5945
-0.7537
-0.4054
0.0679
1.6997
-1.3230
2.0927
-0.4015
0.0098
0.0043
-0.6012
1.4292
0.2574
0.1171
0.7135
-0.4193
0.3503
-2.2189
0.1025
-0.0437
-0.0544
0.3256
0.0204
0.1688
0.2656
1.0749
-0.4726
0.0855
0.2521
0.2267
-1.6494
-0.0777
0.0553
-0.5399
-0.9416
1.8342
-0.1766
0.3949
-0.0224
2.4622
0.7614
0.4080
-0.0565
-0.0560
-0.3732
-0.5153
-0.3692
-1.4191
-0.4222
-0.3882
0.4306
-0.5162
-0.7746
-0.8649
-0.0349
-0.2763
-0.5026
-0.3344
-0.0896
-0.5714
-2.0162
-0.0994
0.7480
-0.8430
-1.1064
0.2757
0.0434
-0.0911
-0.2931
2.0356
1.3630
-0.4673
0.0100
-0.2184
-0.2253
-0.3113
-0.4556
-2.9342
-0.5509
-0.3498
-0.6258
-0.6202
-0.6477
-0.7643
-0.2904
-0.1265
-0.7679
-0.1705
-0.3435
-0.6648
-1.7054
-0.1033
-0.5513
-0.7763
-0.8377
-0.7156
-0.2004
-0.4005
-0.7743
2.8759
-0.1026
-0.6719
-0.3407
1.5731
-0.2210
0.2727
0.1128
-1.3227
0.8966
0.8482
-1.5185
1.1026
0.7106
1.2947
0.1960
-0.0225
0.0606
0.5205
0.1298
-0.6434
0.1508
-0.6028
0.3059
1.5237
1.2205
-0.6986
-0.3509
0.2847
0.6597
0.2099
-0.4400
1.1877
-0.0301
0.0086
-0.0096
-0.4751
-0.2592
-1.9795
0.0785
-0.4466
-0.4636
-0.3763
-0.2616
-0.5042
-0.3388
0.3229
-0.5651
-0.1517
-0.0817
-0.3961
-1.4232
-0.3095
-0.2784
-0.4042
-0.9482
-0.6834
-0.2528
-0.4509
-0.2951
2.2290
-0.5015
-0.3032
0.0500
0.1645
0.2868
-0.0863
0.5813
-1.0973
2.1809
1.5909
-1.3153
0.9059
-0.2677
0.7071
1.8093
-0.4308
-0.4535
1.4939
1.0817
-0.1763
0.2502
-0.5535
-0.6506
0.0092
1.2363
-0.6623
-0.2978
0.5441
-0.6680
-2.6966
-0.2716
1.1325
-0.3681
-0.4435
-0.3311
-0.6973
-0.5511
-2.4161
-0.9504
-0.5516
-0.5338
-0.4983
-0.7572
-0.7179
-0.4561
-0.4044
-0.7932
-0.3904
-0.3701
-0.6902
-1.8640
-0.4022
-0.5115
-0.7225
-1.0787
-0.6613
-0.4073
-0.4720
-0.6424
2.4922
-0.5211
-0.6689
-0.8365
-0.2760
0.3886
-0.2108
0.6977
-0.6895
1.1647
1.5106
-1.2196
0.0002
0.4518
0.6502
1.6172
-0.4095
0.0529
1.1002
0.6057
-0.2828
-0.6170
-0.3691
-0.3070
0.2316
1.8029
-1.1439
0.1714
0.2330
-0.3443
-2.4057
-0.4553
0.6441
-0.2222
-0.3406
-0.3140
-0.5192
-0.3565
-2.2863
-0.1755
-0.0405
-0.5876
-0.4071
-0.4978
-0.7054
-0.0915
0.0226
-0.6317
-0.3855
-0.3988
-0.7793
-1.4481
-0.5276
-0.3839
-0.5379
-0.6406
-0.7640
-0.5662
-0.3901
-0.5299
2.1814
-0.5596
-0.6116
-0.6536
-1.4106
-0.2594
1.8411
0.1209
-0.4608
-1.2157
0.2573
-0.8305
-0.5731
-0.8776
-0.4396
-0.6110
-0.2781
0.6088
-0.0333
1.1103
1.4627
-0.1867
-0.9703
1.2544
3.9355
0.3278
0.2060
1.5530
-0.1596
1.5972
-2.1940
-0.7282
-0.0266
-0.3642
0.0647
0.3858
0.1159
0.0163
-0.8828
0.5037
0.8836
-1.2421
-0.0313
0.9737
0.5156
1.2865
-0.2637
0.4787
0.2101
-0.2195
0.1474
0.6867
-0.3912
-0.4347
0.2725
1.5896
-1.0004
0.0200
-0.1429
0.3551
-2.2943
-0.2097
0.5936
-0.0212
0.0758
-0.3783
-0.6003
-0.4930
-2.0132
-0.6594
-0.5018
0.5003
-0.5734
-0.5823
-0.6996
-0.2631
-0.2031
-0.6199
-0.0062
-0.1579
-0.4771
-1.8286
-0.2153
0.2615
-0.6825
-0.8308
0.2573
-0.1365
-0.2159
-0.4837
1.7588
0.0089
-0.5544
-0.1956
-0.4145
-0.2272
-0.5695
-0.1700
-2.0427
-0.4423
-0.4503
-0.2746
-0.7059
-0.5863
-0.8226
-0.3768
0.1486
-0.4605
-0.1017
-0.1788
-0.3800
-1.8340
-0.4427
-0.3065
-0.5657
-1.0484
-0.4056
-0.3115
-0.5445
-0.4980
1.7766
-0.0841
-0.1706
-0.1359
1.3504
-0.3164
-0.1468
0.4248
-1.2938
0.8411
0.5096
-0.9801
0.5117
0.0871
0.5282
1.0966
0.2013
0.0624
0.7426
-0.0128
0.0681
-0.1083
-0.5774
0.3029
1.2951
0.9668
0.2308
0.2659
0.6822
0.0569
-1.0210
-0.0943
0.0623
-0.4846
-0.3693
-0.5215
-0.6057
-0.4424
0.2428
-1.0661
-0.4269
0.5219
-0.7488
-0.6520
-1.1020
-0.9653
-0.5180
-0.7709
-0.2269
-0.2467
-0.7532
-1.8454
-0.6052
-0.5098
-0.5906
-1.1692
-0.6363
-0.4207
-0.3125
-0.3056
0.1974
-0.4658
-0.7731
-0.3399
-0.2802
-0.3126
-0.5846
-0.5581
-1.3499
-0.7021
-0.4863
0.0727
-0.7008
-0.4954
-0.7763
-0.2483
-0.3498
-0.7902
-0.3777
-0.3492
-0.6033
-1.8044
-0.6410
-0.6267
-0.6675
-0.8757
-0.7232
-0.5338
-0.5284
-0.5006
1.1759
-0.4333
-0.4356
-0.1552
-0.3874
0.0317
-0.4829
-0.4430
-1.4599
-0.6550
-0.2540
-0.4187
-0.4229
-0.5726
-0.6963
-0.4165
-0.1810
-0.6158
-0.3209
-0.2504
-0.3003
-0.9690
-0.1063
0.0918
-0.8897
-0.9206
-0.1524
-0.1820
-0.2811
-0.6629
0.9332
0.4386
-0.4077
-0.2540
-0.2865
-0.0511
-0.3725
-0.4520
-2.7927
-0.6779
-0.5597
-0.7672
-0.7216
-0.2401
-0.5929
-0.2626
-0.3170
-0.4573
-0.3009
-0.2085
-0.4214
-1.8913
-0.3611
0.0899
-0.8062
-0.8858
-0.2150
-0.0702
-0.2909
-0.6198
1.6554
0.6803
-0.4269
-0.4472
-0.3229
-0.5382
-0.6627
-0.2868
-2.3856
-0.5556
-0.4063
-0.4371
-0.6441
-0.5929
-0.6761
-0.6594
-0.3545
-0.6683
-0.3041
-0.4593
-0.5821
-1.5499
-0.5747
-0.3711
-0.6192
-0.7735
-0.7623
-0.4364
-0.2481
-0.7974
1.5193
-0.4814
-0.7033
-0.1047
-0.3082
-0.1142
-0.4320
-0.2794
-0.2664
-0.6964
-0.3712
-0.3489
-0.6327
-0.4578
-0.5957
-0.2146
-0.2866
-0.7349
0.1818
-0.5249
-0.5571
-1.6951
-0.3626
0.0758
-0.8498
-0.7419
-0.6617
-0.0868
-0.1060
-0.4550
-0.2623
-0.4863
-0.3306
0.0131
-0.2028
0.1880
-0.2777
-0.3535
-1.0977
-0.3807
-0.3775
-0.1997
0.1556
-0.3405
-0.3100
-0.3099
0.5150
-0.4849
-0.3094
-0.3715
-0.0661
-0.7784
0.3975
0.1757
-0.7641
-0.7886
0.9564
0.4089
-0.2665
-0.5966
-2.2960
1.1993
-0.3979
-0.8152
-0.6204
-0.4032
-0.6601
-0.4293
-0.6192
-0.8706
-0.5988
-0.4372
-0.6877
-0.6558
-0.8574
-0.6277
-0.2893
-0.7692
-0.2085
-0.4981
-0.6217
-1.6975
-0.2638
-0.4682
-0.6444
-0.8593
-0.8668
-0.5836
-0.6640
-0.4637
-1.0612
-0.4785
-0.6390
-0.5311
-0.1166
-0.4069
-0.5748
-0.4570
-0.8845
-0.6781
-0.4330
-0.9514
-0.6477
-0.6250
-0.6769
-0.5523
-0.3346
-0.4996
-0.2659
-0.3987
-0.5325
-1.6449
-0.4913
-0.4950
-0.6136
-0.7463
-0.4212
-0.5618
-0.2422
-0.5964
-1.4011
-0.2434
-0.4397
-0.6346
-0.3671
-0.1306
-0.5576
-0.2838
-0.9314
-0.6483
-0.5195
-0.6910
-0.6115
-0.3250
-0.4015
-0.2101
-0.0786
-0.4474
-0.3738
-0.5710
-0.4282
-1.4507
-0.5474
-0.5498
-0.5636
-0.6854
-0.4403
-0.5212
-0.3655
-0.6452
-1.7764
-0.5679
-0.3355
-0.7743
-0.4142
-0.5592
-0.4931
-0.2980
-0.9067
-0.8492
-0.5715
-0.6225
-0.7269
-0.7045
-0.8132
-0.7138
-0.4818
-0.7453
-0.3617
-0.3869
-0.7074
-1.4427
-0.5022
-0.4275
-0.6994
-0.8973
-0.4679
-0.4036
-0.5098
-0.5086
-1.2594
-0.1544
-0.8011
-0.6567
-0.5692
-0.3303
-0.5625
-0.4692
-1.1034
-0.6169
-0.4731
-0.6205
-0.5507
-0.5001
-0.7713
-0.5994
-0.1366
-0.6964
-0.4245
-0.4311
-0.4524
-1.6590
-0.5880
-0.4749
-0.8067
-0.8590
-0.6199
-0.4985
-0.4711
-0.7141
-1.2729
-0.4781
-0.6320
-0.6141
-0.4409
-0.3659
-0.6047
-0.3680
-0.7893
-1.0924
-0.6506
-0.7865
-0.6285
-0.7319
-0.8791
-0.5556
-0.2308
-0.7209
-0.5110
-0.5066
-0.6695
-1.4596
-0.3421
-0.4907
-0.6656
-0.9252
-0.4041
-0.3419
-0.5563
-0.6997
-1.5051
-0.1409
-0.4354
-0.1922
-0.6090
-0.3579
-0.0778
-0.3678
-1.3847
-0.6467
-0.0458
-0.6292
-0.4183
-0.7120
-0.6557
-0.5815
-0.1263
-0.7368
-0.2466
-0.4957
-0.3280
-0.4972
-0.1595
-0.5551
-0.5196
-0.8141
-0.8075
-0.6725
-0.6401
-0.5650
-2.3936
-0.3270
-0.4781
-0.6755
-0.5208
-0.3380
-0.6739
-0.5692
-1.4855
-0.8236
-0.5736
-0.6565
-0.4408
-0.6782
-0.7625
-0.5850
-0.3154
-0.8131
-0.4619
-0.7064
-0.6430
-1.3735
-0.2945
-0.3606
-0.5784
-0.9383
-0.5435
-0.4388
-0.3088
-0.7539
-2.1173
-0.2838
-0.6085
-0.5743
-0.4501
-0.2181
-0.4735
-0.4915
-1.3257
-0.8845
-0.4263
-0.7443
-0.6971
-0.7562
-0.5648
-0.4973
-0.3532
-0.5338
-0.5112
-0.4257
-0.5619
-1.5495
-0.4506
-0.5157
-0.6863
-1.0234
-0.5499
-0.5803
-0.3198
-0.5877
-1.9609
-0.2539
-0.4059
-0.7170
-0.2692
-0.2578
-0.5180
-0.3438
-1.7077
-0.4615
-0.4240
-0.7686
-0.5706
-0.5963
-0.6991
-0.5183
-0.1829
-0.5159
-0.3583
-0.3389
-0.5700
-1.1587
-0.5346
0.0003
-0.5628
-0.6570
-0.4527
-0.4012
-0.4807
-0.8359
-2.2870
-0.3161
-0.3775
-0.4954
-0.3101
-0.3408
-0.3139
-0.4457
-1.6003
-0.9234
-0.6353
-0.5666
-0.6552
-0.6002
-0.6403
-0.4855
-0.2578
-0.6686
-0.6009
-0.5501
-0.4403
-1.4251
-0.3329
-0.2952
-0.5309
-0.8053
-0.5153
-0.2906
-0.4083
-0.5401
-2.4501
-0.1581
-0.5425
-0.5481
-0.5989
-0.2889
-0.4216
-0.3154
-1.5547
-0.6423
-0.5602
-0.7628
-0.6509
-0.4083
-0.8110
-0.7435
-0.1273
-0.5211
-0.2088
-0.4439
-0.5157
-1.4502
-0.5435
-0.4806
-0.7792
-0.7878
-0.5107
-0.5516
-0.7107
-0.6438
-2.3085
-0.4536
-0.5270
-0.5634
-0.5015
-0.6105
-0.3919
-0.6845
-1.4339
-0.7794
-0.6425
-0.6723
-0.5733
-0.6346
-0.6844
-0.5238
-0.4748
-0.7383
-0.3052
-0.2289
-0.6425
-1.5038
-0.5057
-0.5567
-0.7167
-0.8344
-0.6245
-0.6552
-0.4132
-0.5820
-2.0830
-0.4514
-0.7843
-0.4246
-0.6572
-0.5408
-0.4383
-0.4342
-1.6412
-0.6447
-0.5751
-0.9175
-0.6703
-0.8302
-0.7348
-0.4869
-0.4819
-0.6751
-0.2138
-0.4577
-0.7719
-1.2683
-0.4969
-0.5722
-0.6966
-0.8497
-0.6955
-0.4798
-0.5188
-0.6037
-2.3979
-0.4492
-0.6179
-0.6363
-0.4559
-0.4921
-0.3224
-0.3189
-1.6075
-0.8322
-0.5787
-0.7350
-0.6458
-0.5408
-0.5584
-0.5015
-0.0822
-0.7687
-0.2566
-0.4837
-0.5910
-1.5359
-0.6651
-0.3753
-0.8057
-0.6673
-0.7824
-0.5905
-0.5014
-0.6790
-2.4265
-0.4094
-0.6334
-0.0940
0.0610
-0.1205
0.0113
0.1986
-0.0010
0.0460
0.0714
-0.0748
0.0276
-0.1162
0.0320
-0.0577
0.0185
0.0609
-0.0906
-0.0125
0.1169
0.0081
0.2012
0.2519
-0.0141
0.0109
-0.0879
0.1090
0.0145
0.1056
-0.1250
0.0588
0.0045

Direct connections:
