version: 10
file format: 0

training data file: /tmp/train-lm-from-UD-corpus.sh.uASS0wxuT.train
validation data file: /tmp/train-lm-from-UD-corpus.sh.uASS0wxuT.valid

last probability of validation data: -381.154734
number of finished iterations: 20
current position in training data: 0
current probability of training data: -380.596542
save after processing # words: 0
# of training words: 1575
input layer size: 86
hidden layer size: 30
compression layer size: 0
output layer size: 57
direct connections: 0
direct order: 3
bptt: 0
bptt block: 10
vocabulary size: 56
class size: 1
old classes: 0
independent sentences mode: 0
starting learning rate: 0.100000
current learning rate: 0.003125
learning rate decrease: 1


Vocabulary:
     0	         0	</s>	0
     1	       235	32	0
     2	       164	1072	0
     3	       106	1077	0
     4	        96	1099	0
     5	        91	1085	0
     6	        75	1110	0
     7	        67	1083	0
     8	        61	1076	0
     9	        54	1089	0
    10	        49	1090	0
    11	        45	1086	0
    12	        45	1088	0
    13	        38	1073	0
    14	        37	1179	0
    15	        34	1078	0
    16	        29	1084	0
    17	        29	44	0
    18	        26	1082	0
    19	        24	1091	0
    20	        23	1087	0
    21	        22	1079	0
    22	        22	1096	0
    23	        22	1187	0
    24	        21	1081	0
    25	        20	46	0
    26	        17	1171	0
    27	        15	1257	0
    28	        11	1199	0
    29	        11	1080	0
    30	        10	1075	0
    31	         9	1064	0
    32	         7	1241	0
    33	         7	1041	0
    34	         7	1201	0
    35	         5	8211	0
    36	         4	171	0
    37	         4	58	0
    38	         4	187	0
    39	         4	33	0
    40	         3	1103	0
    41	         3	45	0
    42	         2	1046	0
    43	         2	1040	0
    44	         2	63	0
    45	         2	1178	0
    46	         2	1053	0
    47	         1	1052	0
    48	         1	1102	0
    49	         1	1093	0
    50	         1	1170	0
    51	         1	1044	0
    52	         1	1054	0
    53	         1	1057	0
    54	         1	1055	0
    55	         1	1050	0

Hidden layer activation:
0.0219
0.1117
0.3633
0.0712
0.0154
0.0557
0.0094
0.0618
0.0270
0.0060
0.0300
0.0339
0.0334
0.0665
0.0120
0.0234
0.0189
0.0298
0.9714
0.0257
0.0794
0.0428
0.7132
0.0719
0.0253
0.2132
0.0414
0.1355
0.0286
0.1151

Weights 0->1:
-0.2600
-2.2650
-1.4772
-1.3220
-0.6479
0.3129
-0.8087
-0.5989
0.9669
0.3440
0.4839
-0.7549
1.4253
-0.0688
0.8294
0.5260
0.1065
0.7935
0.2078
-1.4193
0.5984
0.1609
0.2988
0.6726
0.4263
0.7481
1.0155
-0.5422
-0.8277
0.4682
0.3531
-0.1727
-0.4767
0.6144
-0.4255
0.6646
-0.4555
0.1773
-0.0994
-0.0848
-0.2762
0.7105
0.6370
-0.2915
-0.5191
-0.0241
0.1386
0.2446
-0.3552
0.5194
0.2798
-0.2976
-0.3067
0.1002
-0.0933
-0.1634
-0.0219
-0.1941
-0.6810
-0.2976
-0.3224
-0.0255
-0.1428
-0.1185
-0.4338
0.7284
0.7117
0.0980
-0.6743
-0.2386
0.4518
0.4556
-0.3091
0.0450
-0.8950
0.2762
-0.0699
-0.2480
-1.2155
0.0325
0.5876
-0.5198
0.3507
-0.3980
0.2528
-0.3881
0.0766
-0.0419
-1.5499
-0.9499
-1.4983
-0.8138
-0.8119
-0.2546
0.7552
1.1838
0.3931
-0.2865
0.7514
1.3430
1.6338
1.5214
-0.1221
-0.5362
-0.2407
-0.9957
0.7642
-0.2115
0.2187
0.0268
0.2545
-0.3475
1.2297
-1.0784
-0.6043
-0.3966
0.1035
1.6608
-0.6938
0.2309
-0.3543
-0.7905
-0.3709
-0.2539
-0.4387
-0.5049
-0.0583
0.9274
0.7631
-0.5242
-0.0674
-0.2433
-0.0490
0.2693
-0.0284
0.4234
0.3615
0.0954
-0.2198
-0.1536
-0.1870
0.0487
-0.0289
0.0625
0.0842
-0.6604
-0.1901
-0.1189
-0.2095
-0.4338
-0.3811
0.1248
-0.2438
-0.3053
-0.5040
-0.4138
0.3372
0.3630
0.2347
-0.3765
-0.4360
-0.4041
0.1734
-0.3990
0.0392
0.1554
0.3151
-0.1884
0.7197
-0.7962
-0.0203
-0.2338
0.3202
-0.0967
3.0884
2.7255
-0.2541
0.1129
2.0918
-0.6744
-1.2008
-0.6302
0.3837
0.6623
-0.7053
-0.5356
-0.5875
-0.9372
1.0065
0.0950
-0.5573
-1.0462
-0.3211
-0.2040
0.5921
-0.3085
-0.8183
-0.2320
-0.6955
-0.2219
0.9685
-0.1134
-0.7259
-0.2706
1.2202
-0.7993
0.2021
0.0189
0.1006
-0.0292
0.0313
-0.0740
0.5438
-0.3125
-0.1214
0.6714
-0.0047
-0.0622
-0.4515
-0.1952
-0.0717
-0.5581
-0.1159
-0.2282
0.3402
0.1024
-0.3612
0.0833
0.3306
-0.0605
0.0171
0.4755
0.6475
-1.2962
0.5318
-0.2916
-1.4086
-0.1353
-0.2733
-0.8421
-0.1601
-0.1155
-0.0559
-0.0755
-0.9053
-0.0343
-0.3744
-0.1879
0.0581
-0.3833
0.0025
-0.6498
-0.0381
-0.8303
0.5573
0.4764
-0.4696
-0.4403
-0.1530
-2.5050
-0.2478
-1.4308
1.0403
-0.6623
1.8325
-0.9047
-0.7212
-0.7491
-1.0346
-0.3456
0.6704
-0.5426
-0.4561
-0.2301
0.3842
1.7908
0.4310
-1.4395
0.8829
0.1643
-0.8023
0.8390
0.2373
1.5403
0.1142
-0.2446
-0.1044
0.1699
-0.0200
-0.3941
-0.0732
-0.2461
0.0683
1.7479
-0.1580
0.7598
0.7914
0.1015
-0.1186
-0.1097
-0.0037
-0.1900
-0.3875
0.0084
0.2078
0.0583
-0.0554
0.1308
0.0469
0.0576
-0.1076
-0.1716
-0.0914
-0.1223
0.2078
-0.7874
-0.5616
0.6306
-0.1820
0.4905
-0.4630
-0.2935
0.0989
-0.8655
-0.2971
-0.5385
0.0567
0.3392
0.5780
-0.2520
-1.1506
-0.2895
-0.7196
0.6055
-0.5330
-0.1888
-1.3423
0.0002
-0.0042
-0.3378
-0.2950
0.1859
0.3008
-2.0165
-0.4549
-2.9592
0.9068
-0.8429
1.5211
-1.8540
1.1699
-1.2275
0.1004
-1.5958
1.1951
1.3359
-0.4121
-0.7442
0.6212
-0.5740
0.0646
0.9114
-0.5881
1.2928
0.4747
-0.0988
0.0331
-0.3546
1.3327
0.8327
-0.5657
1.3919
-0.3591
-0.6962
-0.5406
-1.1908
0.0401
-0.0007
0.4385
0.7195
-0.3765
0.3293
1.0043
0.0813
-0.1495
-0.2984
-0.4771
-0.0818
-0.5444
-0.3421
-0.0428
-0.2845
0.7507
-0.4500
-0.0073
-0.1643
0.2824
-0.0101
0.2796
-0.1496
-0.1970
-0.1281
0.1331
-0.5283
0.6022
0.3247
-0.8782
1.1486
1.1752
-0.2478
-0.7567
0.4474
0.6695
-0.2168
-0.0104
-0.3484
0.5388
-0.1853
-0.3348
-0.4392
-0.0972
0.4224
-0.8720
-1.0062
-0.5054
-0.6139
0.1621
0.0090
-0.2233
-0.2589
-0.1775
-1.8837
-2.4737
-1.7212
-0.2911
0.3191
-0.5408
0.3582
2.0506
0.6123
0.4135
-0.3792
-0.0181
0.7098
-0.0196
1.0872
1.0684
-0.7748
0.3155
0.0077
0.7223
-0.0636
0.6524
-0.2980
-0.3866
-0.2184
1.0237
-0.2846
-0.1819
-0.2147
0.7584
-0.0273
-0.9968
1.1687
-0.3207
-0.9248
-0.7640
-0.3970
-0.4064
-0.4412
-0.2511
0.7398
0.7549
-0.4931
-0.2733
0.1100
0.4503
0.4305
-0.1901
0.1502
0.6158
0.0514
-0.1921
-0.2876
0.2769
0.1999
0.3859
0.0667
-0.6473
-0.2573
-0.7887
0.1303
-0.8814
-0.8963
-0.1499
-0.7641
-0.0352
-0.2981
0.1433
-0.3661
0.3860
-0.2053
-0.1353
0.0374
0.2753
0.6571
0.0578
0.0625
0.2205
0.4347
0.4300
0.4479
0.3132
-1.6424
0.3727
-0.9394
-0.1707
-1.3067
0.2871
0.3399
0.2879
-0.0303
1.9435
-0.7892
-0.7997
-0.6554
-0.6278
0.4205
-0.6516
-0.8829
0.8738
0.6756
-0.6335
0.4351
-1.2047
0.9950
-0.0093
-0.3991
-0.1226
-0.4282
-1.1220
0.2234
0.1386
1.4671
1.2973
-0.6386
-1.1209
-0.1380
0.7712
-0.3550
0.9925
0.3607
0.0075
0.1869
0.1099
0.0082
-0.0374
-0.2253
-0.1404
0.2002
0.0105
-0.0131
-0.5883
0.1169
0.2928
0.0413
-0.0471
-0.1583
0.2260
-0.1832
-0.2119
-0.0339
-0.3544
0.4358
-0.7817
-0.5906
0.7241
0.1778
-0.1529
-0.7927
-0.2313
0.6924
0.0432
0.6212
-1.1921
-0.5446
0.9204
0.8708
0.5734
0.6431
-0.5380
-0.3983
-0.2629
-0.7432
-0.3572
-0.8156
0.8667
-0.7051
0.7915
-0.6172
-0.4448
0.1037
-0.2056
-1.4740
1.1740
2.4142
0.8731
-0.1482
1.3853
0.0475
-0.7182
0.0102
-0.3338
0.5584
-1.0924
-0.3068
-0.8792
-0.8786
-0.0804
0.3199
-0.5279
0.6106
-0.5999
0.2565
0.2166
-0.3323
-0.5941
-0.1906
-0.6481
0.4836
1.1932
-0.2047
-0.1945
-0.1058
0.8756
-0.4495
0.3050
0.0451
-0.4636
-0.0288
0.2168
0.0230
0.3056
-0.3133
-0.4596
0.2172
-0.0271
-0.1826
-0.0599
-0.3077
0.0634
-0.3836
-0.4173
-0.2154
0.1960
-0.1276
0.0672
-0.0214
0.0145
-0.2961
-0.5049
0.0523
-0.0757
-0.8259
0.0814
0.0968
-0.5275
-0.2060
-0.2818
-0.0318
0.1286
0.2111
-0.2160
-0.1001
-0.4181
-0.7380
-0.4165
-0.2445
-0.1551
-0.5963
0.0877
-0.1622
-0.4005
-0.2645
-0.1883
0.0172
-0.0442
0.5319
-0.0913
-1.3954
-1.8742
-0.1074
-0.6016
0.0379
0.0173
-0.0548
1.8006
0.4690
0.8108
-1.6033
-0.7231
0.8134
0.1128
0.0288
0.2038
-0.5924
0.2441
1.4387
-0.1497
1.3419
1.3207
-0.0129
-0.1204
-0.4032
0.0894
-0.0019
-0.5646
0.0551
1.1423
0.9314
-0.5885
0.4368
-0.1528
-0.8838
-0.6505
-0.3403
-0.4165
-0.2380
-0.2559
0.2709
0.0685
-0.3372
-0.0626
0.0024
0.3658
0.0126
-0.2013
0.1095
-0.0566
0.0686
-0.1797
-0.2060
0.5099
-0.0630
-0.4106
-0.1217
0.1429
-0.4895
-0.9542
-0.6349
-0.0092
0.3054
0.3461
-0.8286
0.2968
0.4599
0.3214
0.3500
-0.5601
-0.3634
0.0721
-0.2958
-0.1432
0.0546
-0.0483
-0.4030
0.5092
-0.2961
-0.5543
0.1457
-0.3781
-1.1241
0.3604
0.7610
-0.1051
-1.7329
1.8335
-0.4181
2.6663
-0.9374
0.3978
-0.2147
-0.9442
-0.0664
0.1149
2.1370
-0.0887
-0.4997
-0.1416
-0.8546
-0.5924
0.0015
-0.4430
0.2166
-0.3250
-1.4504
-0.8172
-0.5595
0.8020
-0.1272
-0.4795
0.9210
1.2831
-0.3064
-0.4587
0.0347
0.5764
-0.6966
-0.0275
0.0369
-0.1767
0.2661
0.1090
0.0375
-0.0479
-0.2400
-0.4691
0.3292
-0.2272
-0.0641
-0.1039
-0.1476
0.7589
-0.1835
-0.0567
0.0625
0.3262
-0.0515
-0.1619
-0.1148
-0.2833
0.0972
-0.9928
-0.3855
-0.2358
-1.2499
0.0325
-0.0810
-0.6923
1.5355
-0.7701
0.5415
-0.6754
-0.6454
0.2952
0.0081
0.7117
-0.2318
-0.9716
-0.3660
0.0374
-0.8175
-1.0287
-0.5992
-0.4372
-0.7515
1.1056
-0.2831
0.1915
1.5450
-0.0245
-0.1464
-0.1118
-0.0435
-1.0899
0.2872
0.1391
-0.9155
0.8976
1.8377
1.2648
-0.3071
-0.0985
-0.8065
0.3995
0.4774
-0.9441
-0.2693
0.8830
0.2395
-1.1307
0.1071
1.3817
-0.3587
0.0182
-0.3159
0.4640
-0.7094
0.5303
0.0122
0.3084
0.0071
0.2315
-0.5452
0.3182
-0.5898
-0.3126
-0.0913
-0.3033
-0.1900
0.0467
-0.1826
-0.3508
-0.2384
0.0531
0.1166
0.1581
-0.2697
-0.0324
-0.2652
-0.2048
0.2113
-0.3773
-0.1583
-0.1279
0.2245
-0.5714
0.0225
-0.9245
-0.7758
-0.8368
-0.1677
-0.1975
-0.4370
-0.6273
-0.0254
-0.5171
-0.3845
-0.9205
-0.5699
0.6624
0.4723
-0.1643
-0.2705
0.1218
-0.0267
-0.1777
-0.6671
0.5115
0.1641
0.5639
-0.2966
-0.4244
-0.4080
-0.4146
1.1416
-0.0037
-1.1787
-1.2152
-1.2114
0.6126
-0.0232
-0.0609
-0.1570
0.3618
0.1629
-0.6600
-0.1461
0.0988
0.1701
-0.5277
-1.0100
0.2976
0.0474
1.1013
0.3525
-0.4244
-0.1091
-0.2276
0.0435
0.9282
0.0419
-0.7078
0.8580
-0.1860
0.3993
1.3112
1.2883
-0.0160
-0.2425
0.5712
0.1972
-0.1355
0.0115
0.0197
-0.1566
-0.2098
-0.2111
-0.2162
-0.1532
-0.0701
0.0564
0.6134
-0.3769
0.1989
-0.0618
-0.4025
0.3048
-0.0315
0.0027
-0.1691
-0.0946
-0.2010
0.3918
-1.1475
-0.0719
-1.2875
-0.2086
-0.2233
-0.4662
-0.0019
-0.5420
-0.4399
-0.3002
-0.0174
0.0935
-0.6260
-0.6748
-0.0061
-0.3499
0.6986
-0.1627
-0.4184
-0.3666
0.2802
-0.0303
-0.3036
0.3832
-0.1930
-0.6001
0.0709
0.7181
-0.2456
-2.3366
-0.6851
0.5935
-1.0291
0.3291
0.1740
-0.2281
0.8907
0.4617
0.6248
-1.0440
-0.0769
-0.6320
-0.1063
-0.6761
0.3338
0.8212
0.7225
0.1836
-0.2333
1.2329
1.3185
0.6829
0.0744
0.7404
-0.4462
-0.5741
-0.3176
0.4904
0.7192
-0.7220
0.1798
0.1632
-0.2055
0.7175
-0.4424
0.3997
0.0750
0.2203
0.1019
-0.3352
-0.1169
0.0740
-0.0943
-0.3018
0.2560
-0.2457
-0.4844
-0.2006
-0.1357
-0.2702
-0.3580
-0.2096
0.4786
-0.0408
-0.3865
-0.4293
-0.5467
0.0163
-0.1291
-0.0266
0.0723
0.7740
0.9603
-0.8985
0.3069
-0.1371
0.5546
0.7036
-0.0136
-0.8476
-0.6649
-0.1726
-0.9424
-0.4116
-0.3150
-0.2565
-0.3942
-0.0518
-0.4116
-0.4280
-0.9225
0.3312
-0.0715
0.1835
-0.3400
-1.7006
-0.4419
2.0338
0.2981
0.3355
0.8515
-0.3135
-0.5939
0.8752
-0.4067
-0.2170
-0.2160
-0.8401
0.3362
0.1589
-0.5128
1.0459
-0.1067
-0.9380
0.0487
0.1970
0.1609
0.6183
-0.5313
0.6799
0.3931
-0.2692
0.3127
-0.4141
-0.7244
-0.5143
0.2129
-0.5010
-0.0815
0.9755
-0.2093
0.2171
0.3364
0.1932
0.1097
-0.0301
0.1824
-0.0338
-0.3519
0.0899
-0.1555
0.1090
0.0605
0.1980
0.1153
0.0401
0.0144
-0.0612
-0.2755
-0.0869
-0.1888
-0.3401
-0.1289
0.4911
-0.2625
-0.1342
-0.4844
0.0781
-0.5037
-0.1372
-0.2426
-0.1333
-0.2138
0.2406
0.0478
-0.0721
-0.8421
-0.3069
-0.4096
-0.0642
-0.3247
-0.5438
-0.4856
0.0072
-0.1022
-0.6625
-0.1671
0.2982
-0.0987
-0.6881
-0.4162
-2.5282
-1.4454
-0.9783
-0.1894
0.7225
-2.0660
1.2761
1.6841
-0.2624
1.6491
-0.3599
-0.4327
0.3658
-0.1896
0.9208
-0.5149
-0.1379
-0.5684
1.2941
0.3847
1.4027
1.4943
0.3134
-0.2793
-0.0824
1.5340
-1.1153
-1.1329
-0.8308
-0.6310
-0.9541
-0.5403
1.6747
-1.0758
-0.0025
-0.7459
-0.1002
-0.1433
-0.3505
-0.0754
0.5015
0.6185
-0.2376
-0.4670
0.1464
-0.1909
0.3029
0.0298
0.5180
0.4908
-0.1750
0.0805
-0.1124
0.4843
-0.3618
-0.3917
-0.4823
0.0395
-1.1027
0.6315
-0.1768
-0.7031
0.2523
0.3615
1.1070
-0.2150
0.9387
-0.1935
-0.8316
0.4697
0.5364
0.4984
-0.5383
-0.3422
0.0374
0.1489
0.2751
-0.4621
-0.1155
0.0748
0.0724
0.3414
-1.3021
0.2392
-0.0213
-0.0815
-1.7361
1.6257
0.4373
-0.6764
0.2355
-1.1528
1.2809
0.1894
0.1389
0.5020
-0.5374
0.0475
-0.4902
-0.0761
-0.0704
-0.9270
0.5668
-0.4858
-0.5639
0.0299
0.4924
1.1198
0.4551
-0.6113
-0.2274
0.3041
-0.5307
-0.3122
-0.1398
-0.4175
-0.3390
0.8950
-0.1294
-0.2189
0.2559
-0.5521
0.3308
-0.1347
0.1171
0.0124
0.1388
0.2084
0.2873
-0.2171
-0.1967
-0.0527
-0.1289
0.0027
-0.0041
0.0166
-0.0108
0.2426
0.1262
0.0985
-0.1317
0.0164
-0.6025
-0.7857
-0.2766
0.8722
-0.3090
-0.8563
-0.4382
-0.2389
1.0460
-0.3010
-0.2791
-0.2255
-0.8121
0.9939
-0.4815
-1.0147
-0.7164
-0.3938
-0.1119
-0.2064
-0.3749
0.0393
0.3195
-0.2955
0.1220
-1.0946
-0.2599
-0.6254
0.6027
0.1071
-0.2298
-0.1847
-0.6773
-0.9235
-0.7384
0.6969
0.0969
0.5444
0.4278
-0.5405
-0.1925
0.2537
1.2871
0.5976
0.6410
0.3300
-0.6240
0.3368
0.0381
-0.0907
0.0136
-0.1562
0.0078
-0.3356
-0.1949
-0.0875
-0.7790
0.5794
-0.0653
0.4553
1.7751
-0.1361
-0.0147
-0.0583
-1.0424
-0.7784
-0.3015
-0.1519
-0.4496
-0.2447
0.2409
0.0438
-0.1055
-0.0018
-0.0489
0.0655
0.0813
0.0496
0.3778
-0.0703
0.2556
-0.1403
-0.2624
-0.2314
-0.0740
-0.4807
0.1626
-0.3251
-0.6527
-1.0812
-0.3089
-0.3883
-0.6687
-0.4296
-0.3224
-0.3951
-0.3085
-0.3129
-0.3411
-0.5212
-0.3678
-0.1888
-0.1629
0.2913
-0.4486
-0.0450
-0.5117
0.2854
-0.1679
-0.4519
0.4161
-0.2599
-1.0543
-0.0408
0.1615
-0.1475
-0.9111
-1.2243
-1.2128
-1.4292
-0.1609
-1.1906
-0.3595
1.0936
1.5006
-0.0424
-0.4871
0.8615
0.4708
0.5854
1.2999
0.1600
-0.1940
0.7014
-1.0053
0.8375
-0.4079
0.7301
0.2004
-0.0277
-0.4757
0.7749
-0.7916
-0.5572
0.4429
0.4295
0.7117
-0.5922
0.2722
-0.3555
-0.1714
-0.6179
-0.1511
-0.2008
-0.4588
-0.1841
0.7153
0.7168
-0.3635
-0.4027
0.3867
0.4909
0.3013
-0.1129
0.1890
0.4320
0.2367
-0.3543
-0.0873
-0.3731
-0.1247
-0.0358
0.2990
-0.6364
-0.5915
-0.6396
-0.2764
-0.1918
-0.8989
-0.2815
0.2057
0.0565
-0.3296
-0.3828
-0.3816
0.3778
0.0529
-0.0434
-0.0380
-0.2077
0.0541
-0.1430
-0.2222
-0.0768
0.2521
0.4475
-0.2136
0.2052
-1.5085
-0.0008
0.4613
0.3279
2.8164
0.3468
-1.4862
-1.8968
0.0053
-1.2504
-0.3098
0.6651
0.0445
0.9288
-0.1466
0.2917
1.3394
-0.9580
-1.2863
1.2718
-0.2800
0.9735
0.2781
-0.1611
-0.5807
-0.9551
0.4532
0.5722
-0.9402
-0.5815
-1.4407
0.0585
1.2932
2.1156
1.3657
-0.6066
0.5103
-0.5521
-0.6999
-0.2465
-0.2661
-0.1168
-0.2092
-0.1974
-0.0912
0.1572
0.1140
-0.1417
-0.4930
0.8729
-0.1145
-0.3053
-0.0425
-0.3305
-0.1569
-0.0765
-0.1460
0.0683
0.1682
0.1191
-0.3016
-0.7845
0.5066
-0.4941
-0.9330
0.4307
0.3474
0.4082
-0.7032
-0.2062
-1.2128
1.4891
0.5728
-0.5371
-0.9076
-0.3392
-0.6546
-0.3739
-1.2228
-0.2384
-0.0100
0.3342
1.5689
-0.8786
0.2037
-0.7771
-0.2997
0.2005
0.7677
-0.2582
-2.0873
0.6467
-0.3999
-0.6334
1.0371
-0.6310
-0.7149
0.0479
-0.4954
0.6012
-0.4451
0.0569
-0.6352
1.3417
-0.2637
-0.7376
2.0505
-0.0332
-1.0658
0.4669
0.8518
-0.5719
0.7388
0.1689
1.0246
-0.0395
-0.7215
-0.0967
0.1792
-0.9148
-0.5062
-0.3101
-0.2823
-0.5099
1.7210
-0.2625
0.7167
0.4822
0.4638
0.3145
-0.2577
-0.1040
0.2701
-0.3912
-0.0223
-0.1312
0.0347
-0.2385
-0.2458
0.0619
-0.2129
0.0764
-0.0590
-0.0875
-0.1946
-0.4030
-0.2729
1.2271
-0.0144
-0.4496
-0.4980
0.1093
0.3228
-1.3541
1.2341
0.1784
-0.5891
-1.1659
-0.0803
-0.3549
0.9413
-0.6821
0.0527
-1.2396
0.4424
-0.1057
-1.0669
-0.9514
-0.1869
0.7057
-0.7495
-0.3895
0.9571
-0.4859
-0.9280
0.0086
-0.2128
0.5261
0.2750
-0.6244
-0.6973
-0.3474
-0.2141
-0.0203
-0.0477
0.7001
-0.4326
0.0467
-0.0057
-0.0818
-0.0323
-0.2602
1.0174
0.0878
-0.4802
0.5302
-0.1528
0.1521
0.3153
0.4994
0.0005
-0.0927
-0.2920
-0.3220
0.4190
-0.2458
-0.0106
-0.1670
0.0215
-0.1468
0.5246
-0.2915
0.3641
0.2325
0.1240
0.2345
-0.2353
0.0095
0.2454
-0.3309
-0.0660
0.0338
-0.1693
0.0947
-0.0344
-0.0335
0.0435
-0.1731
0.0790
0.1178
0.0734
-0.1587
-0.1514
-0.1870
-0.2322
-0.5233
-0.0900
0.1732
0.4532
0.0427
-0.1613
0.1650
-0.3298
0.0599
0.2914
-0.4134
-0.4628
-0.2570
-0.1997
-0.9598
-0.4698
-0.1089
-0.5406
-0.7190
-0.0702
-0.2261
-0.5763
-0.4293
-0.2344
-0.1341
0.1151
-0.1425
-2.2477
-0.3520
-1.4679
-1.5181
0.1672
-0.4058
0.4062
1.2947
-0.4971
0.3947
-1.0618
0.5422
-0.4135
-0.1757
-0.3680
0.3126
0.7059
0.3466
-0.1006
0.0733
0.8760
0.4369
0.6915
0.5243
0.9664
0.1620
-0.6274
-0.8251
0.6467
0.7345
-0.6985
-0.0995
0.6556
-0.0577
0.6784
-0.5269
0.2418
0.2294
0.0414
0.0201
0.0995
0.1542
-0.0724
-0.2559
-0.0596
0.4673
0.0774
-0.4055
0.0310
0.0272
-0.1134
-0.1220
-0.1592
0.2573
-0.2091
-0.1810
-0.3082
-1.0343
-0.2677
0.7511
0.7336
-0.5813
0.4304
1.6785
-0.5842
-0.0050
-0.1892
0.6612
-0.2300
0.8152
-0.8414
-0.4966
-0.2610
-0.7922
-0.8651
-0.5119
0.3379
-0.4248
0.6674
0.1771
-0.0794
-1.1289
-0.1585
-0.2855
-0.0128
0.0472
2.0216
-0.6428
-0.1779
-1.2421
-1.1599
-0.8987
0.5797
0.1842
0.0827
1.0767
-0.0721
0.2496
1.1103
0.3091
0.2198
0.1283
-0.4433
-0.1932
-0.7509
0.7539
-0.0891
-0.2482
-0.0463
-0.1094
-0.5340
0.2209
-0.6835
-0.2295
-0.1641
0.1002
0.1837
-0.2512
0.4379
-0.4297
-0.2683
-0.0594
-0.4023
-0.5395
-0.2705
0.2905
0.5026
0.4361
0.1494
0.0052
-0.1672
-0.1341
0.0626
-0.2021
0.3834
0.1825
-0.2268
0.0957
0.0948
-0.0129
0.0073
0.1443
-0.2847
-0.1765
-0.1765
0.3019
-0.7665
0.0996
0.2343
-0.1154
0.1303
-0.1714
-0.8742
0.2851
-0.1603
-0.1655
0.0640
-0.1776
-0.4400
-0.7434
-0.1936
0.0356
-0.1669
-0.5422
0.0775
-0.3536
-0.5947
0.4369
-0.7702
0.1874
-0.9546
-0.2363
-2.8983
-1.2039
-1.5790
1.1708
0.1567
0.4194
1.8490
0.4448
-0.3687
-1.4830
-0.7534
0.2038
-0.3758
-1.3940
-0.4213
1.7768
0.5968
0.1522
-0.4938
0.6646
-0.0061
-0.3877
0.6957
-0.1512
0.6936
0.4423
0.8006
-0.4318
0.2225
0.4729
-0.8332
-0.2066
0.6190
0.1599
0.4524
-0.2315
0.0402
0.4533
-0.3432
-0.3972
0.0325
0.2531
-0.1808
-0.2995
-0.0733
0.2394
0.0446
-0.2157
0.0401
0.2619
-0.1473
-0.0192
-0.1327
0.0340
-0.0947
0.4390
-0.3846
-0.4626
0.1459
0.5635
0.2087
0.5133
-0.5248
0.2031
-0.3535
0.4884
-0.6485
-0.1016
0.2122
0.4408
-0.3808
-0.7990
-0.0574
-0.6957
0.5459
-0.6545
0.3913
-0.9065
-0.1656
0.1128
-0.2172
-0.5542
0.1345
-0.0236
-1.1996
-0.0601
-1.5866
-1.2367
-1.0389
-0.9150
0.5092
-1.0479
0.7467
1.1297
0.3297
0.0820
-0.6798
0.6911
0.6796
1.1528
1.8587
-0.4628
-0.2208
-0.5611
-1.0210
0.6620
0.0583
0.7323
0.1687
-0.5804
-0.2506
1.7478
-0.6162
-0.3504
-0.9333
-0.7827
0.6607
-0.4891
0.2248
-0.2751
-0.2377
-0.4431
-0.2398
-0.2280
-0.3576
-0.1518
0.9379
0.7509
-0.3232
-0.0862
-0.0210
-0.2739
0.4023
-0.2946
0.4971
0.4625
-0.0117
0.0053
-0.2452
-0.1809
-0.2372
-0.2435
-0.4699
0.3974
-0.6486
0.6334
-0.3041
-0.2785
-0.6673
-1.2040
1.2790
-0.2681
-0.1475
-1.3181
-0.8619
0.1826
0.9681
-0.1768
-0.4771
-0.3237
0.2605
0.3009
-0.1845
-0.6073
0.0147
0.2849
0.0711
0.8664
-1.2403
0.0817
-0.9447
0.0872
1.2949
-1.4745
-0.3946
-1.2787
1.5298
-0.8858
-0.3463
1.4103
-0.5191
0.2046
-0.5785
-0.1740
0.7539
-0.4109
-0.2751
0.9435
-0.7779
-0.2117
0.7778
-0.7743
0.8524
0.5236
-0.2841
-0.3955
-0.4640
0.2864
0.3057
-0.5669
0.2116
0.8798
0.3856
-0.0209
0.2891
-0.0477
-0.6050
-0.1015
-0.4211
-0.3846
-0.5374
-0.0929
0.0679
0.0328
0.1223
-0.0875
-0.3745
0.3075
-0.0902
-0.2167
0.0818
-0.0507
-0.0423
0.1369
-0.1380
0.1829
-0.1407
-0.2620
0.1961
-0.9400
-0.2872
0.2462
0.1430
1.2006
-0.5354
0.1016
-0.3616
0.6540
-0.0375
-0.5526
-0.5226
0.5506
-0.2725
0.0889
0.1834
-1.2862
-0.9247
-0.1814
-0.6687
-0.3773
0.6085
0.6551
0.1100
-0.4624
-0.8716
-0.1901
-0.2356
-0.1313
-1.5471
0.2563
-0.8021
-0.9476
-0.5877
-0.6111
-0.2947
-0.7212
-0.8694
-0.0098
-0.6752
-0.4946
0.9046
1.0482
0.4199
-0.8076
2.1883
-0.4641
-0.2689
1.6563
1.0790
-0.7236
0.8623
-0.3149
0.2870
0.0194
-0.6144
0.0488
-0.3777
-0.9427
1.0381
-0.2364
0.3896
-0.3763
1.4786
-0.1250
0.7622
0.2818
0.3849
-0.2436
0.1456
0.2026
-0.0012
-0.4018
-0.1278
-0.5297
0.1493
-0.0056
0.1397
0.0768
0.2230
-0.1800
-0.0297
0.1712
-0.0502
-0.4638
-0.5868
0.1304
0.2034
-0.6802
0.4398
-0.7894
0.0888
0.0770
-0.2831
-0.3748
0.3733
-0.2857
0.1054
-0.4022
-0.0017
-0.3570
-0.3004
0.1127
-0.6856
-0.3864
-0.3050
-0.0572
0.4185
-0.3916
0.1196
-0.3274
-0.3210
-0.3197
-0.6090
-0.4860
-1.7015
0.7440
1.5093
2.7963
-1.4014
2.3535
-1.4671
-1.8412
-1.1921
-1.6396
2.6404
-0.3595
-1.4768
-0.3679
-1.2800
0.1118
1.4386
0.1879
-0.9116
0.0680
-0.5902
-1.1890
-0.0568
0.5785
1.3332
-1.2859
1.1274
1.3366
0.2158
-0.6133
-0.9968
0.4389
-1.0560
0.8336
1.3900
-0.0198
0.5952
0.9781
0.2236
0.3739
-0.8662
-1.0268
0.5950
-0.3955
-0.3295
0.1164
-0.4501
0.3644
-0.4173
-0.5528
-0.0607
0.4722
-0.0725
-0.3464
-0.1908
-0.0889
-0.0005
0.6558
0.5584
-1.3107
0.9196
-0.4674
0.3648
-0.2188
-0.7399
-0.2389
0.1167
-0.1411
-0.1501
0.2424
1.2881
0.3260
0.9051
-0.0819
-0.2670
-0.3354
0.4235
-1.1082
0.4103
0.6484
-0.3765
-0.0242
-0.9096
0.1552
-1.3101
-0.1523
-1.5916
-0.2793
0.8593
-0.1160
1.0427
-0.2620
-0.4341
-0.3880
0.0828
-0.3714
-0.5287
-0.1874
0.0063
-0.1262
-0.1933
-0.3994
1.7159
0.0756
-0.1872
0.5956
0.7419
-0.0664
0.9071
-0.1630
0.0743
-0.3222
-0.3213
-0.3608
0.1551
-0.3487
0.2626
-0.0879
-0.2525
-0.0503
1.2166
-0.1225
0.4460
0.2992
-0.0461
0.0761
-0.1936
-0.0615
0.1758
-0.1366
-0.0809
-0.0318
-0.0142
-0.0990
-0.1402
-0.1952
0.0479
-0.2639
-0.0411
-0.2266
-0.0704
-0.6147
-0.4158
-0.1461
0.3535
-0.5990
-0.0760
-0.5608
0.1522
-0.4129
-0.8619
-0.0507
0.2435
-0.0647
0.2364
-0.8363
-0.5755
-0.4081
-0.3337
-0.2240
-0.4864
-0.2905
-0.6289
-0.4712
0.0087
-0.3606
-0.3829
-0.4541
0.3077
-0.3422
-0.3693
0.4045
2.8480
-0.5119
0.6925
0.3041
-1.8378
0.6587
1.0404
-0.0932
-0.1145
-0.4306
-0.1160
-0.3083
0.3947
-1.5490
0.0491
-0.6809
-0.8651
-0.1129
0.1127
0.1699
-0.2823
-1.1674
0.1555
0.2871
-0.6375
-0.0621
0.7258
-0.2590
-0.6466
0.2339
0.3091
0.3942
-0.0417
0.6221
-1.4767
-0.2948
-0.4463
-0.6712
-0.2577
0.3133
0.4587
0.4266
0.6109
-0.0785
-0.2342
-0.5486
0.3562
0.2222
0.2836
0.3812
0.0819
0.2016
-0.1882
-0.2748
0.1649
-0.3520
0.6487
0.2384
-0.7386
-0.3735
-1.3903
-0.3839
-0.1062
-0.8053
0.9064
-0.2486
0.6835
-1.0679
-0.5310
-0.5745
0.3316
1.7669
-0.2361
0.4455
-0.8536
0.4042
-1.1280
0.3560
-1.4934
-0.7246
-0.5976
1.9912
-1.5707
0.2825
0.4879


Weights 1->2:
-0.3358
-0.4796
-0.5213
-0.3099
-0.5287
-0.3576
-0.2671
-0.3765
-0.3073
-0.4280
-0.1036
-0.3983
-0.3793
-0.4313
-0.5757
-0.2543
-0.4050
-0.2868
-0.5629
-0.3947
-0.4259
-0.2088
-0.5046
-0.3795
-0.5416
-0.4666
-0.2194
-0.6878
-0.2448
-0.7769
1.2721
-0.8426
-0.1606
2.5905
1.0124
-1.7073
0.6415
0.5580
-0.7661
0.6607
-0.4442
-0.1447
1.1511
1.1234
0.5136
0.5701
-1.5552
-0.1495
-0.9517
2.5243
1.1767
1.1749
-0.7911
0.7490
0.1962
-1.2486
2.3530
2.3990
2.0583
-1.7063
2.2110
1.9969
-0.5627
0.3671
-0.9773
2.2724
-0.3068
-1.4504
0.2645
-1.1278
-1.2877
-1.2311
-0.3835
0.3345
2.3876
0.6500
0.6167
1.7968
0.4163
-0.1416
0.0726
0.5056
1.4783
1.1015
2.6760
0.1767
1.1219
-2.7925
-0.3064
1.6262
1.3660
0.2904
-1.3647
0.1615
-0.1955
1.8546
-2.8240
-0.7583
1.4105
-0.2771
0.5929
1.9196
1.6847
-0.9946
0.1663
0.1103
0.7232
1.8592
2.8884
-0.4396
0.6563
1.9269
0.0873
1.0104
-0.6822
0.9459
-1.5975
-0.9497
0.0504
-1.3691
2.0153
1.3890
-1.3204
-0.2898
-0.7011
1.6387
0.7382
-1.2544
0.9542
-1.4187
2.0308
-0.5753
0.3284
0.2443
2.3623
0.8904
-0.0496
1.2696
-1.9014
1.3433
-0.5071
0.7345
-0.0542
0.2274
2.4017
1.5087
-0.6462
-2.7496
-0.3393
-1.4890
0.3282
-0.8684
2.4463
1.3005
0.9644
-0.6023
1.1964
1.2184
-0.7697
1.8495
-0.6945
-0.5301
0.3518
1.2528
-0.6566
-1.3016
-0.6063
-0.8358
-1.1942
0.9794
-0.1338
-0.9785
-0.2608
1.1942
-0.1151
0.0081
-0.6335
2.6785
0.6701
-1.4593
-0.3998
-0.2371
-1.9240
-1.2668
1.7958
1.3726
-1.8640
-0.0057
2.6169
-1.8500
-0.9605
0.4370
1.3756
-1.5429
3.0241
-0.1919
0.5034
-0.4393
1.7930
-0.8035
0.0829
1.7425
0.5471
0.6980
-0.3558
1.2200
1.1009
-2.6785
0.1115
-0.5740
-0.9228
-0.4536
0.0017
-0.0011
3.2454
-0.6213
0.6199
0.4233
-0.6099
3.4100
0.0560
0.9381
-1.2997
-0.5518
0.5529
-0.0877
-0.2854
-0.6189
-0.9400
-0.6624
-0.3402
-0.3279
-1.1112
-0.8140
-0.6973
-1.2283
-0.3408
1.5049
-0.2093
1.6909
-0.4291
-1.4871
1.5629
-0.2313
-1.5188
-1.7914
-0.1145
1.3838
-0.0930
-0.2470
0.1697
-0.1748
1.2741
0.9082
0.2795
2.0021
-0.0042
-1.3942
0.7270
1.2848
-0.0487
1.1252
-0.3034
0.1589
-0.9353
0.8712
0.4087
0.0618
1.4677
2.4419
-0.7332
-0.2854
1.5423
-0.7722
1.2885
-0.2259
1.1791
0.9818
-0.5403
1.8800
-0.4609
0.2714
-0.8145
-0.2099
0.4285
0.9439
0.4461
-0.6510
0.6725
-0.0202
-0.0336
-0.2566
1.3516
-0.9113
0.2666
-0.1345
-0.5170
0.8204
-0.6055
0.9819
0.9988
1.2216
0.6422
-0.5698
1.8422
-1.4444
0.1186
0.0309
-0.7915
1.2848
0.7069
-1.1766
0.8428
0.1906
0.1060
-0.3617
-0.2814
0.0446
0.3116
1.5886
1.3900
0.1187
1.1970
-2.8591
0.1066
-0.3155
0.6280
1.2048
-0.0212
1.0491
-0.0626
2.4924
-0.7705
-1.0544
-2.0174
0.3031
-0.0519
-0.5872
1.2450
-0.5106
0.0316
1.0754
-1.2970
-0.4006
-0.9651
-0.3347
2.3969
1.2812
1.3303
-0.6784
-0.0024
-0.9835
0.7491
-1.7105
1.4941
1.0959
1.4662
-2.3093
0.3413
0.3835
-0.9710
-0.4875
-0.0318
-0.0862
1.9056
-0.6374
2.0600
0.8024
-0.0735
1.2408
0.6365
0.2786
-0.4212
0.0301
-1.0760
-0.1767
0.2437
-0.2755
-0.5222
-1.0265
-0.2145
0.2747
-0.4760
-0.5039
-0.2703
-0.4407
-0.2255
2.3312
-0.2656
0.8321
-0.0062
0.6384
1.3620
-0.8098
-0.5687
-0.1659
0.3477
0.4117
-0.2559
-0.4414
-0.1307
-0.7722
0.1279
-0.2508
-0.4850
-0.1263
0.0011
0.0103
0.9646
0.6418
0.0894
-0.0049
1.0478
-0.2308
0.2841
1.9967
-0.7211
-0.1362
-0.3013
1.1991
0.3368
0.6498
0.3341
-0.0074
1.2306
0.2448
0.7969
-0.7760
-1.5438
1.4953
-0.2281
-0.3685
-0.6823
-0.5577
-0.3192
-0.0451
-0.3691
0.5586
1.1551
0.0752
0.2514
-0.2240
1.2551
-0.5056
-0.0062
0.6069
0.0468
2.1618
-0.5765
0.0908
-0.7004
0.4169
0.8712
-0.6825
-1.1128
-0.0909
-0.6991
-0.3847
-0.7486
-0.8719
-0.4097
-0.4172
-0.4039
-0.4414
-1.2136
-0.4764
-0.0303
0.1564
1.9513
-0.4494
0.5091
-0.3993
1.7562
-0.5533
-0.4491
1.2428
-0.7142
-0.8999
-0.5127
0.4603
0.2000
-0.5426
0.9790
1.0331
0.8674
-0.5201
1.1295
0.5251
-0.6977
0.3692
0.1587
0.9605
0.3546
0.1162
-1.0222
1.5517
0.2468
-0.0635
-0.5067
-1.1913
0.1653
1.4956
-0.4212
1.5168
-0.3401
0.3267
-0.3162
0.1513
-0.2792
0.3029
0.5275
-0.3716
-0.9357
1.4660
2.5259
0.0506
0.7427
-0.6939
-0.8150
-0.2399
-0.5027
-0.1400
0.3986
-0.0213
0.7390
-0.0041
-0.3300
0.0230
-0.4846
1.1608
0.2288
1.1698
-0.6769
1.4580
-0.0152
-0.7426
0.3056
1.2142
0.4019
-1.8220
-0.2565
0.6868
1.0317
-0.8073
-0.8611
-0.3786
-0.0472
1.4394
0.9348
-0.7147
0.8623
-1.0046
1.3950
1.8828
-0.2794
-0.3453
-0.0955
-0.0327
-0.2638
0.0665
0.7261
-0.2854
1.1083
-0.5864
-0.4279
-0.0108
-0.4590
0.5168
0.7051
1.3593
-0.1974
0.0370
2.1977
-0.4022
0.4114
-0.3111
-0.0938
1.7261
0.5530
0.0316
1.1210
-0.2072
1.2477
0.9012
0.5208
2.1520
0.0938
0.5174
-0.8784
-0.4660
0.5637
0.2314
-0.4332
-0.6051
0.0941
-0.6479
-0.1742
-0.9003
-0.0690
-1.3276
0.0101
-0.4805
-1.0209
-0.4512
-0.2559
-0.4001
0.8105
0.5497
0.0242
1.8123
-0.1559
-0.6938
0.2003
0.2398
1.7695
1.5492
-0.7918
-0.2709
-1.8517
-0.3189
-0.4428
-0.0631
-0.5867
1.0202
0.9636
-0.6511
-0.6934
1.7269
-0.3263
0.8221
-0.0222
-0.9381
-1.3012
0.4996
1.5017
0.2129
1.7387
0.5882
1.1372
1.3016
-0.4567
1.2752
-0.7174
0.1112
-0.8404
-1.4750
-0.5986
-0.4909
-2.2037
-0.5818
-0.2871
-1.5547
-1.2422
1.3225
-0.4937
0.3045
-0.4887
1.5019
0.1326
1.5300
-0.6480
-0.4898
0.7246
-0.0540
-0.1314
0.3581
2.0147
1.2078
0.6667
0.0758
0.5978
0.1842
0.1847
0.5004
-0.2290
-0.9753
0.8528
-0.7499
0.3026
0.1814
-0.2006
-0.5181
-0.2995
-0.1713
-0.3498
0.4904
-0.0798
0.6109
0.1621
0.9688
0.2640
-0.5900
-0.9050
3.0636
0.9751
0.6960
-0.6707
0.6786
0.5706
0.5575
-0.6451
1.1057
-0.3443
1.1251
-0.6837
-1.5131
-0.1015
-0.6896
-1.4816
-0.5997
-0.3157
-1.5503
-0.7413
1.7087
-0.6712
-1.3656
0.0710
2.8018
0.3559
-0.3525
-0.9663
-0.3151
0.4413
-0.9454
0.6140
-0.0790
1.0223
0.9970
-0.8113
2.2107
0.8712
0.2741
-0.7627
-0.0813
-0.6927
0.7178
0.6429
0.0647
-0.2323
-0.0577
-0.2201
-0.4691
-0.9248
-1.3022
-0.2499
-0.8956
0.3942
2.2296
-0.3602
0.1617
1.1517
-0.5258
-0.7927
1.9472
1.5536
0.6515
0.5183
-0.9535
-0.6574
-1.0532
-0.8219
-0.1408
0.9785
0.3716
0.2510
-0.4384
-0.4806
-0.7995
-1.5764
1.5687
-0.7087
1.3413
-0.9065
2.0326
-0.0876
-0.2639
0.0286
1.1281
-0.1621
-2.2833
0.3393
-0.3848
0.7503
0.2339
0.1732
-0.1663
-0.1988
0.1605
-0.7335
0.3341
-0.8453
-0.5088
-0.5878
-0.2697
1.7612
1.0583
-0.2137
-0.5659
-1.0826
1.7003
0.3637
-0.5284
0.5227
1.0455
1.6165
-0.6928
0.1213
0.2813
0.0328
0.2930
-0.3327
0.6393
-0.4915
-0.5810
-0.9181
0.9605
-1.0643
-0.3004
0.9690
-0.5510
1.3723
1.3303
0.2801
0.0215
-1.0581
-0.0078
0.8656
1.0116
1.5493
-0.5788
0.0269
0.0430
0.2710
-0.6010
-0.5165
0.0439
-0.2353
-1.2881
-0.0236
0.9149
-0.2813
0.6199
-1.1473
-0.3747
-1.1403
1.3660
-0.8670
-0.5714
1.2480
-0.9406
1.2954
1.1895
0.2349
-0.0788
-0.0390
-0.2611
1.1343
1.2786
0.5326
-0.6985
0.2752
0.0227
-0.1251
-0.4024
0.3580
0.0386
0.0844
-1.2091
0.1877
0.2168
1.0499
0.5346
-0.8455
0.0393
-0.7209
0.8187
-0.0100
-0.4092
0.5863
-0.3057
1.0744
0.3964
0.2267
0.2998
1.3317
0.7852
-0.1511
1.1619
-0.9283
0.1602
-0.0315
0.5554
-0.3593
0.5707
1.0940
0.2629
0.1921
-1.2887
0.1479
-0.6583
-0.1839
-0.2522
0.1541
0.1174
0.6696
-0.2645
-0.2364
0.2393
-0.0594
-0.1608
-0.5922
0.0274
0.5557
0.6030
0.3681
0.0107
-0.4293
-0.4249
-0.2578
-0.0616
0.3466
0.9248
0.1755
1.6584
-0.2974
0.1002
0.3072
0.4981
0.1838
-0.0064
-0.3791
0.0466
0.2462
-0.0257
-0.7428
0.0708
-0.3769
-0.2895
-0.3852
-0.4904
0.0446
-0.0142
0.0775
-0.2007
-0.6267
-0.2465
0.1131
0.0364
1.1485
-0.5221
0.5726
0.0762
0.5550
-0.2932
-0.2370
1.4521
-0.2070
-0.6299
-0.0730
0.3001
0.1494
0.5304
0.0925
-0.1856
-0.5124
0.1374
-0.7186
-0.2727
0.2972
-0.3845
-0.0658
0.8454
-0.0436
-0.3337
-0.3391
0.0276
0.6499
0.4185
0.9208
-0.5465
0.0486
0.0200
0.5239
-0.0327
-0.0530
0.0642
0.3898
-0.6792
0.1764
0.2943
-0.5211
0.1314
0.5850
-0.2837
-0.8063
-0.1526
-0.1713
-0.1885
0.1774
-0.3892
0.1712
0.7794
-0.4758
0.0169
-0.7205
-0.3087
0.2095
0.0764
1.2874
-0.5626
-0.0279
-0.3991
0.5242
-0.3433
-0.2804
0.0780
0.1893
-0.1914
0.0648
-0.0660
-0.0078
1.2524
-0.8181
-0.4751
-1.0826
0.8385
0.2391
-0.1774
0.9006
-0.6213
0.7440
0.5897
-0.6378
0.2615
-0.0612
-0.1973
1.3439
1.6028
-0.3246
-0.3718
-0.1321
-0.3290
-0.4453
-0.8188
0.7832
-0.0875
0.5467
-1.3617
0.0628
0.2376
-0.6013
-0.2698
0.2831
-0.3556
-0.7358
-0.2938
-0.5386
-0.6106
-0.4797
-0.4339
-0.3814
-0.3114
-0.4818
-0.3050
-0.5677
-0.3500
-0.2597
-0.2559
1.2207
-0.4971
-0.0336
-0.3965
0.7419
-0.3512
-0.4726
0.2151
-0.1659
-0.4793
-0.3701
0.2552
-0.5906
0.0304
0.1489
-0.2479
-0.7689
-0.0192
-0.4361
-0.2829
-0.5719
-0.6336
-0.3075
-0.2405
-0.3248
-0.5518
-0.6461
-0.4585
-0.2588
-0.0950
1.0164
-0.4999
-0.1698
-0.6021
0.7434
-0.6387
-0.4159
-0.1263
-0.3790
-0.3875
-0.2417
0.2753
-0.0397
-0.4721
-0.2306
0.8821
0.5056
0.2908
0.4603
0.0888
-0.1885
-0.3161
-0.4700
-0.0742
0.3190
0.4481
-0.0635
-0.3045
-0.2737
-0.3928
-0.8581
0.2145
-0.2952
0.1809
-0.6247
0.9831
-0.3652
-0.4815
0.0102
1.1288
0.0443
-0.8853
0.4329
-0.1971
-0.4802
-0.0006
0.7016
0.2739
0.0247
-0.1708
-0.0260
0.0157
-0.2787
0.0294
0.3163
-0.0878
0.5967
0.1764
-0.4629
-0.1337
-0.3654
0.4075
-0.0757
0.3813
-0.2828
0.1090
0.1763
-0.3694
0.4564
-0.0847
0.0001
-0.5370
0.6113
0.0206
-0.1913
0.6309
-0.1337
0.0450
-0.3228
-0.2108
-0.0171
-0.4226
-0.2657
-0.0907
0.6220
-0.0395
0.3827
0.1845
-0.1268
-0.0210
-0.4051
0.7752
-0.0839
0.5091
-0.2232
0.6122
0.3709
-0.0975
0.1273
-0.1529
0.4752
-0.9048
-0.4571
-0.2676
0.7733
-0.2568
-0.2813
-0.2153
-0.1594
0.9170
-0.4295
0.5260
0.3349
0.0421
-0.4437
0.0661
-0.5882
0.5419
0.5696
-0.1342
0.1192
-0.1447
0.1709
-0.3884
-0.2430
-0.7456
-0.2376
-0.6058
0.3223
0.1428
-0.0824
0.2196
0.5278
-0.3588
-0.1429
0.4703
-0.3379
0.1602
-0.1542
-0.0692
-0.3070
-0.0369
-0.2725
-0.2553
-0.0219
0.2823
0.6776
-0.0749
-0.3588
-0.2676
-0.8150
1.0925
-0.2734
-0.2060
-0.7810
0.5266
0.4344
-0.1261
-0.0262
0.2818
0.5129
-0.8100
-0.3109
0.3015
-0.1838
-0.3702
-0.3779
-0.0772
-0.1445
-0.0835
0.2852
-0.0547
0.4299
0.8990
-0.1465
-0.0175
-0.3732
-0.1616
0.4203
0.1463
-0.5314
-0.1654
-0.2008
-0.3569
-0.4681
-0.3886
-0.0080
-0.1826
0.5297
-0.3818
0.2398
0.2511
-0.2280
-0.1718
-0.0217
-0.1636
-0.5785
-0.3610
-0.4772
-0.4368
-0.6050
-0.4781
-0.2104
-0.2777
-0.4219
-0.2675
-0.5666
-0.3835
-0.2239
-0.1100
0.7267
-0.3447
-0.3284
-0.2674
0.3523
-0.2484
-0.3817
0.0663
-0.3637
-0.4774
-0.4818
-0.4925
-0.0618
-0.3894
0.5426
-0.0106
-0.5039
-0.2623
-0.1377
0.1565
-0.3915
-0.5565
-0.0697
-0.3397
0.4648
0.5625
0.1747
0.1656
-0.3632
-0.2720
-0.8089
0.5679
-0.1412
-0.1348
-0.7331
0.0960
0.0434
0.0085
-0.0649
0.2048
0.3258
-0.8289
-0.2754
-0.3857
0.0987
-0.3605
-0.6620
-0.5165
-0.4899
-0.2232
-0.4351
-0.3471
-0.3918
-0.3233
-0.3207
-0.2405
-0.5304
-0.1947
-0.1004
-0.1123
0.6345
-0.3328
-0.3145
-0.2650
0.2256
-0.3796
-0.1355
0.0499
-0.2237
-0.6042
-0.2896
-0.0804
-0.2864
-0.0545
0.3233
-0.2783
-0.5105
-0.3751
-0.3982
-0.4570
-0.3570
-0.5864
-0.3142
-0.4318
-0.3061
-0.2607
-0.3710
-0.5453
-0.3329
-0.2898
0.6773
-0.3985
-0.3475
-0.3185
0.3489
-0.2819
-0.3719
0.1366
-0.2108
-0.5244
-0.2953
-0.3407
-0.3951
-0.4185
-0.1379
-0.2244
-0.3862
-0.4418
-0.3611
-0.2963
-0.4188
-0.5179
-0.3830
-0.2622
-0.2084
-0.4433
-0.3505
-0.3977
-0.3392
-0.3003
0.0754
-0.2875
-0.3569
-0.3731
0.1617
-0.4072
-0.4001
-0.3431
-0.2724
-0.5067
-0.1280
-0.2854
-0.0169
-0.1733
-0.6183
-0.4266
-0.1346
-0.1627
-0.1677
-0.2812
0.1654
-0.0917
-0.2597
0.1606
-0.1217
-0.4405
-0.0475
-0.2162
-0.1755
-0.1187
-0.3350
-0.1752
-0.0970
0.2013
-0.7053
-0.2368
-0.3249
-0.2292
-0.3034
-0.0458
-0.1056
-0.3325
-0.4303
-0.2742
-0.2627
-0.2189
0.4406
-0.3633
0.1560
-0.0118
-0.2621
0.2000
-0.1330
-0.3271
-0.2176
-0.3123
-0.3056
-0.2249
-0.2529
-0.2135
-0.6374
-0.2976
-0.2525
-0.0750
-0.5980
-0.4353
-0.3063
-0.4481
-0.0291
0.2282
-0.2843
-0.5757
-0.4161
-0.2922
-0.1443
-0.3130
-0.5585
-0.3796
-0.3901
-0.2310
-0.2367
-0.5117
-0.3530
-0.1848
-0.4212
-0.2307
-0.4183
-0.4055
-0.2771
-0.3999
0.2706
-0.3576
-0.0645
-0.3582
-0.2836
-0.3942
-0.2433
-0.0818
-0.1913
-0.5148
-0.0549
-0.4947
-0.2803
-0.1712
-0.2892
-0.3292
-0.5500
-0.2847
-0.5019
-0.4835
-0.3314
-0.5216
-0.3255
-0.1551
-0.3442
-0.2339
-0.4957
-0.4641
-0.2564
-0.2825
0.1388
-0.3336
-0.2515
-0.1638
-0.1196
-0.1794
-0.4065
0.1634
-0.2932
-0.4211
-0.2668
-0.3566
-0.4013
-0.2953
-0.2604
-0.3785
-0.5455
-0.1775
-0.3694
-0.5040
-0.3098
-0.3988
-0.2280
-0.3325
-0.5317
-0.3928
-0.4964
-0.4693
-0.2309
-0.2357
0.1990
-0.2102
-0.2181
-0.4472
-0.0664
-0.3815
-0.3584
-0.1375
-0.0566
-0.4302
-0.3825
-0.1497
-0.3912
-0.2180
-0.4899
-0.2729
-0.6706
-0.2152
-0.3940
-0.1774
-0.2729
-0.5042
-0.3924
-0.3140
-0.3872
-0.2449
-0.4357
-0.1900
-0.1233
-0.1136
0.0650
-0.3858
-0.3041
-0.4336
0.0830
-0.3538
-0.3865
-0.1876
-0.3077
-0.4417
-0.4654
0.0310
-0.2374
-0.1542
-0.0196
-0.4727
-0.5216
-0.1956
-0.4286
-0.4218
-0.2567
-0.4730
-0.1417
-0.1443
-0.1977
-0.3683
-0.5969
-0.5056
-0.2550
-0.3341
0.0800
-0.2961
-0.2066
-0.3844
-0.0892
-0.4316
-0.2890
0.2089
-0.2528
-0.4358
-0.3468
-0.1530
-0.5426
-0.3638
-0.1916
-0.3192
-0.6295
-0.3493
-0.3948
-0.3031
-0.4521
-0.3180
-0.3027
-0.3739
-0.2844
-0.2288
-0.4187
-0.4154
-0.3516
-0.3110
0.1917
-0.3925
-0.3678
-0.4457
0.0938
-0.1497
-0.3659
-0.1600
-0.2604
-0.3922
-0.2141
-0.3897
0.0716
-0.2316
-0.0139
0.0269
0.0038
-0.2172
0.0535
-0.0005
-0.1545
0.0477
0.0848
0.1065
0.0085
-0.0339
-0.1844
-0.0916
-0.0905
-0.0790
-0.1009
0.1275
-0.0858
-0.0943
0.1410
-0.0434
-0.1026
-0.1143
-0.0544
0.0187
-0.0790
0.0546

Direct connections:
