version: 10
file format: 0

training data file: /tmp/train-lm-from-UD-corpus.sh.uwiFDAzcn.train
validation data file: /tmp/train-lm-from-UD-corpus.sh.uwiFDAzcn.valid

last probability of validation data: -563.890092
number of finished iterations: 14
current position in training data: 0
current probability of training data: -563.043210
save after processing # words: 0
# of training words: 1996
input layer size: 80
hidden layer size: 30
compression layer size: 0
output layer size: 51
direct connections: 0
direct order: 3
bptt: 0
bptt block: 10
vocabulary size: 50
class size: 1
old classes: 0
independent sentences mode: 0
starting learning rate: 0.100000
current learning rate: 0.012500
learning rate decrease: 1


Vocabulary:
     0	         0	</s>	0
     1	       298	32	0
     2	       137	1080	0
     3	       127	1086	0
     4	       123	1072	0
     5	       113	1085	0
     6	        92	1110	0
     7	        87	1077	0
     8	        80	1089	0
     9	        80	1088	0
    10	        78	1074	0
    11	        72	1090	0
    12	        61	1091	0
    13	        59	1082	0
    14	        58	1083	0
    15	        53	44	0
    16	        50	1084	0
    17	        47	1076	0
    18	        44	1079	0
    19	        39	1103	0
    20	        34	1087	0
    21	        33	1075	0
    22	        29	1095	0
    23	        25	46	0
    24	        22	1093	0
    25	        22	1073	0
    26	        21	1100	0
    27	        21	1081	0
    28	        19	1096	0
    29	         7	1097	0
    30	         7	1078	0
    31	         7	1102	0
    32	         6	1042	0
    33	         5	1094	0
    34	         5	1053	0
    35	         5	45	0
    36	         4	8217	0
    37	         3	1058	0
    38	         3	1057	0
    39	         2	1055	0
    40	         2	1040	0
    41	         2	8212	0
    42	         2	1052	0
    43	         2	1051	0
    44	         2	171	0
    45	         2	187	0
    46	         2	1108	0
    47	         2	1111	0
    48	         1	1092	0
    49	         1	1031	0

Hidden layer activation:
0.0338
0.0559
0.0191
0.0223
0.2065
0.0936
0.3683
0.0367
0.0120
0.0120
0.0840
0.1618
0.0125
0.0707
0.0597
0.0287
0.0962
0.0103
0.7981
0.0080
0.0283
0.0662
0.0761
0.0497
0.0025
0.0396
0.0219
0.0762
0.0259
0.0600

Weights 0->1:
-0.0209
-0.0837
-0.1344
-0.0277
-0.0162
0.7684
-0.5987
0.4664
-0.8482
-0.4229
-0.5254
-0.1292
-0.0579
0.1458
-0.2871
0.1854
-0.3876
-0.0553
0.4215
-0.3284
0.2096
0.1656
0.4574
-0.0404
0.0700
0.1375
0.0869
0.2766
0.1423
-0.2458
0.3907
0.1937
0.3308
0.0491
0.3159
0.2710
-0.1046
-0.1747
-0.2694
-0.0316
-0.2468
0.1372
0.1152
-0.3204
0.0160
-0.0210
-0.2118
-0.0317
-0.0188
0.1047
-0.0812
-0.9058
-0.4280
0.1218
-0.4049
-0.1276
-0.6135
-0.4780
-0.2089
-0.0559
0.1160
-0.0351
-0.0567
-0.2533
-0.6199
-0.0426
0.1476
0.0049
-0.2073
-0.0902
-0.1077
-0.3523
-0.6394
-0.1741
-0.0958
-0.0381
0.0883
-0.1133
-0.6526
-0.4021
-0.2945
-2.0898
-0.4366
1.1016
-0.7096
-0.2878
-0.1924
-0.1407
-2.1717
-0.8623
-0.3976
-0.5469
0.9456
0.6630
-1.8004
2.1565
-0.1376
-0.3873
1.6941
0.7653
-0.5412
-0.0056
-0.5479
1.8768
0.3258
0.4899
0.5501
0.3830
-0.5602
-0.9816
-0.0090
0.1385
0.0408
-0.9087
-0.2561
0.0106
-0.4459
-0.0690
-0.2034
-0.1776
0.8690
0.6797
0.1020
-0.4459
0.0487
0.3390
0.1275
0.8159
-0.0301
-0.2839
-0.3204
-0.5876
-0.0348
-0.3442
-0.2920
0.5313
-0.8455
-0.0177
-0.0051
-0.4120
0.4698
0.8604
0.4887
0.4893
-0.1734
-1.0297
0.4196
-1.0683
-0.2125
0.0080
-0.2150
-0.0857
0.0472
-0.3972
-0.0217
0.3404
-0.1545
0.0924
-0.2046
-0.0952
-0.0863
-1.4361
-0.9214
0.6743
1.1003
-0.3556
0.8049
-0.1549
-0.3269
-0.0755
-0.6006
0.5785
-0.3430
0.6116
-0.4367
0.6543
0.1342
-0.3546
1.6393
-0.5411
-0.1477
-0.1424
-0.1310
0.2853
0.6488
-0.1535
-0.4566
-0.0017
-0.0663
-0.1665
-0.2189
-0.0402
-0.0075
-0.1141
0.2680
-0.0157
-0.0792
0.2153
0.2153
0.0538
0.2395
0.1291
-0.0155
-0.0595
-0.1128
-0.0294
0.0418
0.0220
-0.1371
-0.1243
0.0290
0.0723
-0.2648
-0.4418
-0.0846
-0.3417
-0.0438
-0.0360
-0.5473
-0.3925
-0.3642
-0.4128
-0.0389
-0.4392
-0.5100
-0.1512
-0.8832
0.2801
-0.4608
-0.4440
-0.2122
-0.3077
0.2216
0.0039
0.0541
-0.7227
-0.4514
-0.5463
0.1815
-0.5359
-0.0889
-0.1976
-0.0067
-0.3028
-0.3311
-0.1363
-0.6027
0.0823
0.0679
0.2627
-0.0785
-0.6148
-0.0180
-0.0845
0.6059
0.1451
-0.0516
0.1263
-0.4780
-0.0964
0.1475
-0.3162
0.4175
0.0448
-0.1146
-0.1208
0.2397
0.1903
0.2184
0.0732
0.2510
0.0354
0.0826
0.0280
-0.0009
-0.1132
-0.0367
-0.0825
0.0814
-0.1535
-0.1760
-0.1973
-0.2607
0.0068
0.2287
-0.1425
-0.0412
-0.1133
0.0783
0.0324
-0.1034
-0.5317
-0.0393
0.0371
-0.5295
-0.2411
-0.3704
-0.5294
-0.2667
-0.2399
-0.2887
-0.3308
-0.3067
-0.5421
-0.5201
-0.4972
-0.2488
-0.1144
-0.2648
-0.1314
-0.1490
-0.5229
-0.5009
-0.2364
-0.2757
-0.2805
-0.2170
-0.3842
-0.2157
-0.3291
-0.1313
0.0467
-1.5273
-1.5847
-1.6872
0.8742
-1.5953
-1.5130
1.9512
2.2456
-0.5017
0.6343
-1.5041
0.3054
0.9592
-1.5709
0.7980
0.3346
0.2736
-1.3552
0.9837
1.2999
1.4733
-1.3927
-0.3556
2.2271
-0.3616
-0.7886
0.7700
0.6780
0.7832
-0.3758
-0.2890
0.9554
0.7577
-0.5656
0.6070
0.3706
-0.0369
0.2085
-0.8754
-0.8452
0.3102
-0.0313
-0.0824
-0.4548
-0.2455
-0.5913
-0.0344
-0.1917
0.1280
-0.5395
-0.5552
0.3979
0.2311
0.1639
-0.0179
-0.0668
-0.0440
0.1376
-0.3706
-0.1826
-0.2904
-0.3484
1.0127
0.3954
-1.0203
-0.1200
-0.8377
-0.1120
-0.1780
0.0763
0.1587
-0.2702
-0.3108
-0.1316
0.1146
-0.5396
-0.2713
-0.3900
0.1273
0.7066
0.9950
0.6168
0.5087
-0.4384
-0.4037
0.2731
-0.1073
-0.6543
0.0748
-0.7174
0.8470
-0.7425
-0.5994
0.0681
-0.0825
-0.4091
-0.6307
0.3810
0.0584
0.3322
0.1614
-0.2529
-0.3270
-0.4447
0.6664
0.3376
-0.4230
0.2502
-0.2620
-0.0541
0.1776
-0.0422
-0.2836
0.0763
-0.1446
-0.2078
0.3180
-0.0054
-0.0280
-0.0364
-0.3118
-0.3946
0.3976
0.0867
-0.0513
-0.0144
0.0028
0.0797
-0.1694
-0.8567
0.0377
0.0077
-0.3123
-0.0523
-0.1696
-0.2532
-0.1405
0.0585
0.4278
0.0590
-0.0265
-0.1098
-0.4101
-0.5705
-0.4542
-0.1701
-0.2381
0.1431
0.2842
-0.2562
-0.7918
-0.2802
-0.1760
-0.0092
0.0866
-0.2198
-0.4587
-0.1970
0.1190
0.7597
-1.0073
-1.9065
-1.2469
2.1607
-1.5258
-1.4377
-0.8120
1.0234
1.8390
0.1141
-1.5783
0.1463
1.4850
-0.9409
0.8195
-0.2767
0.5734
-1.2036
-0.2772
0.3446
1.4014
-0.8279
-0.0493
-0.3734
0.0919
-0.4174
1.1933
0.8993
-0.0692
-0.4679
0.5724
0.7494
0.3602
-0.0988
0.1482
0.6237
-0.1915
-0.2983
-0.4202
-0.3802
0.8169
0.5350
-0.0842
-0.2603
-0.1548
-0.3593
-0.4692
-0.3306
0.1557
-0.5052
0.1818
0.4522
-0.0445
0.2119
-0.2101
-0.5496
0.0247
0.2211
-0.5471
0.2375
-0.0557
0.1189
0.9860
0.1335
-2.0005
0.3144
-0.8163
0.1403
0.1155
0.4658
0.0978
-0.2407
-0.4554
-0.2222
0.1852
-0.5962
-0.3273
0.1618
-0.0792
-1.5754
-1.0106
-0.5380
-0.8918
-0.3096
-0.6822
-1.1025
-1.2348
0.9748
-0.2226
-1.1418
-0.4902
-0.2036
-0.7403
1.0481
1.3242
0.5341
0.1159
-0.2669
0.1755
0.5711
0.9177
0.9765
0.1870
1.4128
0.2737
0.6127
0.5950
0.6425
0.1542
-0.3916
0.0488
-0.3398
0.1227
-0.2572
-0.4130
0.2087
-0.2083
-0.1484
0.2278
0.2919
-0.1500
0.1269
-0.2665
0.0545
0.1168
0.1982
-0.0653
-0.0771
0.0020
-0.6593
-0.0509
0.1542
-0.1226
0.8299
0.3347
-0.1635
0.2966
-0.1473
0.2459
0.5544
0.2510
-0.2132
0.3545
-1.0055
-0.6083
-0.5249
0.2277
0.2401
0.3154
-0.2777
-0.3505
-0.3300
-0.1453
0.3463
-0.0767
-0.2862
-0.5641
0.0916
0.0995
-0.9010
-0.8816
-0.4236
-0.6090
0.1234
-0.5599
-0.3150
1.0842
0.4702
-0.4811
0.6409
-0.5338
0.1598
0.2944
-0.3525
0.3948
0.6337
-0.3244
-0.3296
0.3948
0.6159
0.5830
-0.3572
0.0073
0.4792
-0.2365
-0.2806
0.3731
0.2419
0.0025
-0.2909
-0.2720
0.1555
0.1150
-0.4295
0.1002
0.1265
0.0633
0.0033
-0.2201
-0.2689
0.0593
0.0336
-0.1694
-0.1223
-0.0894
-0.2447
0.1204
-0.0307
-0.2802
-0.6680
-0.3342
-0.0866
-0.3671
-0.0863
-0.2863
-0.2569
-0.0906
-0.1557
-0.3650
-0.2355
-0.1023
-0.5596
-0.3771
-0.5108
-0.3454
-0.4811
-0.1247
-0.0857
-0.0615
-0.5267
-0.3896
-0.2901
-0.1929
-0.3249
-0.0513
-0.2354
-0.3127
-0.5554
-0.2296
-1.6109
-0.3908
-0.7066
-0.2928
-0.2233
-0.0358
-0.0385
-1.0448
0.1568
-0.3225
-0.1669
-0.2269
0.0897
-0.2525
1.4367
0.0426
0.4577
-0.1492
-0.0904
-0.1211
-0.0992
0.2203
0.9537
0.0252
-0.3954
0.5358
0.4677
-0.1378
0.0141
-0.1047
-0.1713
0.2655
-0.2402
0.0442
0.2526
-0.1696
-0.1046
-0.2126
-0.0263
0.4584
0.6732
-0.0381
-0.0655
-0.0760
0.0593
0.1791
0.4031
-0.1453
-0.0500
-0.3036
-0.3589
-0.1837
-0.1390
-0.2844
-0.1606
-0.3090
-0.3227
-0.0834
-0.3718
-0.1807
-0.0966
-0.3987
-0.2666
-0.4645
-0.4234
-0.2063
-0.4043
-0.1664
-0.3777
-0.2977
-0.4163
-0.1538
-0.4042
-0.1313
-0.0928
-0.1612
-0.2717
-0.1872
-0.3828
-0.0709
1.4138
-0.1863
0.3934
-0.3665
0.0866
-1.0316
-0.4848
-0.4098
-0.3774
-0.8956
1.6114
-0.4632
-0.0823
0.2530
-0.4717
-0.2175
-0.0826
-0.0597
0.5621
1.0013
1.1953
0.4894
-0.3482
0.1831
0.6829
-0.0024
-0.2872
-0.2045
0.0009
-0.1927
-0.3394
-0.3213
0.4024
0.1683
-0.3161
-0.0830
-0.0453
0.1475
0.2296
-0.3287
-0.3068
0.3187
-0.4243
0.2159
-0.3328
-0.1774
-0.1792
0.1249
-0.0716
0.0194
-0.8744
-0.0686
-0.1675
-1.1812
-0.0559
-0.3413
-0.4294
-0.5386
-0.1810
-0.1993
-0.4150
-0.4358
-0.5245
-0.6888
-0.6533
0.5690
-0.3115
0.5238
-0.2919
0.1128
-0.6877
-1.0019
-0.3522
-0.3586
-0.5436
-0.2940
0.3021
-0.4614
-0.3351
-0.2019
-0.3839
0.1491
0.3636
0.7551
-0.0140
-0.1885
0.2747
1.1502
-0.6445
-0.6658
0.1407
0.0639
-0.1860
0.2304
-0.2115
-0.2990
-0.2640
-0.6486
0.8649
0.3424
-0.4401
-0.0755
-0.2719
-0.3381
-0.3938
0.5382
0.0834
-0.1007
-0.4422
0.2437
0.4095
-0.0917
-0.0640
-0.0882
0.1932
-0.0690
-0.1420
0.1744
-0.1429
-0.2172
0.0195
-0.1445
-0.0777
-0.0105
-0.1246
-0.1310
0.0224
-0.1498
-0.0655
-0.2206
-0.1538
0.5384
-0.2349
-0.7021
-0.5615
-1.0940
-0.4643
-0.4510
-0.1661
-0.4401
-0.3509
-0.3293
0.2328
-0.7683
-0.1552
0.8761
-0.2317
-0.6135
-0.1324
-0.0961
-0.1179
-0.4309
-0.0437
-0.2196
-0.2983
-0.1208
0.3531
-0.3520
0.3945
-0.1403
-0.5746
-0.0924
0.2258
-0.2171
-0.0850
-0.5141
-0.1926
-0.6425
-0.6380
-0.5799
0.2316
-0.3494
0.5738
-0.0434
0.0914
-0.2088
1.1040
-0.8456
0.6453
0.8252
0.9159
0.4512
0.0582
0.0910
-0.7141
0.3104
0.2027
0.1581
0.0779
0.1346
-0.1060
0.0483
0.0068
0.1576
-0.1180
-0.1448
0.0802
0.0791
0.3327
-0.3201
-0.3303
-0.0315
-0.0606
-0.2040
0.0165
-0.1445
-0.1277
0.2533
-0.1642
-0.1464
-0.7086
-0.5045
-0.1885
-0.7550
-0.1549
-0.5200
-0.2161
-0.3763
-0.4479
0.2369
-0.2761
-0.2558
-0.9264
-0.5158
-0.4624
0.4629
-0.4603
0.2950
-0.3072
-0.1741
-0.5416
-0.6955
-0.2956
-0.1053
-0.1715
-0.1246
-0.2594
-0.2262
-0.7188
-0.0807
-1.9793
1.5762
-0.8093
1.4469
-0.3806
1.4424
-0.6767
-0.1892
-0.7457
-0.8212
-0.3509
0.1052
0.8565
-0.6841
1.4215
-0.1186
-0.7616
0.1642
-0.0069
-0.5076
0.2018
-0.2324
0.9275
0.7966
-0.8645
0.8763
0.0088
-0.7292
-0.2216
-0.2815
0.2368
0.0595
-0.3001
-0.1516
0.0117
0.0940
-0.1668
0.0259
-0.2170
0.3980
0.4502
-0.1523
-0.5658
-0.0807
0.2636
0.2454
0.2812
-0.0884
0.0253
-0.0862
1.0509
0.1710
-0.4899
0.3289
-0.5669
-0.5608
-0.0567
-0.1053
-0.1699
-0.2023
0.2355
-0.2106
-0.0026
-0.8101
-0.2803
-0.6727
0.5212
-0.6462
-0.3339
-0.5665
0.2132
0.2643
0.3245
0.1163
-0.3567
-0.3049
-0.2889
-0.1055
-0.1027
-0.3186
-1.2885
2.1560
0.2777
1.1990
-0.4234
-0.4809
-0.5988
-1.3251
-0.6846
0.7398
-0.8516
0.7046
-0.4902
-1.3347
1.2550
-0.1119
-1.0240
1.1055
-0.2354
-0.8575
-0.1206
-0.3461
1.1592
0.6719
-0.4981
1.2028
0.3233
-0.3503
-0.4263
-0.2374
-0.0782
0.4549
-0.5101
-0.3813
-0.0241
-0.2113
0.1398
0.0235
-0.2777
0.6637
0.4514
-0.1133
-0.1492
0.7329
0.3729
0.1495
0.5900
-0.1472
0.0530
-0.2117
-0.4674
-0.0807
-0.2774
-0.1628
0.2741
0.0837
-0.2015
-0.0767
-0.0955
0.0898
0.3755
0.0187
0.4066
-0.5981
-0.6507
-0.6360
-0.1317
-0.2376
-0.0663
-0.1036
0.3154
0.2128
-0.3692
-0.2496
-0.4149
-0.3073
-0.0678
-0.2625
-0.2523
-0.2032
-2.5542
-2.2254
-1.6473
-1.9747
0.3669
-1.6849
-1.4131
0.7627
1.7954
0.0605
1.8658
-1.1279
0.3301
1.2879
-0.4505
1.4648
1.1340
-1.2320
-1.2290
1.0810
1.2497
0.5665
-0.5579
0.2373
1.4259
-0.8629
-0.1221
0.8604
1.7222
-0.1099
-0.8124
-0.0873
0.5857
0.1714
-0.5732
0.1271
0.9201
-0.1989
0.3450
-0.5076
-0.3973
0.4743
0.8437
-0.6926
-0.5475
-0.2908
-0.1992
-0.0754
-0.1147
0.2078
-0.6912
-0.0780
0.5632
0.2934
0.8690
0.8936
0.2791
0.3259
-0.1006
0.0495
0.1645
0.5331
-0.6233
1.2423
-0.3306
-1.7834
-0.3535
-0.7417
0.2429
0.2415
-0.0458
0.0523
-0.3680
-0.0929
0.5127
0.3627
-0.6756
0.0400
0.1209
-0.1227
-1.1875
0.8621
0.8926
1.0228
-0.8926
1.3851
3.3941
0.1211
-1.5776
-0.0483
-0.3605
1.7679
-0.9601
-1.3165
1.2556
-0.6890
-0.3575
-1.5062
0.8931
-0.2336
-1.1442
-1.4334
0.9242
-0.3499
-1.3864
-0.2986
0.3953
-0.7005
-0.5079
-1.0310
0.1203
0.4169
-0.5854
-1.0170
0.8574
0.0437
-0.2484
0.2311
0.0760
0.5875
0.5035
-0.3547
-0.0919
0.6185
0.2854
-0.2382
0.4718
0.2223
0.3084
-0.3133
-0.4352
0.8134
-0.1743
-0.7021
-0.0658
0.7639
0.1101
-0.1634
-0.1005
0.0722
-0.2568
0.0082
0.6917
-0.4291
-0.2539
0.0492
-0.5317
-0.5993
0.2558
0.2718
-0.2955
-0.5472
-0.7595
0.1107
-0.3746
-0.0605
-0.0362
-0.0113
0.0146
-0.0529
-0.8224
-1.2574
-0.6702
-0.9728
1.1701
-1.3873
-0.4105
-1.2167
0.4253
-0.7359
1.3845
-0.8069
1.4624
0.8350
-0.9120
-0.1121
1.3734
0.0840
-0.7630
0.5040
0.5943
1.3122
-0.7604
0.6178
0.0252
-0.5271
-0.1256
0.9804
0.3809
0.4108
-0.0654
-0.2732
0.3470
0.8414
-0.2942
-0.2075
0.3673
-0.1894
0.3553
-0.7774
-0.4879
0.1907
-0.1003
0.0952
-0.2283
-0.1840
-0.2054
0.2290
-0.2519
0.2027
-1.0465
-1.1219
0.1031
0.1711
-0.1364
-0.8262
0.0064
-0.1847
-0.0133
0.6110
-0.0024
-0.1047
-1.0454
-0.1636
0.7381
-0.5656
-0.0552
0.1006
-0.4253
-0.4596
-0.2783
-0.5354
-0.0205
-0.1260
0.0913
0.1223
-0.1788
-0.3375
-1.0500
0.1956
4.0576
0.8268
1.0228
0.5119
-1.0183
1.1747
1.2562
-0.5480
-1.8222
-0.6267
-0.9459
1.0976
-1.7949
-1.3477
0.0962
-0.6201
-0.3680
0.5843
0.0536
0.3276
-0.4350
-1.1211
-0.0690
-0.9283
0.5716
-0.1226
0.4143
-0.9633
-0.7561
-0.4910
-0.0320
0.1059
0.2388
-0.4654
0.7913
0.2637
-0.3488
0.0998
0.0328
-0.1818
-0.0483
-0.1287
-0.5787
0.4287
-0.2113
-0.1802
-0.2432
0.0178
0.1024
-0.1815
-0.5765
0.1259
0.7329
-0.3477
-0.0716
-1.1946
1.0010
0.2573
0.6930
-0.1046
-0.8115
0.5068
-0.2637
-0.3985
-0.2822
-0.7081
0.2566
-0.9149
0.8831
0.4461
-0.7309
-1.1212
-0.5737
0.3440
0.0902
0.5818
-0.1354
-0.5148
-0.0233
0.0018
-1.3212
-0.2511
-0.5410
0.4710
-0.5728
0.2345
-0.2454
0.3702
0.5738
-0.2139
-1.0089
-0.1137
-0.1918
-0.3266
0.9537
0.5023
0.1417
-0.5850
-0.3420
-0.3058
0.1654
0.3872
0.4845
0.1220
-0.1181
0.0833
0.6662
0.0273
0.5092
0.1688
-0.2858
0.1651
0.0244
-0.0898
-0.0618
-0.0028
-0.1076
0.3882
0.0081
0.1721
0.2237
-0.4122
-0.1277
-0.0550
0.3423
-0.0084
0.2793
-0.2122
-0.0877
-0.3832
-0.1232
0.0340
-0.3243
-0.3783
-0.2219
-0.0284
-0.3828
-0.1607
-0.2417
-0.2444
-0.0220
-0.2819
-0.6663
-0.3020
-0.9604
-0.5529
-0.1784
-0.0196
-0.4723
-0.0363
-0.6834
-0.3910
-0.1387
-0.2480
-0.2575
-0.1993
-0.5220
-0.4990
-0.3785
-0.1326
-0.2557
-0.2542
0.7582
-0.1513
-0.2451
-0.3139
0.5883
-1.0237
-0.6663
0.9704
-0.2773
0.1944
-0.0951
0.0664
-0.1443
-0.1826
0.6253
-0.4359
0.3828
-0.0471
-0.3423
0.0246
-0.1260
-0.5515
-0.7486
-0.0312
0.0914
0.4613
-0.0502
-0.2048
0.0848
0.2176
-0.0480
0.1339
-0.0417
-0.2230
-0.0094
-0.1288
-0.0094
0.0320
-0.1108
0.0361
0.2509
0.2771
-0.0803
-0.0829
0.1305
0.2474
-0.0867
-0.3582
-0.7550
-0.1185
-0.1622
-0.4579
-0.2575
-0.4008
-0.2095
-0.1328
-0.0732
-0.1062
-0.3070
-0.1810
-0.4709
-0.7993
-0.1065
-0.3072
-0.7228
-0.2977
0.0087
-0.0211
-0.3239
-0.4008
-0.2428
-0.1976
-0.0288
-0.1807
-0.2277
-0.2634
-0.2364
-0.2691
-1.9002
-0.8491
-0.7778
-0.7052
-0.4596
-0.6043
-0.7153
-0.5450
0.3317
0.3285
0.3304
-0.2305
0.6121
0.5728
0.8052
0.7249
-0.0384
-0.1205
-0.2348
-0.1898
-0.2018
0.0209
0.8021
0.2965
0.2029
0.0719
-0.0575
0.0540
0.4600
-0.0045
0.1817
-0.0739
0.0998
0.2209
-0.1773
-0.0812
0.2296
-0.1995
-0.1411
0.2822
0.3621
0.3091
0.4407
-0.1383
0.0484
0.0329
0.2653
-0.0494
-0.1247
0.0211
-0.0560
0.1660
-0.2092
-0.4406
0.2721
-0.4273
-0.2322
-0.0592
-0.1622
-0.4838
0.5062
0.0193
0.0625
0.1612
-0.6536
-0.4967
-0.3523
-1.1945
0.1639
-0.1207
-0.0691
-0.1283
-0.2913
-0.2207
0.0929
-0.1211
-0.0083
-0.0284
0.5710
-0.0979
-2.3616
-1.0895
-1.1276
-1.1883
-0.1196
-0.6226
-0.7859
-0.8378
0.3869
-0.2790
-0.4399
-0.2111
1.0857
0.0199
1.9021
0.8827
0.2750
-0.3931
-0.4318
-0.3501
0.2581
0.5194
1.6377
0.5250
-0.1496
0.2583
0.5065
0.2722
0.4701
-0.2465
-0.7173
0.3037
-0.2790
-0.1030
-0.0701
-0.1674
0.2038
-0.2926
0.0409
0.5713
0.6580
-0.0053
0.0534
-0.5082
0.5525
0.2011
0.5800
-0.1979
-0.1630
-0.3901
0.3599
-0.0234
-0.1110
-0.2748
0.2767
-0.3958
-0.1893
0.1576
-0.3272
-0.6323
0.5095
-0.0264
-0.0514
0.0404
-1.1969
-0.1227
-1.0030
-0.5258
0.0314
0.1884
0.2304
0.2132
-0.1355
-0.3214
0.3809
-0.0802
-0.0283
-0.2340
0.4820
-0.2074
-1.3063
-0.5266
-0.3778
-0.7235
0.7855
-0.4332
1.3799
-0.3613
-0.4176
0.0170
0.5180
0.1936
0.1532
-0.1568
0.6112
-0.0349
0.3103
-0.4471
-0.1924
-0.1795
-0.1560
-0.0742
0.5167
0.1695
-0.5884
0.0206
0.3509
0.0410
0.1345
-0.0235
0.0301
0.1110
-0.0727
-0.1121
0.0513
-0.2971
-0.0260
-0.2487
0.0403
0.0276
-0.0901
-0.1152
-0.0463
0.0758
0.1194
-0.1451
0.2451
-0.0175
-0.0996
-0.1881
-0.6490
-0.3176
0.0683
-0.4876
0.2569
-0.6643
-0.2835
-0.0797
-0.2410
0.0446
0.4150
0.1345
-0.0957
-0.3183
-0.0424
0.3274
-0.6944
-0.3776
0.0295
-0.1175
-0.0982
0.0876
-0.1182
-0.4993
0.2172
-0.0778
-0.1373
-0.3986
-0.4401
-0.0388
-1.2282
-0.6721
-0.7581
-0.3670
0.6664
-0.3588
-0.0709
-0.4032
-0.1374
-0.8992
0.3491
-0.2969
1.2965
0.0673
0.0546
0.2117
0.9296
0.1483
-0.8587
0.1353
0.2950
0.7043
-0.1959
0.3586
0.2977
-0.3513
-0.0644
0.4531
-0.0414
0.1936
-0.0927
-0.1715
-0.0040
0.6057
-0.0303
-0.1024
0.1116
-0.1799
0.0620
-0.0922
-0.1889
-0.0276
-0.0187
-0.1070
-0.0356
-0.1312
0.0413
-0.0301
-0.0225
0.0137
-0.7906
-0.6999
0.0089
-0.2357
-0.0300
-0.3722
-0.3685
-0.2167
-0.5106
-0.0240
-0.1145
0.1127
-0.8834
-0.3722
-0.5553
-0.4951
-0.1740
0.1009
-0.3941
-0.3384
-0.5839
-0.7587
-0.3951
-0.0918
-0.0057
-0.0577
-0.6716
-0.4021
-0.7032
-0.0081
-0.1358
-0.6851
0.1829
0.4418
-0.6450
-0.6607
0.0852
2.2251
0.6723
-1.1006
-0.1700
-0.0771
-0.1854
0.0776
-0.3763
0.1206
-0.2904
-0.4837
-0.2663
0.4239
0.1135
-0.0373
-0.3082
-0.1276
0.6892
0.0364
-0.1413
-0.1792
0.2141
0.2054
-0.0814
-0.1349
0.1256
0.1370
-0.2045
0.0049
-0.1790
0.3045
0.1437
-0.1697
-0.4184
-0.1252
-0.3149
-0.0887
-0.1550
-0.2675
-0.0330
0.0377
-0.1498
-0.0178
-0.4703
0.0148
-0.1958
-0.7763
-0.2461
-0.3422
-0.4229
-0.5546
-0.3842
-0.4483
-0.4145
-0.5772
-0.5140
-0.2711
-0.4309
0.1332
-0.2762
0.0514
-0.2876
-0.1025
-0.4635
-0.7336
-0.1024
-0.3275
-0.5257
-0.2696
-0.0077
-0.4030
0.0429
-0.0494
-0.6687
-0.2279
-0.4983
-0.1598
0.2864
-0.1985
0.0203
-0.1305
0.2800
-0.2537
-1.1551
-0.0014
-0.0254
-0.0862
0.4816
-0.0209
-0.2728
0.2127
-0.4201
-0.1138
-0.2675
0.8488
0.3310
-0.3200
0.2801
-0.0128
0.4585
0.5034
-0.2303
0.4159
-0.2533
0.0789
-0.0805
0.3103
0.1468
-0.0848
-0.2598
-0.1373
-0.1689
0.0106
0.0157
-0.1704
-0.3024
0.1350
0.0869
-0.1552
-0.0689
-0.1515
0.0795
-0.1401
-0.3614
-0.3828
-0.1574
-0.4878
-0.1805
-0.6418
-0.4527
-0.2249
-0.3460
-0.2191
-0.1048
-0.3438
-0.5138
-0.5930
-0.4901
0.1094
-0.2766
0.2879
-0.2788
-0.2947
-0.2821
-0.5994
-0.0421
-0.2464
-0.2560
-0.2942
-0.1311
-0.3991
-0.2486
0.0483
-0.3845
0.8288
0.9823
0.5395
-0.8027
0.3659
1.3865
-0.5145
-1.0537
-0.9775
-0.6760
0.3658
-0.7153
-0.8546
0.8790
-0.5093
0.1597
-0.4802
1.1712
-0.0347
-0.4612
-0.2788
0.6805
-0.5368
-0.3825
0.9460
0.1081
-0.4281
-0.6683
-0.2069
0.1923
0.0342
-0.2158
-0.3444
0.0733
0.0643
-0.4192
0.1323
0.0644
0.2000
0.3099
-0.1942
-0.4466
0.2479
0.0348
-0.0794
0.0969
0.2214
0.1655
-0.0282
-0.4493
0.3951
-0.3137
0.1277
-0.4421
-0.0310
0.2966
0.2459
0.0151
0.3836
-0.2606
0.0677
-0.1551
-0.8500
0.0283
0.0644
0.2548
-0.8298
-0.1749
0.0133
-0.3394
-0.5447
-0.2134
0.6018
0.0538
0.2574
-0.3726
-0.2460
-0.4298
-0.1893
-1.9796
-1.2103
-0.9841
-0.9242
-0.1006
0.0644
-0.5699
-1.7344
-0.1606
0.8772
-0.0608
-0.3938
1.0155
-0.2289
1.5969
0.8068
0.9769
0.0319
-0.7167
-0.4331
-0.4115
-0.0519
1.4109
0.1356
-0.3000
-0.3742
0.3190
1.0685
0.2480
-0.3999
-0.6492
0.3332
-0.2301
0.1117
0.1112
-0.4851
0.2335
-0.3802
-0.0037
0.5661
0.4013
0.1455
0.5403
-0.1980
0.2657
-0.0106
0.7153
-0.0554
-0.1689
-0.2630
-0.1663
-0.1724
-0.1753
-0.4673
0.3307
-0.2052
-0.1646
-0.2739
-0.1816
-0.1505
0.5274
-0.0543
-0.0569
-0.4368
-0.9056
-0.2200
-0.7220
0.1515
0.0420
0.0973
-0.1481
-0.2191
-0.3776
-0.2283
0.1545
-0.3048
-0.0645
-0.1601
-0.0580
-0.1959
-1.6834
-0.5386
1.3928
1.5292
-0.6850
0.3388
-0.0799
0.3781
-0.4507
-1.0708
-0.0387
-0.6065
-0.1687
-1.1166
0.8183
-0.3718
-0.8749
0.3621
0.2530
-0.3573
1.0221
-0.3004
0.7245
1.0714
-0.5821
0.5402
0.9625
-0.7682
0.0622
-0.2264
0.0895
0.2986
-0.4924
-0.5535
0.1634
0.2820
-0.1480
0.4424
0.1190
0.2860
0.1451
-0.1251
-0.5870
-0.2332
0.2014
-0.0623
-0.0091
0.1027
-0.2375
-0.3462
0.2179
-0.3232
-0.5308
0.0408
-0.4439
-0.6448
-0.2778
-0.3296
-0.1037
0.1442
0.0220
-0.0308
0.5519
-0.3710
-0.0649
-0.5181
-0.0976
-0.6249
-0.5331
-0.3857
-0.1804
0.1945
0.1197
0.0365
-0.3916
-0.5013
-0.2501
0.2783
-0.2777


Weights 1->2:
-0.6941
-0.4574
-0.3839
-0.2772
-0.4858
-0.5257
-0.5697
-0.5894
-0.3929
-0.3123
-0.3254
-0.3050
-0.4423
-0.4298
-0.4782
-0.5272
-0.9936
-0.3752
-1.0122
-0.2967
-0.3266
-0.3909
-0.5352
-0.3846
-0.3727
-0.4156
-0.2970
-0.5069
-0.3011
-0.5042
-0.2711
2.4904
0.6983
-0.3832
-2.8483
-0.2795
-1.3023
1.4627
-0.7497
1.5988
-1.7776
-0.8419
-0.5787
1.4473
1.8425
-0.3287
1.8435
-1.7699
-1.1599
0.9967
-0.1787
1.0600
2.5773
0.7214
-0.2028
-1.0903
0.4092
0.9611
2.3532
0.7633
-0.4092
-1.0231
-0.2373
0.3778
1.1198
-0.5649
2.3524
1.0869
0.6575
0.3838
-0.5682
-0.4016
0.2462
-1.0295
-0.4020
3.4682
-0.6632
1.0187
-2.9278
0.1656
1.2045
1.5223
1.3825
0.7110
0.4773
-0.6252
-0.2886
-1.4141
1.9152
-1.3590
-0.2643
-0.8227
-0.1923
0.3261
1.6548
0.3957
1.1019
1.4487
0.8039
0.4918
0.1370
-0.8014
0.7846
-0.0028
-0.2981
2.8200
-1.2512
1.0772
-1.1907
1.2946
-0.6952
0.2468
1.0627
0.2043
0.7758
0.5419
0.1033
-0.8084
0.0903
0.9463
0.7668
1.2989
1.0058
-0.5957
1.7496
-0.7968
2.0623
0.9093
0.4597
0.2086
0.9941
-1.0647
0.0458
0.0011
0.4363
1.7477
-2.1487
1.9764
-2.2679
-0.8250
-0.5320
0.7574
0.8756
0.6631
1.1632
-0.9329
-0.0995
-1.4685
0.9214
0.1969
1.3213
0.3963
-0.4228
0.2616
0.1935
0.7002
1.1122
0.4260
-0.2099
0.5236
-0.4926
0.6255
0.4425
0.2608
0.9482
-1.0799
0.8585
0.6120
0.9610
0.1942
0.6353
-0.4260
0.3213
1.2195
0.0132
-0.1910
0.7873
0.6892
0.6011
0.6025
0.4820
-0.8952
-0.3082
0.2594
1.3081
0.0286
2.5881
0.7254
0.2678
-0.0986
1.8660
-0.0475
0.2892
-0.6454
-0.7973
2.2091
-1.2665
1.2357
0.0952
-0.2302
0.0031
1.0684
0.7302
-0.0265
0.2481
0.4633
0.0633
-0.9815
0.8472
-1.3686
0.8498
-0.2121
0.2070
0.9452
2.0387
-0.7135
0.9153
1.3079
0.8453
0.5159
-0.1567
-0.1390
0.9661
-0.4938
-0.9015
1.1539
-3.1348
2.2337
-2.6422
0.6450
0.2085
0.4086
0.8748
0.2154
2.1056
0.3390
1.6175
-0.6035
0.7061
-1.2485
0.5695
0.8990
-0.5308
0.2259
-0.4778
1.3249
0.3714
0.0768
-0.5043
-0.1143
0.2868
-0.2795
0.1626
0.1289
1.8823
-0.8789
1.7151
-0.0119
1.4641
-0.2457
0.7878
-0.1470
-0.6502
0.5920
-0.0532
-0.3685
0.2031
0.6135
0.0200
-0.5678
0.4015
0.8099
0.3714
-0.2620
-0.8036
-0.3997
-2.4479
-0.0254
0.7509
0.4584
1.4643
-0.0831
2.2579
-0.6090
-1.3001
1.0760
1.6484
2.3027
1.2913
-0.5945
0.5642
-0.1684
-0.1333
0.6980
1.3400
-0.2760
-0.6952
1.2173
0.6982
0.1532
0.5799
0.9714
1.8381
-0.1270
-0.0116
0.0387
-0.2327
-0.4068
0.2644
0.0157
0.7288
-0.2016
-0.0073
1.2842
1.2919
-1.4612
-0.2276
0.5220
2.1809
0.0491
-0.2672
-0.3142
-0.9322
-0.3575
0.5791
0.4938
0.0504
0.4376
-0.0781
1.2719
0.2537
-0.8115
-0.2847
0.6410
1.0992
0.6989
-0.4654
-0.4225
0.8600
-0.3815
0.6034
0.9274
-0.0745
-0.4278
-0.3114
1.0107
2.3503
-0.8712
1.2275
0.2365
0.0519
0.0767
-0.2278
0.6009
0.1971
1.8042
0.3018
0.3259
-0.6255
-0.3550
0.0277
0.9518
-0.1659
-0.0199
2.6393
-0.4809
0.4420
2.5992
0.8235
-0.1712
0.1813
-0.8097
-0.8218
-1.5244
-0.0798
2.2700
-1.8876
-0.2335
0.8555
0.3962
-0.6642
0.7915
0.6628
-0.5635
0.3962
0.7611
0.2986
-0.7276
0.4891
-0.8601
0.4152
0.7724
-0.7866
0.5666
-0.1161
1.3139
0.2265
0.2465
0.1573
0.4823
1.0741
1.3050
1.0299
0.5597
1.3265
-0.5901
-0.3528
-0.2982
0.1929
0.0419
0.6002
0.1278
0.1336
-0.0446
-0.6911
0.0883
0.1161
1.4336
-0.6235
0.6398
-0.2813
-0.0067
0.6955
0.0085
-0.3967
0.6305
-0.8982
0.4263
0.3579
-0.1680
0.5831
0.9293
0.5073
0.7916
0.4487
0.2985
0.9079
-0.8548
0.7592
0.8154
0.1101
0.0031
0.1912
-0.5106
-0.3274
0.9106
0.0389
0.5558
-0.0950
1.1553
-0.1888
1.0861
0.9166
-0.2789
-0.7993
-0.2023
-0.6515
-0.6582
-0.5116
0.3388
-1.0739
0.7633
-0.3596
2.2476
1.1709
-0.6755
1.0805
-0.3867
-1.6863
0.3310
-0.1363
1.0282
1.1850
0.2564
0.1668
-0.0743
-0.2254
0.1494
0.5198
1.0782
0.3991
0.1473
1.2141
0.3524
-0.5551
0.3183
-0.9331
-0.5064
0.2860
0.1506
-0.0795
0.5694
0.1718
0.3102
0.4983
-1.0705
1.2975
-0.0461
0.5732
0.7190
0.5082
-0.2325
-0.2660
0.1214
0.2640
0.6571
0.3171
0.8556
-0.1311
1.5354
0.3199
0.0457
0.1987
-0.1105
-0.8387
0.1636
-0.1408
-0.5440
-0.2721
0.0405
0.2775
0.5087
0.0141
0.2144
-0.8977
-0.8982
2.2574
-0.2945
1.9775
-0.2156
0.2452
-0.1384
-0.4337
0.1992
-0.0075
0.0941
-0.0034
0.9680
0.1753
0.2760
0.1640
-0.5139
-0.5084
0.3257
0.0216
0.7073
0.2256
-0.5284
-0.2968
-0.1732
0.2796
-0.0595
0.1944
0.3662
0.8198
-0.9042
1.2217
-0.1445
2.3177
-0.1251
0.2385
-0.5317
-0.7450
-0.1215
-0.0269
-0.1797
-0.1353
1.0784
-0.5871
-0.7550
-0.3742
-1.3891
-0.0029
-0.1456
2.8331
-0.4929
1.3588
-0.4218
0.6654
-0.1875
-0.5054
-0.0203
-0.4479
-0.1370
-0.6914
2.6597
-0.2879
0.6825
0.4484
0.1642
-0.3893
0.5225
-0.1142
-0.1064
-0.2092
0.7147
-0.5010
-0.2274
-0.6522
0.5261
0.4029
-0.1554
0.1845
0.2770
-0.1507
0.6986
0.0750
-0.4852
0.0274
-0.0929
0.5793
0.6131
0.3319
0.0161
0.4659
-0.7449
0.0775
-0.3414
1.8542
0.1646
0.5749
-0.2828
-0.4868
-0.1412
-0.0888
0.6709
0.3614
0.3786
-0.4245
0.0423
0.0596
0.9317
0.7237
-0.0402
-0.9043
0.8513
-0.3459
0.2186
-0.3179
-0.1471
0.4242
0.2397
0.0938
-0.7175
0.7871
-0.7509
0.8959
-0.2708
1.1345
-0.0050
0.8420
-0.1209
-0.2535
-0.1938
-0.4406
0.0617
0.0547
0.3860
0.0317
0.9052
0.6629
1.8157
-0.4650
0.1580
-1.0255
0.6888
-0.9394
0.3999
-0.4216
0.1628
-0.4748
0.6186
0.2636
-0.7637
0.2120
-0.6105
1.3163
-0.3947
0.5238
-0.0508
0.6286
0.6078
0.0547
0.9403
-0.2440
0.0163
-0.0373
0.9289
-0.1977
0.2920
-0.2341
0.8838
0.5638
-0.1034
-0.1810
-0.1378
-0.8187
0.3553
-0.2186
0.2749
-0.7452
0.5614
-0.2974
1.8560
0.9298
-0.2500
0.1735
-0.3737
-1.6581
0.1984
-0.3647
0.8699
0.7359
0.1405
-0.1745
0.2664
-0.2873
0.3228
0.1738
0.9180
0.0825
-0.2226
-0.3359
0.1915
0.0885
0.6412
-0.6114
0.2251
0.5481
-0.0993
0.1975
0.1894
0.2536
1.1417
0.5981
-0.1311
0.5254
-0.3896
0.7730
0.3338
-0.1530
-0.1931
-0.2367
-0.2807
0.1942
0.5620
0.2776
0.7217
-0.1735
-0.5210
0.0124
-0.1348
-0.4464
0.1187
-0.1622
0.4276
0.0616
-0.2760
-0.2467
-0.2441
0.2141
-0.0030
0.0529
-0.1810
0.4529
-0.4553
0.4738
-0.2051
1.9786
-0.2319
0.4550
-0.2199
-0.6337
-0.0796
-0.2657
-0.1036
-0.0160
0.4206
-0.1744
-0.5037
0.0814
-1.0442
-0.1778
0.3236
1.4812
-0.4541
-0.1676
-1.2226
1.1116
-0.1422
0.8625
1.6398
0.2075
-0.2264
-1.3104
1.2138
-0.3753
0.5877
-1.9564
0.0492
-0.4986
0.5387
0.2379
1.0402
0.3429
1.6739
0.2445
-0.5847
-0.3798
0.2236
-0.2204
0.0179
0.2354
-0.2570
-0.6866
0.4295
-0.3753
-0.3397
-0.4839
-0.0631
-0.2455
0.1756
-0.2674
1.8335
0.8821
-1.3392
0.7858
-0.7039
0.5563
0.3025
-0.2598
-0.2378
-0.3118
-0.4543
-0.2561
-0.1074
-0.2914
0.5179
-0.1542
0.2973
-0.0515
0.2438
-0.4183
-0.2433
-0.3656
0.2822
1.1187
0.1237
-0.0074
0.0259
-0.1083
-0.0897
0.1527
0.7425
0.8577
-0.2721
0.6198
-0.5993
-0.3919
0.2917
0.4602
0.4640
0.2170
0.2931
-0.1281
-0.5853
0.1395
0.0078
1.0795
-0.1809
-0.2481
-0.3955
-0.1452
-0.1754
-0.1378
-0.2556
0.0921
-0.4858
-0.2801
-0.2397
-0.2976
-0.1229
-0.3522
0.0624
-0.6105
-0.4440
-0.0273
-0.4262
1.1585
-0.1925
-0.2387
-0.3672
-0.2668
-0.4224
-0.2858
-0.4732
-0.3949
0.0361
-0.1687
-0.2308
-0.2030
-0.1625
0.2316
-0.1584
-0.3946
-0.0200
-0.8187
-0.2646
-0.2728
0.2334
-0.3824
-0.1259
-0.1203
0.4505
-0.2931
-0.2666
1.0896
0.0240
-0.3679
-0.0844
0.2211
-0.2511
-0.4350
0.1086
-0.1488
-0.3639
-0.0935
1.0436
-0.2612
0.2074
-0.2902
-0.2549
0.4721
-0.0066
-0.1089
-0.1111
0.2320
-0.1597
-0.1287
0.0080
-0.4823
-0.0196
-0.1191
0.6808
0.3190
0.3781
0.0966
0.0657
-0.9250
-0.2398
-0.2759
0.4954
0.1581
-0.4264
-0.1718
-0.2217
-0.1544
0.1251
-0.1211
0.3496
-0.1656
-0.6258
-0.1641
-0.0309
-0.0902
-0.0745
0.3176
-0.1211
-0.0990
-0.1655
-0.0451
0.0085
-0.1921
-0.4443
-0.5183
-0.4660
-0.6285
-0.3757
0.8824
-0.1351
-0.0045
-0.3486
-0.0037
-0.1777
0.0075
-0.1199
-0.0688
-0.2297
-0.2882
-0.4910
0.1468
0.1385
-0.1564
0.0528
0.3724
-0.0880
0.0204
0.0180
0.1728
0.1504
-0.0809
0.2337
0.1654
-0.2777
-0.5786
0.4711
-0.6121
0.3943
-1.2076
-0.0282
-0.3124
0.1077
0.4493
0.3613
0.1245
0.0781
0.1685
-0.5285
-0.1021
-0.1306
-0.3516
-0.5529
-0.4860
-0.1692
-0.2771
-0.2749
0.2358
-0.5596
-0.4057
-0.5715
-0.0382
-0.1144
-0.0864
-0.4840
-0.4726
-0.6284
-0.7102
-0.2533
1.0324
-0.3915
-0.2202
-0.4932
-0.4732
-0.2553
-0.3556
-0.3808
-0.2339
-0.4231
-0.4193
-0.5521
-0.1510
-0.4465
0.1262
-0.1242
-0.4374
-0.1639
-0.5783
-0.4167
-0.1433
-0.1484
-0.3048
-0.2127
-0.4038
-0.3832
-0.6003
0.0472
1.1877
0.1113
-0.0346
-0.1308
-0.0145
-0.4169
-0.3780
0.2817
-0.1107
-0.3039
-0.2182
0.4730
-0.3341
-0.2047
-0.2276
-0.1400
-0.1474
0.3134
0.9925
-0.5971
0.2173
0.6824
0.3033
0.4714
-0.1905
-0.2359
-0.1255
-0.5171
-0.4316
0.8447
-1.1488
0.3318
-1.6480
0.3640
-0.0072
0.1000
0.3295
-0.0322
0.0005
0.3996
0.3620
-0.9490
0.3740
-0.4293
-0.4874
-0.4438
-0.4952
-0.1431
-0.2706
-0.1757
0.0092
-0.3294
-0.4860
-0.4488
-0.1663
-0.2181
-0.0951
-0.4192
-0.4312
-0.6606
-0.6589
-0.3911
0.4797
-0.5108
-0.0869
-0.4723
-0.5203
-0.3703
-0.2820
-0.2279
-0.3633
-0.5405
-0.4170
-0.3925
-0.3060
-0.5163
-0.2203
-0.2921
-0.2958
-0.4333
-0.1067
-0.4773
-0.5468
-0.4380
-0.3594
-0.1080
-0.2597
-0.5546
-0.6239
-0.4829
-0.6902
-0.3296
0.4760
-0.4927
-0.1827
-0.5076
-0.2942
-0.2438
-0.4480
-0.2798
-0.1579
-0.4297
-0.2970
-0.4271
-0.4414
-0.5283
-0.3976
-0.3017
-0.3996
-0.4773
0.0012
-0.3887
-0.4323
-0.3204
-0.2792
-0.0884
-0.4411
-0.4400
-0.5434
-0.5345
-0.6326
-0.3933
0.1214
-0.4967
-0.2390
-0.4321
-0.4803
-0.2778
-0.4081
-0.2867
-0.3472
-0.1894
-0.4749
-0.4574
-0.3453
-0.3390
-0.2914
-0.2978
-0.2672
-0.2803
0.0136
-0.3079
-0.3954
-0.5224
-0.3290
-0.1213
-0.4884
-0.4489
-0.6259
-0.6518
-0.3937
-0.1358
0.1031
-0.2584
-0.4608
-0.3711
-0.5899
-0.5402
-0.4328
-0.2264
-0.2722
-0.4664
-0.5308
-0.5497
-0.3926
-0.5989
-0.4969
-0.1269
-0.3197
-0.2059
-0.4386
-0.5520
-0.3230
-0.2160
0.0497
-0.1237
-0.2899
-0.4694
-0.4517
-0.5392
-0.6065
-0.3688
0.1733
-0.3743
-0.0999
-0.3562
-0.3646
-0.2466
-0.3857
-0.1991
-0.0442
-0.3568
-0.4460
-0.4232
-0.5446
-0.3847
-0.4362
-0.1287
-0.4312
-0.1450
-0.1626
-0.2866
-0.5440
-0.4840
-0.2180
-0.1983
-0.2762
-0.6749
-0.6396
-0.6111
-0.7142
-0.2045
0.1336
-0.4370
-0.3249
-0.6147
-0.3349
-0.5892
-0.3872
-0.3496
-0.3596
-0.4314
-0.3744
-0.2426
-0.3952
-0.4675
-0.4137
-0.2675
-0.3356
-0.1978
-0.0620
-0.4494
-0.4343
-0.5127
-0.4565
-0.2132
-0.3747
-0.4200
-0.4348
-0.5129
-0.6233
-0.4084
-0.0027
-0.2645
-0.3214
-0.5170
-0.2747
-0.3541
-0.4057
-0.4243
-0.0918
-0.4916
-0.5333
-0.3984
0.0248
-0.5703
-0.3699
-0.1290
-0.1433
0.0385
0.0694
-0.5016
-0.2325
-0.3818
0.2026
0.0200
-0.0459
-0.5341
-0.4578
-0.6874
-0.7158
-0.3427
-0.0054
-0.4223
-0.2773
-0.3456
-0.3367
-0.3155
-0.3276
-0.0358
0.0444
-0.3678
-0.3650
-0.3367
-0.4045
-0.0829
0.0921
-0.1723
-0.2877
-0.3458
-0.1543
-0.0669
-0.1458
-0.0887
-0.3836
-0.1219
-0.2284
0.0728
-0.1248
-0.0906
-0.4072
-0.1493
-1.2486
-0.2389
-0.3902
-0.1374
0.2070
-0.1709
-0.1722
-0.2825
-0.2146
-0.3043
0.1012
0.1501
-0.2145
-0.0876
-0.2937
-0.2323
-0.6692
-0.0285
-0.8115
-0.0733
-0.4255
-0.1367
-0.3924
-0.4246
-0.3061
0.3185
-0.1007
-0.2443
0.1365
-0.2668
-0.7610
-0.1501
-0.1634
-0.1768
-0.2810
-0.3501
-0.1343
-0.4461
-0.3285
-0.0440
-0.3584
-0.2116
-0.2143
-0.0175
-0.1604
-0.1627
-0.5128
-0.1012
-0.5792
0.0290
-0.2144
0.0560
-0.2986
-0.2678
-0.1180
-0.2316
-0.0965
-0.6363
-0.1574
-0.2424
-0.7585
-0.0947
-0.1083
-0.1906
-0.2195
-0.3796
-0.2150
-0.1334
-0.1483
-0.0413
0.0656
0.0484
-0.2765
-0.2252
0.2505
-0.3371
-0.5000
-0.3967
-0.7926
-0.2160
-0.3932
-0.0680
-0.2799
-0.0057
-0.0517
-0.0848
-0.1510
-0.5382
-0.4266
-0.3542
-1.1344
0.0494
-0.3290
-0.4542
-0.1670
-0.4035
-0.2171
-0.0165
-0.0566
-0.3818
-0.2305
-0.0081
-0.2995
-0.3837
-0.4986
-0.2195
-0.3239
-0.4745
-0.4198
-0.4422
-0.5942
-0.3697
-0.2266
-0.2864
-0.4503
-0.4398
-0.6374
-0.5353
-0.6182
-0.2045
-0.2196
-0.3708
-0.4718
-0.3383
-0.3989
-0.3577
-0.3679
-0.3662
-0.3435
-0.5656
-0.6233
-0.5841
-0.1401
-0.0481
0.1379
0.0072
0.1373
0.0183
0.0679
-0.0726
-0.1519
-0.0899
-0.0089
-0.1113
0.1453
-0.0512
0.2329
0.0064
-0.0615
0.0084
-0.1246
0.0468
0.0110
-0.0532
-0.1541
0.0218
0.0120
0.0873
-0.0553
0.0233
-0.0437
-0.1497

Direct connections:
