version: 10
file format: 0

training data file: /tmp/train-lm-from-UD-corpus.sh.SIjgau6Yb.train
validation data file: /tmp/train-lm-from-UD-corpus.sh.SIjgau6Yb.valid

last probability of validation data: -48935.452671
number of finished iterations: 7
current position in training data: 0
current probability of training data: -48851.878407
save after processing # words: 0
# of training words: 208576
input layer size: 118
hidden layer size: 30
compression layer size: 0
output layer size: 89
direct connections: 0
direct order: 3
bptt: 0
bptt block: 10
vocabulary size: 88
class size: 1
old classes: 0
independent sentences mode: 0
starting learning rate: 0.100000
current learning rate: 0.006250
learning rate decrease: 1


Vocabulary:
     0	         0	</s>	0
     1	     34266	32	0
     2	     16506	101	0
     3	     16436	97	0
     4	     15179	116	0
     5	     14855	110	0
     6	     12899	114	0
     7	      9400	115	0
     8	      9040	105	0
     9	      8771	108	0
    10	      7744	100	0
    11	      6662	111	0
    12	      5621	109	0
    13	      5608	103	0
    14	      4896	107	0
    15	      3931	118	0
    16	      3632	104	0
    17	      3611	228	0
    18	      3342	102	0
    19	      3049	117	0
    20	      2730	229	0
    21	      2637	112	0
    22	      2488	246	0
    23	      2161	99	0
    24	      2089	46	0
    25	      1817	98	0
    26	      1351	44	0
    27	      1264	106	0
    28	       935	121	0
    29	       499	68	0
    30	       328	45	0
    31	       319	83	0
    32	       306	77	0
    33	       265	72	0
    34	       254	65	0
    35	       231	74	0
    36	       196	120	0
    37	       193	78	0
    38	       187	79	0
    39	       186	34	0
    40	       180	86	0
    41	       180	69	0
    42	       167	73	0
    43	       151	76	0
    44	       141	70	0
    45	       130	81	0
    46	       106	80	0
    47	       100	63	0
    48	       100	58	0
    49	        98	84	0
    50	        94	48	0
    51	        79	50	0
    52	        79	8211	0
    53	        78	75	0
    54	        75	59	0
    55	        71	66	0
    56	        69	88	0
    57	        66	119	0
    58	        61	41	0
    59	        61	40	0
    60	        60	67	0
    61	        59	57	0
    62	        57	82	0
    63	        51	71	0
    64	        50	49	0
    65	        42	33	0
    66	        36	85	0
    67	        32	87	0
    68	        27	122	0
    69	        19	55	0
    70	        18	39	0
    71	        18	52	0
    72	        17	56	0
    73	        16	53	0
    74	        15	196	0
    75	        15	51	0
    76	        14	233	0
    77	        12	54	0
    78	        11	89	0
    79	        10	214	0
    80	        10	47	0
    81	         5	37	0
    82	         5	197	0
    83	         2	90	0
    84	         2	38	0
    85	         1	95	0
    86	         1	113	0
    87	         1	93	0

Hidden layer activation:
0.0143
0.0083
0.0015
0.0002
0.0010
0.0001
0.1000
0.0001
0.0317
0.0032
0.0053
0.0022
0.0026
0.0003
0.0004
0.0042
0.9449
0.0068
0.0005
0.0180
0.0002
0.0078
0.0228
0.0009
0.0004
0.0004
0.0001
0.0003
0.0007
0.0000

Weights 0->1:
0.0815
-3.9731
-3.9563
-2.6838
0.6845
1.6631
2.5849
-2.9389
-6.5000
1.8456
0.6601
-2.2949
1.8746
1.5022
2.6751
0.6303
0.6596
-6.1580
2.0132
-5.6011
-3.5111
1.2954
-0.7934
1.6068
-0.7589
2.1774
-0.7979
2.4947
-3.5799
1.6590
-1.5952
-2.6767
0.9691
-0.2155
-1.1641
0.9723
-0.4051
0.5486
-1.8316
-1.9282
-1.0499
-1.1351
-2.3950
1.3215
1.3629
1.9388
1.4789
-0.6618
-0.2975
-0.2245
-0.9572
-1.5883
-1.4682
1.2894
-0.7841
1.0284
-1.5331
0.6298
-1.1322
-1.6829
0.6127
-1.0105
-0.1945
1.5407
-1.5618
-0.2618
-1.9128
0.3050
-1.2288
-0.7689
-0.8294
-1.1781
-0.9047
-0.7264
-0.9160
-1.0791
-0.5173
-1.0458
-0.6119
-0.8498
-0.0214
-0.6608
-0.5211
0.2825
-0.3825
0.2025
0.0960
-0.2844
1.8085
-0.0410
-4.7772
-1.4675
-1.4805
0.3007
-2.4596
1.6648
0.2654
-1.8150
1.8617
-7.4618
-4.2859
-1.0735
-1.6607
-0.2461
0.4043
-1.5587
1.4991
-1.5265
-0.2524
2.2189
-0.0950
-2.7561
1.6914
-1.6977
1.5233
1.0650
-2.0570
-1.1093
-0.0226
-2.8177
2.0603
3.2184
-2.2524
-3.0473
0.9900
-0.3255
-3.5764
5.9206
-0.1502
-3.3258
-1.4729
-1.3597
0.7154
1.1546
-0.5219
-2.5609
1.6431
-3.2835
1.0846
-1.5242
-0.2474
0.9667
0.1355
-1.5601
-0.3012
-0.8421
1.1007
0.0533
-0.3594
-0.7711
-1.7161
0.0605
-0.8171
0.2919
-0.4659
1.0913
-2.5386
-1.0157
0.8464
1.3779
-1.0357
0.2961
0.1641
0.6782
-1.0998
-0.4939
0.4848
-0.5400
-0.0909
-0.8753
-1.2628
0.9133
-0.2889
-1.2724
-0.7694
-0.2790
-0.0320
-1.2216
-1.1682
-0.7533
-0.1634
-0.6262
-1.0774
-0.3234
-0.9399
0.4499
0.2351
-0.5090
-0.6312
-0.7341
-0.4956
-0.6050
0.1898
-0.5892
0.1457
-0.6622
-0.1338
-0.0866
-0.1410
-0.1967
-0.4831
0.1533
-0.2576
-0.1059
0.0463
-0.3009
-2.3925
-2.6186
-1.0860
0.2840
0.9517
-2.1426
-2.7022
-0.1592
-1.3386
-3.7259
-1.3032
1.4559
-2.2973
-1.8191
-2.3400
-0.0314
-0.2526
0.2473
-1.7328
4.3052
0.4651
-0.3466
0.6512
1.4353
-0.2061
-0.5613
1.3820
1.4399
-1.4277
-0.7620
-0.2713
-2.7519
-1.3326
8.7120
-3.4955
-0.6693
1.1109
-0.3235
1.3060
-3.5092
0.4242
-2.1672
0.7106
-0.7325
-1.3987
-3.3064
0.3216
-0.4142
0.5462
-1.5778
2.3673
-1.5294
0.0998
-4.2739
-0.3358
-2.9268
3.2886
2.9144
-4.0161
-0.5826
0.8171
-0.2974
-1.2672
-0.6788
-0.1988
-1.3828
-0.9386
-1.0168
0.2893
-0.4532
-0.6942
-0.7864
-0.3485
-0.4338
-0.7988
0.0244
-0.6536
0.4958
-1.6509
-0.3326
-0.4280
-0.3025
1.1106
-0.0923
1.0017
-0.0480
0.0634
-0.3685
0.8144
-0.2026
-0.5268
-0.8044
-0.4608
-0.4843
-0.2826
0.3907
-0.3001
-0.3478
-0.8447
-0.2867
0.3968
-0.0669
-0.6441
0.3100
0.3951
-0.0440
-0.0436
-0.1132
0.0900
0.4576
-0.2906
0.0526
0.3514
-0.1751
-0.0864
0.0219
-0.0163
-0.1188
-0.7135
-0.3334
-3.7670
-0.9054
2.4704
1.2547
-1.8729
-2.3787
-1.2701
-1.3367
2.0674
-0.3854
-1.0328
-1.2280
-1.3930
-0.5829
-2.8607
-0.1884
0.6978
1.6516
-1.3144
-0.4894
0.5737
0.5131
1.8736
-2.3176
-0.8848
0.0490
0.2602
-0.3414
0.0632
-3.8717
-0.9980
-2.3164
3.3481
-2.1972
0.0929
2.4480
-0.0288
-2.0722
-0.5330
-0.5764
0.6395
-1.8743
-2.5939
-1.0044
-1.2253
-2.0423
0.4259
-0.5749
-3.6598
-1.7908
0.4091
0.3541
-0.1286
0.4406
0.4458
-0.7102
0.7143
-0.4520
-0.3119
0.0546
0.8438
0.5950
-0.7978
0.2424
-0.5175
-1.1682
-0.0268
-0.3467
1.3235
-0.3320
0.7995
2.7441
-0.1748
-0.1032
0.3593
0.0888
-0.0833
0.1375
-0.4957
-0.0819
0.1265
0.0902
0.1488
0.1429
-0.2056
-0.3263
0.3026
-0.1366
-0.4279
-0.6926
0.4815
-0.0317
-0.5096
0.0159
-0.0046
0.2266
0.1096
-0.1192
-0.0959
-0.1535
-0.1567
-0.0994
-0.1050
0.1279
-0.1813
-0.0658
-0.0681
0.1037
-0.0354
-0.0063
-0.0335
-0.0347
0.1916
-0.0693
0.0294
-0.0046
2.6853
0.2763
1.1428
-2.0998
-0.4483
-1.1572
-2.8885
-2.7641
-2.0504
-1.7475
1.1379
-0.3088
1.4628
2.1909
0.9929
-2.2443
-3.4406
-2.3163
-0.1542
0.5266
-2.9933
2.0108
-2.4109
1.9821
1.6021
-1.3217
-0.2665
-1.3007
1.7453
0.3916
-0.0199
-2.7386
-3.2291
-0.6735
-2.5142
2.1511
1.3152
0.5736
2.4065
-2.3267
3.5740
-1.6060
0.7133
-0.3427
-1.6836
-3.0474
-3.2790
1.5106
0.2425
-0.6684
-2.6117
-0.1837
-0.2908
-0.2994
-0.3676
0.7478
1.3965
-2.4878
0.4644
0.4236
0.5899
0.0391
-0.8105
-1.6602
-1.3691
-0.8693
0.0616
-0.1844
-0.3604
-0.9226
-0.8781
-1.6220
-0.2041
-0.6709
0.8054
-1.3143
-0.1097
0.0886
0.7306
-0.9608
-0.2146
-0.0006
2.2402
-0.0664
0.6025
-0.4782
-0.9575
0.6189
0.0519
-0.6087
-0.3193
-0.4371
-0.1082
-0.2568
0.3506
0.0503
-0.3526
-0.1133
-0.2996
-0.1447
-0.1612
0.2992
0.1404
0.4271
0.1152
0.4273
0.1659
0.7238
-0.7128
-0.5262
0.0685
0.5246
0.0514
-0.2618
0.2846
-0.2086
0.0193
0.0667
-2.5106
-2.0118
0.7559
-3.0886
-0.7559
-3.5229
-2.3145
-1.0425
-0.6007
-3.2855
1.5527
-0.2906
-1.9867
0.0770
-2.2421
0.3835
0.1944
0.1441
-1.7166
1.2270
-1.0371
-0.2839
1.7257
-0.9174
-0.2459
-3.6183
0.6496
0.6394
-4.9975
-1.4764
-0.0724
-1.0747
-4.8255
0.8917
1.6041
-2.3285
-2.6732
1.4111
-5.1435
-3.1927
-0.7426
2.7109
-0.4138
-3.5460
-1.6798
-3.6199
0.9368
2.1554
6.4077
-0.3207
0.4365
5.2902
-2.7355
3.3389
0.3419
-1.8863
-0.7151
0.2551
0.3599
-0.5957
-3.1333
2.1710
-0.2995
0.1871
-0.5735
-0.3361
1.9894
-1.6526
-0.5424
1.0230
0.4242
-1.8015
-1.4422
-1.0782
0.6870
-1.1243
0.0156
-0.3376
0.3908
0.8454
-0.4116
-1.5614
-2.2402
0.0931
-0.2864
0.6312
0.1576
-1.2702
-0.2623
-1.8523
0.9193
-1.3258
0.2397
-0.3315
-2.3330
-0.1338
-0.7910
0.4694
-0.3119
-0.9095
-0.7862
-1.4868
-0.6032
-1.0543
-0.4513
-1.1610
-0.0630
-1.2640
0.7839
-0.7858
-0.1717
-0.8881
-0.6464
0.1864
-0.5137
-0.0668
0.0754
-0.3436
0.4261
-0.3433
-0.4541
-0.9731
3.4709
-1.5678
-2.7287
-1.3922
0.5365
-5.9352
0.9968
-0.2508
-1.8487
-0.6200
-2.2144
-0.8577
0.4562
0.9089
-2.4699
1.4971
-0.7374
-2.2263
1.5494
1.5064
0.0175
0.9185
-1.6569
-1.1499
1.7317
2.0941
-0.3929
-6.4959
0.3109
0.0302
1.3316
-6.3934
-0.2472
-0.6758
-4.8766
-1.5801
-1.0969
-0.5817
3.2669
-1.2791
-0.1690
-3.3421
2.1053
-2.0505
-5.2951
2.7846
-0.6252
1.1347
1.0760
1.2902
0.1928
2.2083
2.3078
-3.3874
-2.2008
-0.6005
-3.9421
-2.6704
-3.0913
-2.0954
-1.8593
0.4689
-0.1450
-4.3043
-1.3606
-1.4312
-1.9348
-1.4242
-2.4255
-2.8533
-1.1530
-2.8015
-0.8911
-0.4895
0.6661
-1.8711
-3.0650
-1.7595
1.0711
-1.2043
1.4535
-0.4821
-1.4217
0.8608
0.7959
-1.0375
-1.4636
-2.8371
-2.3596
-0.7767
-2.4891
0.8419
-1.4851
-1.0772
-0.4586
-1.9688
0.2016
-1.8976
-2.6499
-1.0966
-0.2280
-1.8150
0.6119
-0.7964
-0.1182
-0.3391
-2.9573
-0.2568
0.1929
-0.1265
0.0889
-0.1533
-0.0508
-0.0335
-1.8965
-1.2780
2.0058
-2.6622
0.8779
-0.0346
1.5951
0.4186
-0.9645
3.0875
-1.8016
1.7391
0.8188
0.7722
-0.5126
0.4225
-2.1501
-1.3440
0.3920
-0.6629
-0.1683
0.5203
-1.1972
-1.8358
1.3157
1.2325
1.2601
1.5830
1.2580
0.5967
-0.1272
-4.0088
1.0111
-1.7903
1.2027
-1.9482
-0.5765
4.2702
1.1999
-1.9039
-2.4539
-3.7214
-3.8158
-4.0771
1.2381
0.7494
4.6593
-0.5758
5.0311
0.4176
-2.9845
-1.3555
3.4652
2.8854
-1.5611
-1.9665
-0.2218
-0.9597
0.3629
0.3132
-0.0894
1.9550
-0.8359
0.3556
-1.0738
-0.1582
0.1229
0.0492
-1.6134
-1.8330
-0.8411
-1.4031
-1.0187
-0.0199
1.3010
-1.2938
0.3365
-0.7352
-0.1989
-0.6341
-1.3276
-1.0617
-0.1377
0.9917
-0.5151
0.0913
-1.0825
-0.4034
-0.5889
-0.7025
-0.3368
-1.4604
-0.0984
-0.5249
-0.8808
-0.4877
-0.9016
-0.1119
0.8483
-0.8339
-0.2958
-0.4769
-0.9215
-0.4733
-0.4727
-0.5815
-0.4428
-0.4663
0.2002
-0.1237
-0.4388
-0.0989
-0.2964
-0.1619
0.0095
-0.0161
-0.1901
-0.0682
-1.2082
-0.4160
0.6944
-0.8335
0.9366
-3.9997
-1.3154
0.1745
-2.0942
0.1567
1.7835
1.3873
0.6347
-0.9844
-0.0822
-0.9062
-0.4601
0.3721
-0.5312
0.0907
-0.0203
-3.3196
1.4298
-0.2406
-1.1877
-1.6911
-2.4304
0.1850
1.0241
0.7128
-0.3243
9.8826
-1.3201
-2.5179
-1.9161
-0.7199
-0.8868
-0.2700
-3.5436
-1.0080
-0.8955
-1.4682
-4.2254
-4.3259
-0.9797
-3.8682
-2.5184
-0.8034
0.0290
-0.7024
0.2607
-0.4198
0.7331
4.9921
-1.4960
2.1710
-1.0907
3.0824
-1.0476
-0.5127
1.8616
-1.6720
-0.3634
-0.4882
-0.8351
0.3035
-0.7275
0.8575
-0.9505
-2.5403
-0.4407
-1.2212
0.2149
-0.4566
0.0127
0.5766
-1.0940
-0.7139
-0.0265
-1.6806
-1.8480
-1.4100
-0.5408
0.0124
-0.5495
-0.1460
-1.2580
-0.0987
-1.1484
-0.5963
-1.1349
-1.6601
0.5027
-0.4033
-1.3665
-0.7780
-1.4119
-0.1357
-0.0430
-1.2728
-0.1512
-1.1204
-1.1130
-0.8401
-0.0341
-0.8714
0.1142
-1.0524
-0.2941
0.0145
-0.2897
-0.3745
-0.3046
0.1732
-0.1512
0.0026
-0.0257
-0.2613
1.0752
0.4459
1.2021
1.7614
-1.0696
0.3205
-2.2650
0.1898
0.5460
1.3553
-0.5973
1.0267
-2.3973
-0.2215
-1.9658
-1.7106
-1.4090
0.5690
-1.4129
-0.2440
-0.1384
-4.2099
0.9396
5.5334
1.9794
-3.8531
-3.1050
-6.5746
-0.5848
1.6626
-0.3847
-4.8593
-3.3533
-3.0470
-0.8037
4.4064
0.3955
-0.5983
1.5814
1.6021
0.9027
-2.3667
-4.5482
1.7734
0.9767
0.3980
0.0274
-0.5785
-4.4556
-3.0791
1.4007
-4.8148
-3.2049
-0.2532
-0.8647
-1.2453
3.5349
1.7476
-0.8028
-0.5703
-2.4998
-1.7919
-2.9815
-1.3323
-0.0046
0.8014
-1.1482
-1.5186
-1.3797
-1.4304
-0.7139
-2.1582
-1.2766
-0.6523
-1.6044
-2.1084
-0.4974
-1.0590
1.8550
-1.7350
-2.1566
-2.4781
1.1191
-0.0748
1.8433
-0.9571
-2.7589
0.6699
-0.5287
-2.0414
-1.6053
-3.0476
-0.8456
-0.9220
-3.0842
0.7067
-1.6709
-0.2264
0.1886
-1.6677
0.3555
-1.6357
-2.1115
-1.2358
-0.2166
-1.5461
-0.0720
-0.8933
0.5407
-0.1259
-1.8665
0.1374
0.1836
0.2031
0.3368
-0.2756
-0.1659
-0.0270
-0.7427
0.3023
0.1977
1.1040
0.2221
-0.3351
-0.7860
0.5807
0.5852
-0.8854
-0.5745
0.0112
-0.3114
0.0709
0.5697
1.1946
0.0760
0.6430
-1.0043
0.7304
0.0053
-0.0737
1.1639
-2.0477
-0.6120
-1.5332
0.1935
-0.1871
0.3600
1.6421
-0.1905
-3.2906
-1.5487
0.0514
-2.7491
4.2449
3.9124
-0.3894
-2.5133
4.6041
-1.3576
-1.9922
4.4931
-1.5936
-3.5361
3.0790
-0.1225
-1.4401
1.9998
-4.1686
-4.4221
-3.1824
-0.7263
-1.7776
-0.7798
-0.7796
-0.3923
2.9840
-3.6943
-0.9658
-1.1358
-0.1596
-0.1309
1.4376
-1.1023
1.0014
-0.2530
0.8161
-1.6491
-1.7516
1.4843
-0.4528
-0.6560
-0.4532
0.3021
0.7898
-0.5375
-0.4674
-0.7727
-0.7117
-1.0296
-0.6633
-0.0456
-0.5943
-0.6610
0.1577
-0.7040
-0.2124
-0.6550
-0.1851
-0.8761
-1.1537
-0.1263
-0.1767
-0.4423
-0.5864
-0.5347
0.0276
-0.7509
-0.3133
-0.6209
-0.2496
-0.1746
-0.1555
-0.7199
-0.4128
-0.3400
-0.1927
0.0605
-0.8148
-0.2216
-0.2379
-0.4081
-0.0173
-0.1448
-0.1398
0.0508
-0.0040
0.9926
-1.5789
-4.4498
0.2531
1.3274
0.8057
-1.4061
1.0702
-2.4595
-0.8773
1.4244
-3.5073
-1.0776
-0.1828
-3.8170
-0.1981
-0.5043
0.0498
1.7628
1.0811
-0.5672
-0.5863
1.9926
-0.5585
1.0500
-2.2198
-1.7643
1.3262
-2.2154
-0.0865
-0.2036
-3.9364
6.5083
-0.0112
-3.2686
3.2279
-3.6422
-3.3751
-2.4583
-3.0012
-2.9858
2.1951
-1.2194
-0.9319
-0.9316
-1.0334
-2.3303
1.7211
-0.4455
2.3647
0.7151
-2.7370
2.8550
-0.1568
-1.7034
-2.4319
0.3357
-3.4177
1.7224
-1.5026
-0.5057
-1.6737
0.1382
-1.1392
0.0075
-0.6859
-1.7562
-1.7702
-0.4246
-1.6462
-0.3342
0.5037
-1.6296
-1.3029
-0.7825
0.7351
-1.1877
-0.7590
-0.7623
-1.0095
-1.4523
-0.8228
0.0759
-0.8907
0.1365
-1.0767
-0.9546
-1.9065
0.0550
-0.3134
-0.7972
-1.2707
-0.9047
-0.2276
-1.0799
0.0074
-0.2644
-0.3412
-0.2720
-0.8176
0.1744
-0.6203
-0.9919
-0.6072
0.2222
-0.5167
0.3587
-0.5948
-0.1408
-0.1465
-0.8366
-0.0401
0.1286
-0.1969
0.0156
0.1254
-0.0547
0.0814
0.0800
1.3638
-0.2671
0.3341
-0.4283
0.6649
-1.3238
1.2953
-2.2113
-1.7405
-0.2458
-2.0712
-1.8632
-1.4184
-1.8558
-0.6650
0.1179
-1.2716
1.0776
3.0793
-0.7676
0.7758
1.2750
0.1231
0.3254
-0.1381
1.2788
-1.0388
0.6268
1.1140
-0.2261
-2.9772
0.9193
0.6791
-3.9216
0.5443
-3.5397
1.2263
1.4337
2.9268
-2.4704
-1.1506
-0.2778
-4.3229
-1.8756
-1.0917
-2.7318
-0.2292
0.2859
-2.4468
-3.4101
0.6453
6.2186
0.7669
-1.1896
0.4452
-1.0793
-2.0493
4.6550
-0.9960
-0.3337
-1.3691
-0.5441
-0.6540
-0.8814
-0.4360
0.7279
-1.3330
0.6656
-1.2100
-0.6400
-0.8874
-0.6890
-0.8027
0.2226
-0.6965
-1.4900
-0.5677
0.0429
-0.6062
-1.2365
-1.1918
-0.1560
-0.2363
-0.3901
0.0356
-0.3969
0.8997
-0.7148
-0.1831
-0.4885
-1.1671
-0.5096
-0.6213
-1.0788
-0.3109
-0.9954
-0.2585
-0.4434
-0.6552
-0.1033
-0.5791
-0.7769
-0.5246
0.1930
-0.4003
-0.1668
-0.2942
-0.0431
0.0277
-0.3050
0.0345
-0.0242
-0.0739
-0.0722
-0.0652
0.1391
0.1207
1.8959
-0.8147
-1.7387
0.9805
1.0664
-2.5256
-3.3487
-1.8951
-2.5804
-1.8392
1.2273
-0.3591
0.5088
-0.0490
1.6355
-0.0116
-1.5802
-3.1396
-0.4410
1.3049
0.9393
-2.1370
2.1757
-3.3387
0.8148
0.3723
0.6982
1.0193
1.3397
2.5181
0.0401
-2.1094
3.3985
-4.0315
0.3574
-2.2514
1.2545
-2.8354
0.9509
1.9728
1.5336
1.5264
0.7142
0.4822
1.9210
-0.4990
0.4931
-0.8826
-1.6190
-0.1647
-2.0800
-1.0835
-1.4266
-0.5217
-0.2581
2.7290
0.0336
-0.1429
-0.4358
0.3367
-0.6339
0.3184
0.5041
0.1510
0.0794
0.2457
-0.9098
-0.2733
0.2242
-0.3685
0.2089
-0.1048
0.4816
3.5446
-0.0326
0.9262
0.6379
0.3100
-0.8278
0.1689
0.3961
-0.1337
0.0947
0.3070
0.0499
-0.1240
0.0434
-0.1386
-0.0582
-0.1685
0.0326
0.0984
0.1762
0.0002
-0.2968
0.1159
-0.1623
-0.0883
-0.2147
0.1054
0.0503
-0.0658
-0.0316
0.1221
-0.0756
-0.0923
0.1338
-0.0060
0.0182
0.0982
0.1754
-0.2137
0.0264
0.0351
0.0066
0.1169
-0.0735
0.0433
1.7470
-3.0116
-2.6634
0.0190
-0.3440
-0.2033
-2.1025
-0.5748
-1.2287
-2.5196
2.4632
0.6143
0.6004
-1.0541
-2.7049
-1.0457
-5.8572
1.6629
-1.9965
-0.3346
0.3641
-4.0471
1.3651
0.2306
0.7308
-3.8444
0.9857
-0.0761
-0.3850
-1.6659
-0.1471
-2.8832
1.6432
-4.5185
-3.4878
-0.8545
-0.0360
-0.7001
5.4480
-2.6801
-2.6412
3.3239
-0.5818
-0.7257
-1.9399
-0.5423
-1.7213
6.3540
-1.7374
3.5436
0.5193
3.7535
2.0175
-1.5240
-2.1620
-2.5188
-1.2804
-2.2798
1.8429
-1.0182
-0.8182
-1.3807
-1.0024
-0.3598
-1.7394
0.3013
-0.6866
-1.2539
1.1569
-3.8054
-0.5737
-0.8437
0.8556
-1.3153
-2.1608
-1.4090
0.3850
-0.9872
-0.0629
-1.9612
-1.8003
-1.8956
-0.8279
0.0713
-1.0737
0.5296
-1.9964
-0.1666
-1.2862
-1.3837
-0.8030
-2.0833
-0.6662
-0.1568
-2.0490
-0.7547
-0.2670
-0.3871
-0.1533
-1.3897
-0.5367
-1.1222
-1.3156
-0.9197
0.4089
-1.1059
-0.2939
-0.8132
0.3366
-0.0477
-0.7999
-0.4160
-0.5810
0.1009
-0.2953
0.2538
-0.0121
-0.1000
-0.7607
-0.9721
-4.1182
0.5697
-3.1270
2.1577
-0.7020
-0.4095
-0.6629
-1.7927
0.7106
-0.4367
2.5828
-1.7431
0.7249
-2.8401
0.6941
0.8882
-1.9798
0.1432
0.5517
-1.7549
-0.0216
-0.0707
-3.2030
-0.5118
0.7891
-0.9563
-2.5169
-0.2725
-0.0122
-4.3628
-4.9492
-1.6805
0.2274
-1.3407
0.5252
-1.3001
1.0585
0.1593
-2.6829
-1.9933
-0.9780
-2.1827
-1.0451
1.2699
-2.3075
0.1023
-2.6600
-0.6259
-2.8141
-2.6654
2.2635
1.0356
0.8286
-0.6539
0.9906
-0.7021
0.3405
-1.5921
-1.8706
-1.8239
0.8921
0.0261
-1.5523
0.9764
1.0270
-0.6374
-1.7423
2.9220
1.1158
-1.2417
1.5731
-0.0100
-1.3425
-1.7948
-0.9382
-0.0592
1.4800
1.4912
0.2153
-0.7850
0.7831
-0.3101
0.7295
-0.3310
0.4239
0.4244
1.6099
0.3893
0.1125
-0.2831
-0.3961
-1.0111
0.1965
0.6124
-0.1974
0.4343
0.1472
-0.0010
0.8032
-0.1009
-0.1486
0.1601
0.6060
0.0740
0.4719
0.3377
0.1416
1.2179
-0.0513
0.4003
-0.1425
0.2273
0.2088
-0.1669
-0.0207
0.2771
-1.8765
-0.1972
0.3297
-2.8799
-1.4198
-4.0670
-0.4025
-1.3714
-0.0538
-0.2578
0.6495
1.1718
-0.8716
0.3058
-1.0451
-0.5283
-0.0897
-1.7720
-2.9636
-1.6294
0.0718
1.4632
-1.2001
-2.0467
-4.1258
0.5965
-2.7798
-0.3492
1.1579
-1.6614
0.0734
2.5237
-4.6394
-2.5154
-1.6152
0.7882
-3.6908
-4.5306
1.5009
-1.6070
1.4791
-1.1204
0.3263
1.2321
-0.5099
-0.0766
-2.9258
-0.7187
-1.7395
0.3655
-0.1289
0.0824
1.6108
-1.7878
-2.6219
1.3145
-2.7534
-0.9695
-0.7568
0.3652
-0.9557
0.5369
-1.0638
-1.0530
-0.7728
0.4940
-0.7799
0.7245
-0.2228
-3.3975
-0.2076
-1.7739
-1.2180
-1.5411
-0.2472
-1.1225
-0.9802
-1.2416
-1.9666
-0.1031
-3.5126
-1.9387
-0.1387
0.5729
-1.8734
-0.1051
0.1849
0.9696
-1.3518
1.7602
0.3049
-2.7413
0.4816
-0.2446
-1.5711
-1.6794
-0.0036
0.3992
0.6265
-1.4846
-0.2098
-1.1152
-1.8734
-1.1799
-0.0442
-1.1749
-0.2126
-1.0400
-0.0092
0.2437
-1.0863
-0.0845
0.0216
0.0436
-0.0723
0.0352
-0.0349
0.0521
-4.1624
-2.2076
-0.5399
-1.3114
2.0928
-1.3089
0.4938
-1.7319
-0.1999
0.0592
-0.1239
-0.2413
-0.8213
-0.3203
-1.5897
0.8968
-2.0777
-0.2792
0.0559
-0.5702
-0.9038
0.4020
-1.0498
-1.8666
1.9590
0.9863
-0.3132
1.1360
1.0898
2.7452
-0.0649
-5.4232
-0.2898
-0.7850
-0.9666
1.2662
-2.2871
-0.0497
-3.8117
-1.4447
-1.0146
-3.0915
-3.1817
-0.0501
-1.4193
-3.8684
-0.0210
-4.0630
-0.8396
-3.1493
-0.0813
-2.2482
-1.6893
7.2749
0.0991
-4.0086
0.5825
1.3947
3.5401
-0.5871
-0.7098
0.7321
0.9282
-0.3859
-0.6881
-0.0725
-0.0809
0.6184
-0.8357
-0.3939
-0.1483
-0.0092
-0.8835
-0.6745
-0.6990
-0.3874
-0.4545
-0.1175
-0.2405
0.2225
0.6588
0.2933
0.0875
-0.3706
0.3869
0.0000
-0.4515
0.7222
0.6765
-0.0247
0.9648
0.4275
0.7987
-0.1803
0.6677
0.2692
0.0250
0.1845
0.1300
0.2509
0.1354
0.0347
0.4748
0.4527
-0.1776
0.0068
0.1556
0.1439
0.3449
-0.1560
0.5761
0.0443
0.2547
-0.0262
0.1385
-0.0921
-0.0345
-0.0565
1.5764
-3.4215
1.4562
0.8159
-0.3985
-1.5745
-2.8674
-1.4629
-0.5153
-0.9782
-1.5424
-0.4393
-4.2835
-0.5563
0.1811
3.3681
-1.2307
-0.0066
0.8116
1.5816
1.9395
-0.2520
3.7002
-1.8529
-0.6709
3.1272
0.7164
0.2268
-0.2314
-3.7649
0.1032
-2.2832
-4.6279
-3.9310
-0.4675
1.2555
-0.7847
-3.3474
-5.1920
-2.0257
-2.2550
-2.8617
1.7669
0.1243
-3.8279
0.9839
0.5710
-2.4596
-1.2565
-0.2402
-1.2895
6.8290
-6.3073
0.8682
-0.7721
-0.4320
1.1931
1.8464
-2.0218
1.4263
0.6452
-0.2542
1.7937
1.3378
-2.0252
1.6551
2.0109
1.1386
-0.9951
-1.1506
1.1452
-0.8625
0.0334
2.9814
-1.7244
0.2753
0.9836
-0.2446
-0.1776
0.0633
0.8717
1.2387
1.3406
0.3163
0.4883
-0.0476
1.6701
1.9486
0.4338
-0.9330
-0.0742
-0.0292
0.9986
-0.0243
-0.1143
0.3695
-0.5403
0.4253
-0.0639
-0.1008
-0.2704
0.2370
-0.0672
0.6026
-0.7551
0.6374
0.2417
0.6452
-0.1767
-0.9725
0.1256
0.0734
-0.0667
0.0659
0.2849
-0.1769
-0.0228
-0.0899
0.0207
-1.6004
-2.4364
0.7242
0.4069
2.5730
-1.4647
-0.7826
-1.5460
-1.7195
-0.2793
-3.7445
-0.9703
-0.8176
0.3539
-5.0957
0.3938
0.9069
0.8458
0.0623
0.8872
0.1373
0.1260
3.1465
0.6691
2.4127
0.2256
-2.2367
2.1606
0.0184
-0.1055
-2.9044
-2.9627
0.3633
-5.9921
-2.8925
-2.1837
-1.4202
1.1401
-0.1697
-1.4339
-5.7396
0.6343
1.1799
-0.0592
-2.1269
2.5193
0.2571
-2.6072
2.0751
-3.8191
-2.1374
-2.7986
5.7112
-0.4983
5.5057
-1.3347
2.5012
-1.2339
1.1928
-1.9104
-0.3640
1.6902
0.0261
-0.6025
-0.2232
-0.0798
0.2596
0.2832
-1.4120
-0.4131
-0.7625
0.6525
-0.1156
-0.0938
1.1850
-0.0098
-0.7098
-0.8224
-0.6380
-0.9958
-0.6744
-0.4124
0.9116
-0.9547
0.5950
-0.5665
0.2890
-0.2456
-0.3080
0.2415
-0.9608
0.2483
0.5423
-0.2855
-0.6798
0.1316
0.1236
-0.1827
-0.0387
-0.1250
-0.1924
0.3945
-0.2802
-0.2764
-0.1783
-0.1658
-0.2872
-0.1011
-0.1127
0.0967
0.2633
-0.0074
-0.0866
0.0684
-0.0215
0.0136
-0.0098
2.0085
-0.7746
-0.4207
0.4553
-2.2747
-0.1253
-1.2751
-0.6199
-2.0638
-2.2162
-2.2782
0.2807
-1.6180
-0.1565
-2.0737
-0.9286
-2.9468
0.4240
-1.7219
-2.0669
0.5127
0.1405
1.5937
-1.5003
2.5783
1.9175
0.9297
0.2309
0.5978
3.5434
0.0376
-4.1646
0.9883
-1.7688
-0.2525
1.1544
-2.6989
-2.5178
-3.4618
-1.4862
-3.5047
-3.9023
-0.9422
-3.4280
-0.9881
-3.0854
-3.0742
-4.4469
-1.9391
-2.7259
-3.0664
-0.9819
-3.3288
0.2327
0.9007
-1.4441
1.2594
0.2613
-2.0259
-0.7797
1.3181
0.8950
-1.9038
1.5707
-0.7048
2.1638
-1.6528
0.0596
-0.1698
1.4342
-1.0971
0.5050
1.4474
2.9520
-0.7382
0.8072
0.7525
0.0835
0.1557
-0.1754
2.0152
1.9209
1.2104
0.0889
1.5200
-0.3531
1.0004
-0.8830
0.8458
-0.8424
1.7603
0.2319
-0.5958
-0.1157
0.8609
0.9477
1.4764
-0.4062
0.4648
0.6502
0.2869
0.8849
0.0233
0.5872
-0.2038
0.9842
-0.2311
0.7304
0.9898
-0.3552
-0.0192
0.4676
0.6785
-0.0517
0.1809
-0.1423
-0.0117
-0.0909
-3.4695
-2.3389
-2.8837
-0.6516
4.2777
-4.0024
-0.4214
0.3479
-0.2683
-1.6666
0.9396
1.2621
-1.7632
-1.3780
-3.0632
-0.3305
-0.8466
-0.5374
-0.2018
-0.7357
-0.1480
1.1693
1.2342
4.6218
-1.3566
1.5442
0.0597
-3.8579
1.4158
0.2408
-0.1250
-4.9528
-1.3162
-3.8546
2.4700
0.9938
-1.0363
-5.3490
-5.3426
0.1100
4.1315
-2.9986
0.2500
-0.4375
-3.9948
3.5756
0.8390
-1.7512
-2.8598
-2.8424
-4.0804
-1.1726
-2.6493
0.5553
3.1942
2.5062
3.1577
-0.0563
-0.9241
1.6930
-1.8346
-2.3828
0.0051
0.1107
-1.8905
-0.1147
-0.6745
0.3160
-0.9407
-1.1914
1.6780
-1.7118
-0.4637
0.4187
-1.3340
-1.5060
0.2208
1.9412
1.4362
-0.1096
0.0858
-0.0018
0.9098
-1.7753
1.1165
0.8728
-1.1717
1.7245
1.0610
-0.9368
-1.5561
-1.0338
-1.0513
0.4166
-0.4839
0.9367
-1.2693
0.3979
0.6578
-0.6126
0.1826
-0.2583
-0.6151
0.1857
-0.4511
-0.1028
-0.5631
-0.0101
-1.0067
-1.0057
-0.4233
0.1464
-0.2815
0.2204
0.1813
-0.0307
0.1016
0.1322
-2.4806
-2.0428
-2.1863
-0.9693
2.1115
-4.9243
0.5969
-1.1178
-1.3674
0.3606
0.8886
-0.8913
1.3663
-0.0434
-2.7475
0.2669
-0.3049
-1.4563
0.3006
-1.9268
0.6980
1.0736
2.0697
1.5630
0.8381
-0.7811
-2.4092
-0.4584
-2.0816
3.3371
-0.0230
-0.6574
-0.3438
0.4936
1.6524
3.3266
-3.0829
-0.3576
-2.7789
-1.9088
-0.1008
-0.9235
-2.6718
-1.7564
2.4925
-0.9848
-1.2978
2.3185
-0.3095
0.4583
-1.8271
-0.6435
-1.7345
-2.5924
-0.3364
-2.6227
0.0067
3.0870
-2.1132
-2.2581
-1.4576
-1.7173
-2.4067
-1.5700
-0.6966
-0.6992
-2.0983
0.3929
-1.7518
-0.2994
-0.3908
1.7353
0.2809
0.0512
-0.9238
-0.2267
-0.5962
-0.1502
-0.3107
0.2110
-0.8194
-1.0749
-0.3677
0.2236
-0.1844
-0.4120
2.2550
-1.9927
0.1257
-1.5599
-1.2772
-0.8287
-1.7375
-0.1952
-1.0090
0.0043
0.5067
-0.7368
-0.1220
-0.4533
-0.3184
-0.5025
-0.3797
-0.2779
1.3266
-0.4460
-0.0948
-0.2597
0.0843
0.5403
-0.1429
-0.2836
-0.0304
-0.0704
-0.0524
0.2854
0.1688
-0.0631
-0.9939
-1.0774
-2.3506
0.0376
0.8972
-1.6855
-3.9058
-0.7785
-1.3619
-2.4872
-1.5415
-5.2092
-0.4564
-0.0097
-0.9308
0.4858
0.8151
-3.2071
0.5510
-2.3934
0.1592
0.9799
0.1533
4.0187
-0.7917
0.5961
-0.4510
1.8713
-3.2789
3.2667
0.1984
-2.8960
-0.4891
0.4918
-3.8042
1.7346
0.3368
-1.0518
-3.1188
-0.6231
0.1490
2.8092
-2.1708
-1.5540
0.5931
-3.9224
1.9548
-2.8923
-2.4377
-1.1408
-2.8900
-1.2316
-0.0421
1.2313
0.4334
-1.7657
-0.5881
4.5983
-2.0645
0.6219
-0.1361
-1.2344
-1.0444
0.9671
3.2001
0.7232
0.8020
-0.0883
0.5769
0.5076
-1.2692
0.4454
-1.1476
-0.4676
-1.0652
4.3180
-2.3681
-0.1866
0.4749
-1.2830
0.6229
0.7530
-0.7421
1.2109
-0.1284
-0.9626
1.6771
-0.0786
-0.1426
-0.4213
-0.3525
-0.0956
-0.8877
-0.0524
-0.0874
-0.1244
-0.7684
-0.9615
-0.0406
0.1663
-0.0901
-0.0611
0.4396
-0.2436
0.1325
-0.2829
-0.0321
-0.2405
-0.2616
0.0488
0.3609
-0.3287
-0.7646
-0.0464
-0.1440
-0.1956
0.0140
0.0885
-3.5909
0.5964
-1.7934
-1.0060
1.5058
-0.5311
-3.2479
0.1378
-1.2211
-2.4537
-1.8571
-2.6000
-1.0550
-0.3937
-2.6797
-1.2397
1.0764
-0.0929
-2.9810
-0.8873
3.4146
-1.0618
1.6471
3.1703
0.2876
-3.6554
-0.4462
0.3925
-2.0445
2.0212
0.1974
-2.4202
-1.6669
-3.5674
-1.2915
2.0109
0.3265
-2.0039
-1.3483
0.8414
-1.7259
-1.2060
-0.2582
2.7095
-2.9514
-1.9868
-1.4526
1.7555
-2.5229
2.4506
1.7580
0.7369
6.1636
5.9647
-0.3967
-1.2493
-0.3296
-1.8347
0.9313
-0.0501
-1.2651
1.2549
-0.3542
-1.3878
-0.2114
-1.8453
0.9351
0.8372
-0.4859
0.1775
-0.3001
-1.2338
-0.4204
0.3719
0.1698
-1.3176
0.2941
-0.0606
0.1652
-0.1080
0.2941
0.4832
-0.0812
-0.7803
-0.2953
-0.6285
1.9891
1.4053
-0.1314
-0.1574
-0.7707
0.3581
0.3586
-0.0169
0.3279
-0.1687
0.2469
0.3507
-0.0043
-0.0337
0.2320
-0.2193
0.3170
-0.1234
-0.2054
0.1225
-0.1223
-0.1602
-0.5307
0.6869
0.1226
-0.1599
0.1533
0.1453
-0.1175
0.2537
0.0240
-0.0440
-1.7572
-1.8456
-2.7974
2.4282
-0.3564
0.2036
-3.0736
-0.9698
-1.5679
-2.6184
-2.4746
-0.8880
-0.2737
-3.5305
-0.2417
-2.4422
0.2387
-0.4083
-0.5485
-0.4621
-0.3749
0.8091
-1.3318
3.6928
0.1568
2.3242
-1.4323
-0.3146
0.5987
1.5071
0.0662
-4.4958
2.5285
-2.9005
-3.2699
-1.4899
-3.5772
-5.0918
2.7867
-1.5597
-3.2122
0.7272
-3.2760
0.6087
-0.3394
-1.5742
1.1359
-0.7693
6.4270
-0.6429
2.3303
-2.0028
-2.2693
-3.1482
0.7618
0.2408
0.9160
0.6642
2.0472
-0.3390
-1.4741
-2.3178
-0.0855
-0.1464
0.5709
2.3209
-1.9184
-2.1283
-1.1458
-1.5784
-1.2785
1.7314
0.4227
-1.5072
2.0652
0.0736
-1.1465
-0.0336
0.0156
-1.4475
-0.3981
-0.7515
-0.1270
-0.4755
0.2254
1.0449
-1.3876
-0.1661
-0.2693
-1.2023
-0.1141
-0.2644
-0.4453
0.1372
-0.1730
0.0550
-0.1217
-0.7239
-0.1758
-0.2632
-0.1203
-0.3930
-0.1333
-0.1080
0.0197
-0.1530
0.0539
-0.1184
0.1272
-1.3710
-0.1923
0.1457
0.3027
-0.2358
0.0305
0.1771
-0.1115
0.1430
-0.1353
-4.0985
1.5200
0.1659
0.0714
-1.5711
-2.9669
-1.4807
-2.2267
-0.9737
-1.1341
2.1309
-2.2498
-0.5640
0.7175
0.0239
0.3798
0.9461
-1.5053
2.5650
0.6975
-1.9524
-1.2856
-2.1710
-0.2262
1.6247
-1.9400
1.0598
1.5894
0.5020
-0.2693
-2.3873
-0.0611
-0.7975
-0.0963
-2.8953
-2.3768
-2.3339
0.8555
-3.0508
-1.1697
-2.9849
-2.2909
1.5167
2.5378
-0.8995
-2.3467
2.7796
2.2695
-2.6734
0.4543
2.0390
-2.0701
-1.6001
0.1565
3.4523
1.8277
-1.5545
-1.7460
-1.9486
-1.0989
-1.4908
-1.7089
-0.4098
0.2166
-0.1366
0.0661
-1.5806
-0.4546
-1.8675
-1.2211
-0.6358
0.9671
-1.1651
1.6101
-1.5213
1.4575
0.4425
-0.1557
-1.0908
-0.9570
-0.7239
0.9000
0.0399
0.6964
1.4460
-0.9915
-1.1405
0.0143
-1.1568
-0.2614
-1.0142
-1.0051
0.3505
-0.7655
0.7058
-0.6650
-0.8230
-0.3087
-0.5807
0.0434
-0.3258
-0.3749
-0.1242
0.1946
-0.4404
0.0198
-0.1199
-0.0014
-0.0926
-0.1914
-0.2255
0.0460
-0.2780
0.0425
0.2426
0.1120
-0.2185
0.0474
-0.7420
-1.6641
-0.5567
-1.9897
0.0184
-3.1840
0.2726
-1.4098
-0.7989
-1.0282
-3.0216
-2.5273
1.8108
-2.1462
-0.3144
0.5527
-1.8494
2.5299
-0.2892
-2.9580
2.4895
2.7576
1.0861
0.0537
0.0463
-2.9073
-1.9654
-4.5304
-1.2177
-0.1798
-3.9495
-4.0830
0.5652
-0.5813
0.3751
-4.6491
2.0480
-0.0485
-0.3416
-3.9681
-2.9947
-3.1257
-2.2224
-2.5145
-1.5997
-2.8695
-2.7361
-2.5655
2.6001
-1.3904
1.0261
0.3413
-0.5854
7.5307
-2.3264
5.4305
-0.4659
1.5368
-0.9397
0.9787
0.2674
-2.0159
-0.9545
0.2581
-0.8803
1.0635
0.1865
-1.4310
-0.6964
0.2247
0.0955
1.1976
0.0109
-1.2823
-1.5548
0.7840
4.4924
2.1746
-0.4962
1.3024
1.6647
2.2418
-0.4355
2.4305
-1.0131
-0.9897
-0.8007
1.2346
-0.3109
-0.3421
0.4835
-0.2498
-0.3006
1.2336
2.3885
0.8688
-0.1826
-0.7137
0.4725
0.1765
0.8384
0.5964
1.3099
0.0510
0.9091
0.1501
1.0616
0.0359
0.5427
0.5059
0.6050
0.5743
-0.1396
0.2834
-0.1093
-0.0251
0.2794
-0.7882
-1.9746
1.7024
1.5114
-0.1673
-0.2086
-1.6112
-1.7355
-0.0998
-1.0720
-0.3277
0.7037
-2.7790
-2.1582
-2.0087
0.4832
-0.6947
1.2443
-1.9047
-1.8135
0.8268
-1.9417
2.6310
-0.2357
0.0678
0.4451
-2.6160
-0.0076
-0.9857
3.2587
0.2139
-3.3920
1.1587
1.2063
-3.3094
-1.8200
0.4699
-3.6446
1.2543
1.4093
-2.2232
0.0236
-0.4995
-1.3974
-2.8297
-1.3926
-3.0476
1.0733
0.6110
-0.6528
2.0329
-0.2826
2.4831
4.7140
0.6297
-2.1942
1.1020
-2.4725
-0.0805
-0.7581
2.8826
0.6874
-0.5533
-1.2263
2.7653
-1.5384
-0.7536
-0.7910
1.4943
0.9638
-1.5790
0.0364
0.3029
-1.4898
-0.4190
1.1985
-0.8409
0.6524
0.1295
0.5246
-0.4739
-0.7795
1.4486
-0.2366
0.7633
-0.5750
0.6888
0.4485
0.2506
0.0833
0.6689
-0.8514
0.5349
0.4086
-0.4957
0.4086
0.1474
-0.4140
-0.6335
-0.0325
0.6731
0.2310
-0.1106
0.1210
0.9546
0.1365
0.4374
0.3112
-0.3533
1.4425
0.0718
0.3104
1.2481
-0.2168
-0.0226
-0.0036
0.0709
0.1839
-2.3545
1.6818
-2.5706
-1.1916
-0.4838
-0.6195
-1.5829
0.1488
-0.2720
-2.4067
-0.6604
-2.5615
0.2030
-1.7541
0.4578
-2.7575
-0.6243
-0.2350
-3.9739
-0.9865
-0.4915
-0.3469
-1.9351
1.3834
-3.0550
-1.7361
2.1517
1.0593
0.3683
1.5326
-0.0948
-3.3833
-2.2885
1.6355
1.9716
-3.6600
-4.6270
-2.4799
-2.4444
-2.0621
-1.2673
-3.6367
-0.2449
-1.3412
2.9887
-1.5088
-2.7689
-0.6979
-1.2960
2.2394
-0.1175
-2.5807
1.8064
-1.6415
-0.1527
-1.1571
-0.1500
-1.6870
0.7917
0.3942
-1.1319
-0.1688
1.3159
-0.5666
1.1400
-1.1085
0.6629
0.4468
-2.6101
-1.3784
-0.9213
-0.3462
-1.0945
0.3077
-1.2962
2.4152
-0.7943
-0.0604
0.2520
-0.7658
0.1472
-0.4644
-0.2318
0.7626
-0.0680
0.4008
-0.7430
-0.1920
-0.2142
-0.9281
-0.5464
0.1137
-0.3985
-0.2378
-0.4280
-0.1031
0.6392
0.4757
-0.0884
-0.1202
-0.2423
-0.4242
-0.2592
-0.2935
0.6493
-0.3900
0.0670
-0.2666
0.3041
0.0721
0.0620
-0.2387
-0.3269
0.0409
-0.0398
-0.2611
0.0111
-0.0414
-1.4772
-1.2088
-1.2535
-1.1585
-0.6435
-1.0116
-2.0133
-0.7611
-0.3506
-3.6920
1.3506
-0.9075
1.1454
-0.6227
-0.3179
-3.0767
0.1944
0.0563
-0.4619
-1.5123
1.6802
-2.6165
4.0090
-2.5530
-2.1977
0.7436
1.1702
-2.4273
4.2227
1.5605


Weights 1->2:
-0.4082
-0.5370
-0.5168
-0.4690
-0.4359
-0.6364
-1.6455
-0.7441
-1.7680
-1.1630
-0.6122
-0.6395
-0.5793
-0.3936
-1.1841
-0.4615
-2.4696
-0.5093
-0.5230
-0.5731
-0.3294
-0.7564
-0.3270
-0.2057
-0.5211
-0.4699
-0.4041
-0.5630
-0.3895
-0.3951
-2.1892
-1.9296
3.4735
1.1097
1.7552
-3.8180
5.0545
-0.3027
-1.1407
4.6357
-1.1064
1.5754
0.4570
1.8903
-0.2997
1.7884
-2.2625
-0.1629
3.1487
-1.6639
2.6618
1.5272
-1.1111
-3.3147
-1.5040
2.0712
1.4096
4.0752
3.2366
-0.5535
2.3574
0.0456
-1.2848
-0.7308
2.5597
1.0631
4.0848
2.0443
3.2142
3.9917
2.1567
-0.9353
1.4775
-2.8578
1.3040
-0.6097
0.5114
0.0052
1.7315
0.3078
-1.3507
2.3110
-2.4841
-0.0313
0.3887
0.7655
-0.5675
-1.7094
-1.3878
2.1129
2.8392
0.5682
-3.2711
-0.4155
-1.6098
2.0692
3.8322
1.9496
3.6632
4.5091
3.4739
-0.4415
0.2095
0.7932
1.1290
0.7167
0.6409
0.4171
1.5898
-0.5232
-0.9131
1.6475
-0.7219
0.4309
-1.4649
1.2162
1.1649
-0.9739
-3.3825
-0.0642
-2.7340
1.4468
1.8361
1.9026
-2.0248
2.3759
4.2497
1.9032
3.0069
3.2941
1.1014
2.4785
0.7390
-2.3527
3.4824
-0.9831
0.8523
0.5836
-3.0809
-3.1268
2.0405
-2.4521
1.4297
-2.7265
-1.2225
0.9138
0.4996
-0.0911
0.2378
3.3163
-2.5790
-0.3563
3.8349
-0.4632
1.0831
-0.2774
3.7667
-0.5170
3.6075
3.1152
-1.1040
4.0634
2.3699
-1.4367
3.7425
1.5178
-0.6396
-1.9326
-1.1118
-1.7823
0.0109
-0.0520
2.2637
-1.2186
-2.3627
2.9383
0.3784
-0.7168
-0.1843
2.6319
3.4871
0.6173
3.1886
-1.6299
-0.5026
2.8751
4.4194
0.8517
2.9404
1.0575
-1.7068
3.3620
1.9329
-0.2006
3.3004
-1.8462
-0.2138
-0.1784
-2.7415
-1.2155
-1.8798
2.6146
1.0783
-2.6563
2.1724
0.8521
2.2925
-2.2779
-0.4948
0.6294
-1.2685
1.2968
2.4206
1.3559
-0.7079
0.1505
3.4028
1.2701
3.2383
3.1106
-2.2953
2.8543
1.8929
-0.9187
2.3662
1.3165
1.6089
-0.4641
-0.1826
-0.4195
0.1875
0.4385
-0.9523
-0.2843
-0.6772
-0.1555
1.1202
0.4684
-1.4463
0.8054
3.2312
2.1815
-2.8985
0.0507
-0.5425
3.0627
3.0804
2.3321
3.5784
3.1205
3.4533
0.7605
0.0809
-1.0445
0.7381
0.8903
0.3722
-0.4601
0.3160
-0.1392
-2.2771
2.0528
0.5580
-3.0640
1.9575
-0.3268
-0.8845
-0.9752
-3.7995
0.0591
0.9153
3.6233
1.2824
-0.8083
0.4514
1.4895
4.1660
0.8287
3.2192
2.5958
-1.3351
2.9130
3.1443
-1.8127
2.6889
-2.4590
-0.2681
-2.2417
-1.0742
1.0654
-1.3522
0.0342
-2.2371
0.2993
-1.0343
0.7088
4.5818
0.3762
-0.6422
1.2219
-2.2888
-0.6110
3.6624
-0.4026
0.9355
-2.8865
3.3281
-2.0661
3.2386
3.6117
-0.2333
3.6673
3.0408
2.3338
1.7840
0.9955
1.1850
-0.8969
-1.3077
-2.6358
-1.6523
-0.6901
-1.6638
-0.4423
0.9893
-1.8342
1.2844
1.6334
2.0891
-0.7311
3.3993
0.8359
-1.2037
-0.2066
0.1814
1.9549
2.5939
2.7442
2.3708
4.0422
2.9013
-3.3547
-0.4071
-1.9369
2.3751
-1.6831
1.7639
0.7235
0.6670
1.7943
1.2504
-0.4860
0.1949
-0.8795
-2.4720
-0.1464
0.5256
-0.9088
-2.9085
1.1164
-3.2416
-0.0364
0.8688
1.7607
2.2610
-0.2503
4.8942
-1.1188
3.5618
-0.7586
2.0310
1.1951
2.9677
-1.8470
4.0947
-0.2622
0.3568
0.3595
-2.3765
-1.2849
0.0845
-2.0889
-0.6732
4.2616
-2.2488
-1.1678
2.0570
-0.0969
1.0347
-0.3450
-2.5025
-1.3507
4.2209
1.6984
-3.7735
-2.9252
1.4844
-1.0771
2.9956
3.2498
-0.8147
3.1918
-0.3444
0.5251
3.8591
3.2503
0.4839
3.0228
-4.7420
-2.7160
-2.7723
-0.3454
3.1639
-1.1795
1.8954
-0.3552
-0.5480
0.7139
2.9848
-0.5932
-3.0002
1.9009
2.0613
0.4901
0.8358
1.2291
2.8780
3.2047
2.6286
2.4772
0.0611
2.5758
1.4816
-0.2269
2.7937
-0.7595
1.0242
1.4095
-2.2682
0.3062
-2.1497
-2.5700
0.2954
-0.4206
1.4708
-2.4319
-0.3200
-1.0114
2.0856
-2.9251
1.0405
1.9480
2.2803
0.3214
-0.4886
0.3523
1.9195
1.8216
2.8156
2.2338
-3.1548
2.0247
2.2276
1.4172
2.1483
0.8121
1.4505
-1.5660
-0.7249
-0.3040
-1.6587
0.5196
2.2507
-0.5037
0.0637
-2.2548
0.8681
-0.3236
2.0476
1.2792
0.8841
0.0627
-1.6133
1.8489
-0.2339
0.9394
3.0230
-0.3839
3.2551
1.5019
-1.1634
1.2076
-1.0103
-0.5533
0.9693
0.5923
1.1768
2.3991
-0.0364
-0.4351
0.0518
-0.9691
-1.6611
-1.8467
0.0842
1.0649
0.2179
-1.3231
4.1930
-0.8618
4.1042
1.9156
-1.1119
-1.2994
-0.0401
0.5828
1.7136
3.6090
2.3593
2.2792
3.9343
-2.4745
-1.0872
0.0189
0.0588
0.0470
0.3999
-2.1199
0.7853
2.1114
-1.6023
1.6844
2.5036
-0.0236
1.4436
-0.3817
-0.7958
-0.8730
-4.1949
-0.5754
-2.3938
1.3232
1.0715
1.6560
1.0687
0.3961
2.6493
1.2001
3.3009
1.3910
-0.4327
1.4306
1.0895
-0.5340
2.3335
-0.6740
1.0254
0.7687
0.4875
-1.0740
-0.0890
-0.1530
0.9084
0.9091
-3.2035
1.7252
-0.3710
-1.2769
2.2888
-0.8541
4.8436
1.7121
-1.1158
0.9646
-0.6352
0.0994
2.7583
1.4254
3.3349
1.9591
2.2418
-0.8241
-1.3017
0.4798
1.8173
-3.0831
-0.2090
-0.3930
-0.3246
0.5680
0.9262
1.3332
0.3255
2.0647
-1.9316
0.7266
-0.3576
-0.9540
-0.0515
0.1496
4.8900
1.3994
-3.1422
-2.2414
0.8139
0.6703
2.0244
3.1922
1.6406
1.5994
2.9063
-1.1677
-2.8860
-1.0192
0.5142
-2.2051
0.1695
-1.4044
2.1646
1.7121
-1.2538
1.3962
0.6339
-2.0822
2.0003
-0.8324
0.4951
1.4941
-1.1256
-3.0614
-3.6694
-1.7654
1.3656
-1.3929
1.2017
2.3954
4.0950
-0.5000
3.3635
-0.0363
-1.3816
1.0281
4.4788
0.6829
3.1554
0.4832
0.1101
-1.3284
-0.8198
-1.8011
-0.4072
-1.8209
-0.5033
-1.0739
-0.1859
-1.4686
-0.7628
1.7330
0.1031
1.4400
3.9953
0.8685
-0.6049
-1.1797
1.5551
0.6413
2.2001
3.1948
2.5310
1.5827
3.6280
-2.4341
0.2935
-0.1040
-0.4582
-1.8062
-0.4404
-3.4003
0.0748
1.1663
-1.9298
0.6031
0.9805
0.5247
1.8356
1.9965
1.0291
-2.0471
-2.4217
-1.1780
-2.2739
-4.1229
2.0861
2.6108
-0.6882
1.2625
0.4866
0.7050
0.3876
-0.7212
-1.7501
2.6436
1.9227
-1.5187
3.3242
-0.4013
0.0783
1.9938
-3.9752
2.6708
-0.4409
1.0611
-1.4017
3.7845
0.9089
0.7999
1.2760
0.1757
1.7616
-1.1175
-0.7594
-0.4860
2.0933
0.0523
0.6339
-1.6509
3.2762
0.0220
-0.5085
2.5291
-0.2305
1.0377
-1.0712
0.6169
0.2152
2.3319
-0.9125
0.5761
1.0724
0.0605
1.8011
1.6657
-1.2549
-1.2875
-1.0983
1.3003
-1.1097
2.1372
0.9404
0.0030
-1.9077
-0.3611
1.0645
1.2058
0.5991
-0.0056
3.3430
-0.9106
3.2786
1.5697
-0.0504
1.0330
1.6910
0.0396
0.9754
0.2221
0.2753
-1.6613
-0.7759
1.3964
0.1963
-0.0467
-0.1862
1.6957
-1.1831
1.0074
0.3069
0.2246
1.8724
-1.2125
-1.3866
-0.2751
2.6387
-0.0544
0.8858
-1.9136
3.3830
0.2072
-1.2633
2.5903
-0.7023
1.0517
-1.1920
0.2328
0.4328
2.1136
-0.8761
1.0278
1.0063
-0.9191
2.0507
1.3316
-1.6310
-1.3417
-0.8396
1.4185
-0.1663
1.0825
-0.6051
0.0180
3.8386
1.8089
-0.2436
0.3225
-0.7801
3.0690
1.8600
1.9595
2.4588
1.9482
-0.1627
1.1926
2.6160
1.7257
0.3919
-0.7663
0.3477
-1.4592
-1.8620
0.3864
-2.2304
1.1682
0.1123
-0.5511
3.3256
-1.9862
-0.4734
-1.4426
-2.7328
-0.8857
4.7014
0.1455
-0.4194
-0.7958
0.4967
1.6335
2.1269
2.8350
0.9413
0.6278
2.8254
0.4343
0.9612
0.6107
-0.9817
0.5090
-1.0895
-1.4296
-1.1324
2.4150
-0.0455
1.2657
0.9800
-0.4783
1.7440
-1.2342
-0.4855
-1.1315
-1.4415
-0.0757
-0.1450
-0.3792
-0.0604
-0.1654
-0.2908
1.5309
-4.8608
-1.0215
-3.2322
-2.2465
0.2621
-0.5100
-0.9018
0.1013
-1.6213
1.2679
4.9789
-0.5183
0.4485
0.2210
0.3335
-0.4935
0.5558
1.1111
0.3225
-0.2557
-0.8059
-0.3011
1.1883
0.1513
-0.1945
0.5238
0.7360
2.1771
2.0086
-2.3138
-0.2362
0.1722
1.8061
0.7925
1.9360
-0.8499
-0.9714
1.5489
0.3465
-1.6174
-1.2473
-0.1560
2.4328
0.5203
2.4175
0.5923
-1.2789
-0.7195
-2.6223
0.2793
0.9499
2.5230
3.5721
-1.3970
-0.6098
-0.3668
-0.3538
-0.2356
-0.5671
-0.2021
-3.0628
-0.3771
-1.2528
-1.9203
-0.6788
-0.9923
-1.2479
-0.1127
-0.6782
0.1044
2.9465
-0.5051
2.0684
2.1481
1.3199
-1.0027
1.9347
0.2689
2.2866
-0.7415
-0.6220
-0.0477
0.3307
0.6112
-0.5772
-0.4174
-0.5143
0.6240
-1.0563
0.6167
-1.9856
-0.5778
-1.6571
-2.4037
-0.4814
-1.4655
-0.6619
0.2990
-0.5523
0.9985
3.3153
0.1151
1.6187
-0.5580
0.5296
-0.2791
2.5838
1.9246
1.3582
-1.1595
-0.5797
-1.5578
-0.0153
-0.2070
0.2752
0.1311
-0.4895
-0.3478
-0.0121
0.8542
-3.2632
-0.8573
-3.3223
-1.3922
-0.7851
-0.9942
-0.7798
-0.2934
-1.7198
1.0235
4.1750
-0.4256
-0.0291
-0.5503
0.2626
-0.5635
0.2975
0.8025
0.3229
-0.0642
-0.3012
-0.1174
0.9905
0.2062
0.4650
-0.5599
-0.2677
0.0985
0.0332
0.4352
-2.4850
-0.3945
-1.0077
-1.5286
-0.0015
-0.6605
0.9468
0.0924
-0.2329
-0.2645
2.5798
1.1410
0.7650
1.0325
-0.1255
-1.0814
0.4518
-0.0333
0.4830
-0.4060
-0.3517
-0.4012
0.0873
-0.1140
-0.2776
-0.0905
-0.6599
-0.5144
-0.0162
1.2402
-3.6421
-0.9034
-2.7528
-1.8350
-0.4788
-0.7786
-0.4862
-0.0807
-1.9705
1.6021
4.0268
-0.6059
-0.5864
-0.7847
0.7034
-0.3647
0.2394
0.9864
0.6976
-0.1438
-0.1188
-0.4170
0.8815
0.0254
-0.8919
1.7979
0.2253
-0.8945
-1.0579
-1.9334
0.9599
-1.8775
-0.8294
-1.8437
0.1441
2.2207
1.1406
1.4704
1.8708
-0.5779
-3.7782
-0.4442
-2.5864
0.8994
-1.1579
-0.6228
2.0911
0.7569
-0.8627
1.7536
3.0235
1.3370
1.4414
-0.2789
-0.7133
-0.0709
-0.9939
-0.3155
0.6159
-0.4540
-2.9647
-1.0103
-2.5896
-1.4551
-0.2219
-1.0632
-0.4025
0.2084
-1.5255
0.3217
3.1727
-0.1106
-0.5799
-0.1794
0.4359
-0.8275
0.2110
2.3827
-0.2394
1.2372
0.9103
-0.3547
3.2836
1.2708
0.2880
-0.1851
-0.5515
-0.0910
-0.0832
0.0630
-3.1076
-0.4276
-2.2788
-1.4132
-0.2847
-0.2642
-0.4423
-0.2188
-0.8518
0.2355
3.2630
-0.4047
0.6750
1.1406
-0.3711
-0.5784
0.2110
0.2862
0.2173
-0.6455
-0.5179
-0.6663
0.0982
0.1654
-0.8206
-0.7783
-1.1809
-0.3126
-1.2109
-1.5109
1.1214
-1.5274
-0.5831
-0.6426
0.1602
-0.6748
-1.9031
0.2785
-0.9436
1.1957
1.0071
-0.8012
-0.7265
0.4298
1.2935
2.0213
-1.2517
-0.7087
-0.3877
1.0110
0.7588
4.7941
-0.4410
-0.5070
0.2597
0.2030
-0.8439
-0.3843
-0.0328
1.5160
-3.4450
-0.9391
-2.8992
-1.8056
-0.2369
-0.7523
-0.7600
-0.2487
-1.4843
1.6738
3.6370
-0.5990
0.2456
-0.3428
0.3231
0.1307
0.4767
0.6766
0.4715
0.0243
-0.2284
-0.3756
0.7961
0.0433
-0.1276
0.1533
-0.2406
0.3743
0.1477
0.1808
-3.0323
-0.4338
-1.7329
-1.6894
-0.4856
-0.7373
0.0805
0.3551
-1.0574
0.1712
3.0646
0.4633
1.2721
0.1729
0.5764
-1.1502
0.8414
0.2486
0.4387
0.2001
-0.3333
-0.5060
0.2729
0.4118
0.0176
1.5500
-0.4330
-0.2856
0.2704
1.6312
-3.1285
-0.3010
-2.5374
-1.8421
0.1654
-0.5169
-1.2159
1.1828
-2.0446
-0.3303
3.1184
2.8105
2.6070
-0.5850
-0.5746
-0.7479
-1.0020
-0.1147
0.2136
-0.6953
-0.8244
-0.7130
-0.8160
0.9033
0.4036
-1.3506
0.7755
0.8215
-0.6166
-0.6124
-2.6293
0.2676
-0.7440
-2.1037
1.8772
0.9650
-0.6573
1.3595
-1.8456
-0.8240
0.9381
0.1547
2.0712
3.8119
-0.9645
0.3165
-0.7741
2.7857
-0.4644
-0.4342
-0.9450
-1.2836
-0.4911
1.8217
0.1332
-0.0756
-0.5691
-0.4997
-0.0617
0.1139
-2.8078
-0.4322
-2.6095
-0.9370
-0.4946
-0.5889
-0.3795
-0.2321
-1.0218
0.4582
3.2265
-0.3700
0.3145
-0.2200
-0.2048
-0.6007
0.4385
0.1567
0.6067
-0.4609
-0.1825
-0.5589
0.1332
-0.3810
-0.5166
-1.0741
-0.9494
-0.3647
1.6968
2.8263
-2.0689
-0.7356
-0.5381
-2.0069
-0.4245
-0.9687
-0.8335
0.1910
-1.5038
-1.1560
1.3099
-0.1332
-0.0996
-0.3706
0.8432
-0.9145
-0.2083
-0.5090
1.7574
-0.8620
-0.5094
-0.3680
0.9344
0.5571
0.2212
-0.0301
-0.7638
-0.2624
0.2816
0.5014
-1.3220
-0.6565
-1.4387
-1.5924
-0.5616
-0.8567
-0.4918
0.0135
-1.4670
0.4624
1.8697
-0.6739
1.3058
-0.0764
0.2029
-0.7296
1.7657
1.2283
1.3552
0.2864
-0.4585
-0.9712
0.5024
-0.0902
-0.7175
-0.1997
1.0062
0.3355
0.5208
-1.4753
1.8692
-0.9862
-1.7356
1.2236
-0.8249
0.7256
-0.6249
0.9625
-1.2030
0.8564
-1.8963
1.1230
0.1758
0.1339
1.1163
1.1141
-0.9792
-1.1387
-0.2105
0.7846
0.0733
1.0488
-0.0734
0.9882
-1.1291
-0.3328
1.0371
0.7382
-0.6588
-0.9929
1.4998
-0.4428
-2.1554
0.7540
0.1198
0.6988
-0.7721
0.3653
-1.5433
0.7909
-2.4014
1.2691
0.6259
0.7672
1.5408
1.0814
0.0557
-0.3038
0.1051
-0.0874
-0.9113
2.0862
0.1237
-0.0063
0.4600
0.3860
-0.3196
0.0343
-0.1439
0.3820
-2.0839
0.2257
-1.9732
-1.3154
-0.0041
-0.7858
-0.5941
0.9484
-1.0081
0.1125
2.3601
0.6591
1.3386
0.1624
0.7535
-0.2594
-0.1183
0.6701
-0.1888
0.0185
-0.0345
0.0840
-0.1270
0.2625
-0.5992
-0.6314
0.1705
0.2460
1.3550
-1.1087
-1.7735
-1.4110
-1.0975
-1.4976
-0.1414
-1.4473
-0.8926
0.9900
-1.8724
-0.5038
-3.1808
1.2397
2.6321
0.0120
2.2303
1.4756
-0.1581
1.2785
0.3053
0.0059
0.5958
2.6904
-0.5002
-0.2929
-0.1225
0.1939
0.1764
0.3568
0.6182
-1.5858
-2.2973
-0.2786
0.1126
-1.9038
0.1607
-1.1824
-0.5502
1.3924
-1.1700
0.1734
-0.3941
1.9888
1.0675
0.1354
0.8004
0.4583
-0.8275
0.9663
0.5416
0.9607
0.3005
2.3349
-0.3919
0.9318
-0.4773
-0.7165
-0.6511
-0.6158
-0.6327
-0.5908
-1.9356
-0.4399
1.5674
-1.3306
-0.4365
-0.7807
-0.6773
-0.2484
0.5497
-0.4072
-0.4681
-0.7471
-0.5830
-0.3640
-0.3194
-0.6663
-0.7465
-0.2882
-0.2021
-0.5203
-0.4992
-0.5584
-0.6650
-0.4243
-0.3508
-0.5395
-0.7943
-0.0889
-0.3777
-0.0426
-1.8766
-0.7643
-1.3112
-1.4838
-0.4104
-0.8036
0.0263
0.0441
-0.4844
-0.2611
1.9313
-0.2843
-0.3440
-0.1185
-0.3103
-0.7164
0.2001
-0.2389
-0.2627
-0.5374
-0.3728
-0.7087
-0.3649
-0.2338
-0.7093
-0.6282
0.6703
-0.3290
-0.4792
-1.4945
1.4266
0.4210
-1.8820
1.3589
-0.1762
0.0984
-0.7724
-0.3224
-0.0888
1.5405
-1.9604
0.6086
-0.4176
0.4121
1.2726
1.5194
-0.9209
-0.8763
-0.2903
0.7047
0.0132
1.3470
-0.1385
0.0342
0.1294
-0.3529
-0.6552
-0.2185
-0.2850
-0.4362
-1.3757
-0.4513
-0.4149
-1.3280
-0.2538
-0.7062
-0.7299
-0.1157
0.4468
-0.4593
1.2788
-0.3335
0.0868
-0.6183
-0.1499
-0.3729
-0.3208
-0.1099
-0.2086
-0.5211
-0.2832
-0.6055
-0.6170
-0.1434
-0.4996
-0.2396
-0.8090
-0.3606
-0.4394
-0.6149
-1.7066
-0.3474
0.4007
-1.5073
-0.6491
-0.6514
0.5090
0.2582
-0.8618
-0.1842
-0.1144
0.1033
-0.3322
-0.2745
-0.1388
-0.9054
-0.0035
-0.0486
-0.4234
-0.4625
-0.5887
-0.5760
-0.2525
-0.3822
2.6057
-0.5476
-0.4762
-0.1386
0.4951
-0.2450
0.3454
-1.3037
0.0790
-0.9681
-0.7623
1.4802
0.7976
0.4814
0.7485
1.3375
-1.3967
0.0787
1.2200
-0.2649
-1.1299
0.7629
-0.2713
0.5988
-0.5262
0.1691
-0.6604
-1.3534
0.2344
1.8356
0.1443
0.5289
0.5857
0.7358
-0.0176
-1.1258
0.4849
-0.3659
-2.2176
0.1739
0.2046
0.1271
-0.5672
0.6902
-1.4540
1.0088
-1.0145
1.3109
0.0603
1.1926
1.3388
1.5854
-0.8251
-0.5714
0.7247
0.7420
0.3842
0.6286
0.0959
-0.3142
-0.2264
-0.6064
-0.8683
-0.4705
-0.5570
-0.6926
-2.3614
-0.5860
1.5030
-1.5151
-0.2072
-0.9568
-0.5047
-0.1051
0.8267
-0.3247
-0.9338
-0.5590
0.0016
-0.2632
-0.2969
-0.7944
-0.1527
-0.3853
-0.1865
-0.5417
-0.3660
-0.7706
-0.5502
-0.4563
-0.2665
-0.0332
-0.6092
-0.2058
-0.2085
-0.5869
-2.2841
0.1573
0.7672
-1.5052
0.0024
-0.6652
-0.3591
-0.0868
0.8181
-0.3233
-0.2962
0.0085
0.2827
-0.2848
-0.2520
-0.4561
-0.0062
0.1185
0.0904
-0.4180
-0.5461
-0.4976
-0.4954
-0.0480
-0.1271
0.1607
-0.0030
0.8221
0.8756
-1.2512
-1.7448
0.2782
-0.9776
-1.3886
0.5480
-0.7055
-0.2975
0.6969
-1.2880
0.4180
-1.3832
2.3717
0.2593
0.9614
0.5513
0.3669
-0.3600
0.5475
0.6108
1.4430
0.2760
2.4224
0.7388
0.0560
1.2321
-0.2206
-0.5682
-0.1261
-0.0642
0.2008
-1.2343
-0.1413
-0.3521
-1.0942
-0.4182
-0.8252
0.3707
-0.2006
-0.4592
-0.3787
0.5893
0.5723
0.3052
-0.1536
0.1244
-0.6485
0.1738
-0.1320
-0.0821
0.2781
0.2686
-0.3289
-0.1328
0.0450
-0.1506
-0.3037
-0.5784
-0.3935
-0.4699
-0.0909
-1.2706
-0.3110
-0.8465
-1.3400
-0.2641
-0.4806
-0.3086
-0.3652
-0.4265
-0.3595
1.0644
0.3916
-0.2440
0.0554
-0.0324
-0.6005
-0.0526
0.2084
0.2470
-0.0692
-0.2780
0.0938
0.1686
-0.0951
0.0167
-0.0544
-0.3643
-0.1934
0.6001
-0.3778
-1.9344
-0.5219
1.0444
-1.2405
-0.1805
-0.7061
-0.5661
-0.0130
-0.3305
0.1148
-0.9918
0.2115
0.5262
-0.1381
0.7516
0.0161
0.1286
0.7138
0.3975
0.0694
-0.1028
0.8324
-0.1755
0.1685
-0.6417
-0.4545
-0.0837
0.1973
-0.6644
-0.7638
2.1805
-0.3121
-1.7453
-0.1107
-0.5474
0.6280
-0.4490
0.1626
-0.8049
0.6016
-2.8447
0.3829
-0.3555
0.0339
1.1719
1.0155
-0.8307
-0.4505
-0.1988
-0.7316
-0.2126
-0.1795
0.0615
0.3182
-0.1111
0.8228
-0.8554
-0.5632
-0.1950
0.2317
-1.8418
-0.5641
-1.8607
-1.0398
-0.3512
-0.5697
-0.6577
-0.1737
-0.7577
-0.3896
1.0246
-0.0017
0.0092
0.0706
0.5921
-0.5409
1.0722
1.1587
-0.0948
0.7357
-0.1219
0.0050
0.1864
0.6446
-0.6176
-0.5256
-0.5246
-0.4291
-0.2639
-0.4689
-1.8302
-0.6092
0.4430
-1.2512
-0.5510
-0.7995
-0.1213
-0.1428
-0.5012
-0.1407
-0.7645
-0.3462
-0.2439
0.0674
-0.1733
-0.6982
-0.2056
-0.3554
-0.3056
-0.6262
-0.3111
-0.5975
-0.4545
-0.3248
0.1367
-0.0440
-1.1592
1.3216
-0.0067
-0.6358
0.7879
0.6221
-1.7426
0.1465
-0.5092
-0.2351
0.0309
0.1358
-0.0596
0.7849
-2.3584
0.6455
-0.8011
-0.6006
-0.2240
1.2496
0.0870
0.2036
-0.1585
0.0334
-0.5067
-0.0597
-0.4389
0.4635
-0.1500
-0.2163
-0.3416
-0.1118
0.0024
-0.2314
-1.1475
-0.6033
-0.8986
-1.0352
0.2060
-0.2028
-0.0504
-0.0524
-0.7822
-0.2937
-1.9711
0.9610
0.9612
0.1837
0.4720
0.3145
0.3195
0.7296
0.2632
0.1503
-0.1506
0.5172
-0.4186
0.2094
-0.6100
-0.4604
-0.1378
0.0969
-0.2000
-0.6223
0.0681
-0.2493
-0.5492
0.0218
-0.2874
0.1785
-0.3178
-0.4228
-0.2665
-0.0595
-1.3700
0.0867
-0.4586
0.0198
-0.0985
-0.3938
-0.4430
-0.2586
-0.2231
-0.1129
-0.2186
0.2605
-0.2821
-0.5379
0.1235
-0.2095
-0.4169
-0.1512
0.0373
0.1293
-1.5548
-0.6923
0.0483
-0.6559
-0.2893
-0.6776
-0.4296
0.0040
-0.4431
-0.1791
-1.8156
0.2293
0.1985
-0.1777
0.3583
-0.4206
0.1535
0.7542
0.0595
-0.0727
-0.1911
0.1764
-0.1412
-0.0293
-0.2927
-0.2339
-0.3424
-0.0017
0.3023
-0.5189
-1.2796
-0.3248
-1.0481
-0.7925
-0.4497
-0.7267
-0.3414
0.0464
-0.9250
-0.3246
-1.9960
0.9657
-0.0244
-0.1739
0.0396
-0.3860
-0.3323
0.0510
-0.0534
-0.1010
-0.3363
0.5944
0.2870
0.0690
-0.0261
-0.1585
-0.0913
0.0279
0.1603
-0.1566
-1.3757
-0.5387
-0.7761
-0.7666
0.0075
-0.4699
-0.2229
-0.2325
-1.0514
-0.1534
-2.1459
0.6781
1.2647
0.0146
0.7033
-0.1791
0.2571
0.5218
0.0095
-0.3382
-0.0197
0.7732
0.1627
-0.0451
-0.4896
-0.5680
-0.6651
-0.6406
-0.5402
-0.4420
-1.6860
-0.6968
-2.0386
-1.0931
-0.5910
-0.8295
-0.6160
-0.2771
-1.2546
-0.5745
0.4524
-0.6127
-0.4967
-0.2596
-0.3424
-0.5512
-0.4864
-0.3768
-0.3738
-0.3716
-0.5751
-0.6147
-0.4804
-0.5051
-0.1933
-0.1902
-0.2879
-0.0433
-0.2399
-0.3977
-1.0202
-0.3371
-0.9130
-0.7177
-0.1466
-0.3780
-0.2919
-0.0490
-0.7255
-0.2823
-1.3113
0.1020
0.6744
0.1369
0.2201
0.4041
-0.3579
0.3041
-0.1837
-0.1890
-0.2719
0.6750
-0.1819
0.0605
-0.2593
-0.2386
-0.8723
-0.1402
-0.2307
0.3273
0.7996
0.6596
-1.7013
0.0425
-0.2812
-1.0381
-0.0435
-0.2388
-1.3502
-0.9504
-1.5336
0.6647
-0.4799
0.0616
-0.4163
0.8391
-0.1293
-0.3408
-0.3761
0.7139
-0.6162
-0.9073
-0.4315
-0.2062
-0.2342
0.0087
-0.4478
-0.0774
-0.0680
-0.0691
-1.5719
-0.6223
-0.4473
-0.9711
-0.1964
-0.5387
-0.3070
0.1096
-0.7410
-0.4685
-2.1495
0.4976
0.3450
-0.1337
0.2148
-0.1448
-0.1199
0.3773
0.0142
-0.0894
-0.1300
0.3082
-0.3160
0.0727
-0.4345
-0.6401
-0.4751
-0.3474
-0.3402
-0.4804
-1.4742
-0.7028
-0.5963
-1.1066
-0.1526
-0.7944
-0.6741
-0.0787
-0.7785
-0.4003
-1.1142
-0.4220
-0.2611
-0.4036
-0.4618
-0.8059
-0.1406
-0.3056
-0.5496
-0.6278
-0.3512
-0.6252
-0.5690
-0.4262
-0.3391
-0.5611
-0.8207
-0.2939
-0.6341
-0.6315
-1.4880
-0.7716
-1.9868
-1.1372
-0.5305
-0.7562
-0.5958
-0.4431
-1.1242
-0.4314
-0.0481
-0.6058
-0.4858
-0.4136
-0.4695
-0.6990
-0.3692
-0.2938
-0.5744
-0.5253
-0.3969
-0.6273
-0.5316
-0.6506
-0.1971
-0.4820
0.1143
0.1829
-0.2108
-0.3000
-0.9752
-0.4558
-1.5360
-0.6329
0.0814
-0.1305
-0.0563
0.0025
-0.9818
-0.2408
-2.3244
0.3298
0.6498
0.6223
0.1432
-0.0501
-0.0004
0.1647
0.1080
-0.1331
-0.1811
0.7498
-0.2295
-0.2175
-0.3977
-0.4360
-0.6743
-0.4051
-0.1362
-0.3887
-1.6609
-0.7504
-0.8122
-1.1115
-0.6608
-0.7601
-0.3859
-0.1733
-1.0608
-0.2488
-2.0265
-0.4729
-0.0439
-0.4225
-0.1455
-0.7350
-0.1990
-0.2459
-0.3733
-0.4543
-0.4456
-0.6298
-0.3211
-0.3558
-0.5791
-0.4751
-0.7873
-0.4729
-0.2605
-0.5341
-1.4660
-0.6715
-1.7777
-1.1532
-0.6563
-0.7662
-0.7051
-0.3519
-1.0913
-0.6470
-1.1008
-0.4663
-0.5869
-0.2751
-0.2285
-0.7252
-0.4322
-0.4408
-0.3513
-0.5271
-0.4410
-0.7153
-0.4675
-0.4564
-0.5222
-0.6408
-0.7345
-0.5339
-0.4485
-0.5436
-1.5995
-0.7268
-1.2715
-1.0581
-0.3633
-0.6749
-0.5874
-0.4638
-1.1244
-0.6735
-2.0596
-0.4077
-0.5566
-0.4077
-0.5602
-0.7196
-0.4794
-0.3593
-0.4026
-0.4027
-0.5150
-0.6059
-0.6039
-0.2905
-0.3270
-0.5024
-0.8003
-0.3535
-0.4312
-0.5519
-1.5636
-0.7319
-1.2885
-1.0950
-0.4176
-0.7700
-0.8928
-0.3638
-0.9462
-0.6657
-2.1449
-0.5944
-0.4899
-0.3134
-0.4762
-0.7583
-0.3428
-0.2756
-0.5256
-0.5313
-0.4924
-0.6623
-0.4227
-0.3078
-0.5914
-0.5270
-0.6825
-0.6573
-0.3657
-0.3957
-1.6627
-0.5403
-1.4908
-1.0574
-0.3858
-0.8282
-0.6285
-0.2629
-1.0658
-0.5199
-2.2898
-0.4994
-0.5636
-0.4366
-0.3801
-0.8714
-0.3912
-0.3428
-0.4213
-0.3631
-0.4512
-0.6865
-0.6707
-0.5550
-0.5816
-0.4034
-0.6254
-0.5232
-0.2601
-0.1994
-1.2217
-0.5294
-1.3949
-1.0183
-0.4630
-0.8396
-0.6569
-0.4398
-1.1401
-0.5557
-2.5769
-0.1131
-0.4381
0.0785
-0.6405
-0.6458
-0.4234
-0.3027
-0.1646
-0.4537
-0.4376
-0.2910
-0.5085
-0.2083
-0.4638
-0.4616
-0.6042
-0.3714
-0.5575
-0.4937
-1.6069
-0.7889
-1.4241
-1.2072
-0.5670
-0.8794
-0.7033
-0.1606
-1.0344
-0.6145
-2.2869
-0.6550
-0.7135
-0.5998
-0.5116
-0.5502
-0.2676
-0.1800
-0.4278
-0.5308
-0.5285
-0.5077
-0.2612
-0.5585
0.0522
-0.1222
-0.0569
0.0394
-0.0279
0.1312
-0.1504
-0.0324
-0.0831
0.0604
-0.0006
0.0189
0.1104
0.1290
-0.0184
-0.0133
-0.0034
-0.0959
0.1226
0.0072
0.1253
0.1218
0.0562
0.0252
-0.0940
0.0306
0.0926
0.0068
-0.0496
0.0971

Direct connections:
