version: 10
file format: 0

training data file: /tmp/train-lm-from-UD-corpus.sh.1kzLROOuz.train
validation data file: /tmp/train-lm-from-UD-corpus.sh.1kzLROOuz.valid

last probability of validation data: -181209.770406
number of finished iterations: 7
current position in training data: 0
current probability of training data: -181126.075962
save after processing # words: 0
# of training words: 806508
input layer size: 139
hidden layer size: 30
compression layer size: 0
output layer size: 110
direct connections: 0
direct order: 3
bptt: 0
bptt block: 10
vocabulary size: 109
class size: 1
old classes: 0
independent sentences mode: 0
starting learning rate: 0.100000
current learning rate: 0.006250
learning rate decrease: 1


Vocabulary:
     0	         0	</s>	0
     1	    139885	32	0
     2	     73715	101	0
     3	     54156	116	0
     4	     51250	97	0
     5	     47115	111	0
     6	     43517	110	0
     7	     42789	105	0
     8	     36972	115	0
     9	     36833	114	0
    10	     29186	104	0
    11	     25879	108	0
    12	     22554	100	0
    13	     17893	117	0
    14	     16754	99	0
    15	     14853	109	0
    16	     12638	121	0
    17	     12235	102	0
    18	     12067	103	0
    19	     11448	112	0
    20	     11013	119	0
    21	      9140	46	0
    22	      8752	98	0
    23	      6305	118	0
    24	      5837	44	0
    25	      5156	107	0
    26	      3931	73	0
    27	      3522	45	0
    28	      2812	48	0
    29	      2600	65	0
    30	      2593	84	0
    31	      2436	83	0
    32	      2036	39	0
    33	      1795	49	0
    34	      1743	67	0
    35	      1571	77	0
    36	      1531	80	0
    37	      1463	50	0
    38	      1362	69	0
    39	      1274	66	0
    40	      1199	120	0
    41	      1165	34	0
    42	      1158	78	0
    43	      1086	47	0
    44	      1055	87	0
    45	      1031	58	0
    46	      1015	72	0
    47	      1010	68	0
    48	       980	79	0
    49	       972	51	0
    50	       938	82	0
    51	       911	76	0
    52	       860	63	0
    53	       791	41	0
    54	       762	106	0
    55	       759	70	0
    56	       757	113	0
    57	       755	53	0
    58	       733	40	0
    59	       731	71	0
    60	       673	57	0
    61	       663	52	0
    62	       616	85	0
    63	       594	74	0
    64	       572	54	0
    65	       567	55	0
    66	       539	95	0
    67	       523	33	0
    68	       522	56	0
    69	       470	122	0
    70	       467	89	0
    71	       451	75	0
    72	       368	61	0
    73	       287	86	0
    74	       285	42	0
    75	       212	36	0
    76	       175	64	0
    77	       150	62	0
    78	       143	60	0
    79	       132	81	0
    80	       125	38	0
    81	        94	8217	0
    82	        88	59	0
    83	        86	90	0
    84	        64	88	0
    85	        62	35	0
    86	        34	43	0
    87	        33	91	0
    88	        33	93	0
    89	        30	37	0
    90	        28	8221	0
    91	        28	8220	0
    92	        25	124	0
    93	        15	96	0
    94	        15	126	0
    95	        13	8216	0
    96	         9	8212	0
    97	         8	94	0
    98	         6	183	0
    99	         6	8230	0
   100	         4	123	0
   101	         4	8211	0
   102	         3	125	0
   103	         2	233	0
   104	         1	195	0
   105	         1	231	0
   106	         1	179	0
   107	         1	173	0
   108	         1	225	0

Hidden layer activation:
0.8426
0.0039
0.0002
0.0013
0.0000
0.0005
0.0003
0.0044
0.0005
0.7879
0.0555
0.0052
0.0022
0.0011
0.0271
0.0001
0.0408
0.0020
0.0003
0.0001
0.0003
0.0209
0.0005
0.0007
0.0017
0.0001
0.0047
0.0054
0.0001
0.1647

Weights 0->1:
0.1182
5.5792
-4.0762
-0.7330
-3.5422
-7.2113
-3.0844
-2.5817
-3.5955
-1.2599
-1.9882
-0.3569
-6.2261
4.7131
-3.3478
-2.1843
-1.4599
-0.5820
-1.7098
-4.3007
-2.0079
-1.2298
0.1967
-1.7093
-0.9738
-3.5308
-0.1784
1.8233
-1.0098
-2.7051
-1.3277
-4.8977
2.9109
-2.9738
-1.5513
-2.4909
-0.3151
-1.2310
-3.0736
-1.7995
-1.4796
-3.0342
-1.7249
1.5087
-1.6423
-2.3504
-1.6234
-1.6824
-4.2043
-1.5649
-2.2595
-0.8297
-2.2576
-2.9032
-0.5040
-2.1594
-1.8348
-2.2773
2.2185
-0.8494
-2.9172
-2.5290
-1.1995
-1.0099
-2.2663
-1.9595
-1.0803
-2.8825
-1.6378
-0.7111
-0.1415
-2.6624
-1.0292
-1.7753
-1.5461
-0.3254
1.7102
-2.5226
-2.0044
1.6296
1.0899
1.4631
-1.5496
0.2222
-1.8093
-0.1252
-0.9694
0.2618
-1.0349
-0.1659
-1.2109
0.1598
-0.3636
1.6574
-0.4341
-0.8114
-0.4973
-0.3346
0.0189
0.1002
-0.1463
-0.2012
-0.0757
0.0737
-0.2424
0.0641
-0.0138
0.0683
-0.1040
-2.4453
-0.7720
0.3197
-0.2434
-0.2084
-0.1941
0.6600
2.4455
-0.9630
-1.4443
-1.6357
-0.7823
-0.3950
-0.2193
-3.2968
-1.7944
-1.8353
1.3379
2.0057
-0.3084
1.1221
-0.0961
1.4754
-1.2272
-1.0000
-0.8921
-0.6404
0.6608
2.2984
2.2492
-0.0187
-2.2218
-5.5402
-2.7476
-2.2719
-0.3829
-4.9567
-0.5867
-1.5729
-1.8094
0.4181
-3.6536
-4.1983
-3.5073
-1.1467
-1.3418
-6.4067
-1.5318
-2.7535
-6.0128
-7.8407
-0.6012
-5.0511
-1.8343
8.9120
-3.8910
-3.1665
3.2261
3.5333
-3.2366
0.2392
-2.4585
-1.2745
2.5699
0.0718
-3.3974
-1.5241
2.6127
-2.0770
-1.7146
-1.2566
-1.8701
-1.7706
1.3072
-1.6548
2.4068
-1.4097
-1.9767
-2.5799
3.8089
-2.2867
-2.4885
-1.1248
-1.2520
-2.8690
-2.5955
-3.1723
2.6059
-0.4663
-1.1564
3.1287
3.7969
-1.6861
-0.9314
2.2717
2.7405
1.8242
3.2412
3.0141
-2.2442
-0.6231
-0.9761
3.2842
-1.3296
2.7782
3.0424
-0.6732
4.1183
1.2104
2.4874
0.8674
-1.0823
1.3626
0.8512
1.2166
2.1801
1.9692
0.4589
1.2421
1.1167
0.9479
0.1671
1.1287
-0.7805
1.2827
0.6498
1.0796
1.4781
0.9444
-0.2702
0.5035
1.0574
0.4267
0.0894
0.0053
-0.1266
-0.0752
-0.0242
-0.2749
0.6356
-0.7261
-0.3685
-1.7527
3.9139
-2.1623
-0.0432
-1.0742
2.0113
0.4454
-2.7931
-1.0953
1.0942
-1.3505
2.1650
-9.8425
-5.8380
-3.3082
-0.7063
-0.5258
5.0531
1.2147
-1.6556
2.4481
-2.1958
-0.9814
3.5674
-2.5657
-5.6678
1.7873
-0.2288
-9.7032
-3.7526
3.1906
-6.8140
-6.3845
-3.1796
-5.8907
1.6552
-0.6609
-1.4818
-3.0075
0.3026
-8.4779
-5.1200
-0.0990
2.6847
-3.4494
0.8483
1.5450
3.7257
-5.9714
-0.4911
0.9198
1.9309
1.8304
-4.1793
-6.2416
-1.4062
-2.6358
2.2613
-3.0824
0.3036
-2.1812
-0.6043
-1.5771
1.2809
-0.8777
-3.7201
-3.7526
-2.6035
0.3175
-2.2332
-6.3358
3.2548
-6.1893
-2.1151
-1.3537
-3.0757
-2.1344
-2.8163
-3.0967
0.4887
2.8202
2.0766
0.0140
-1.7841
-1.4765
-1.0452
0.2069
-2.8704
-2.0975
-3.5939
-0.0483
-1.8846
-1.9583
-4.4894
-0.0231
-2.0946
-0.6859
0.3977
1.1848
-4.1042
-2.2343
-3.3485
-1.1129
-3.6058
-0.2752
-0.4359
-0.0976
-3.2478
-1.2448
0.5411
-0.0086
-0.9355
-1.8787
-1.9054
-1.4008
0.8922
-0.1173
0.4824
-1.0815
0.6297
0.0632
-1.8033
-0.4100
1.0295
0.0423
0.1129
-0.3727
-0.9547
0.1204
-0.6465
-0.3048
-0.1693
-0.0960
-0.0938
0.0571
-0.0196
-2.7346
1.3533
-0.1059
0.5667
0.1474
-1.4692
-1.6105
0.1147
-0.0716
-0.3942
0.5540
-0.4068
-0.9042
0.0258
-3.2047
0.9131
2.0263
1.7205
-0.2866
0.0967
1.0629
-0.2245
2.4399
0.1633
1.4193
1.0995
-0.6850
1.4870
0.1236
-0.4280
-0.0453
-7.0622
-1.0342
-1.7080
8.9608
6.1920
-3.6121
-2.8351
-2.4825
-5.3731
-2.1372
-2.4863
-2.0547
-4.3940
-4.7349
-3.0534
-1.4798
-0.0520
-3.5216
-3.2742
-3.5993
-1.2770
-4.6272
-4.0497
3.0505
0.8514
-1.3587
-1.1644
-1.8502
1.6441
-0.8256
-1.8398
-2.8535
-2.1186
-1.1066
-2.1251
-1.9329
-0.7603
3.0761
-0.1513
-2.1296
-2.3065
-0.7833
-1.7031
-2.8192
3.5187
-1.6922
-1.3138
2.1260
-1.5303
-0.5067
-1.6876
3.6780
-2.5158
-1.1143
-1.1469
7.1794
-1.5853
-2.5749
-0.6128
-1.4498
-2.4494
-1.8512
-0.9548
-1.5315
-1.4107
-1.9429
-1.6654
-1.7058
-2.2383
-2.4655
-0.3034
-1.6844
-0.9471
-0.0482
-2.4706
-1.8361
-1.5843
-2.0524
-0.7705
0.0122
-0.2461
0.6118
-1.4337
-1.4309
-1.7024
-1.2347
-1.0494
0.6428
0.0411
0.3094
-0.9510
0.5276
-0.5727
-0.4825
-0.8083
0.8179
-0.6209
0.5534
-0.4838
-0.5822
0.7149
-0.1375
-0.3246
-0.1209
0.0681
-0.1263
-0.1081
0.2412
-0.7078
2.3198
0.5285
-7.7385
-6.5497
-2.3278
-1.7792
-2.7848
0.0323
-0.2930
1.1542
-0.8448
-1.2409
1.3129
0.0903
-0.4525
-2.2215
-2.8786
3.8980
-5.0758
0.0056
-1.3079
-0.8621
0.0336
0.5918
-0.0102
-2.4235
-0.3033
1.5073
0.2387
0.1466
-5.1714
-6.6513
-1.1300
1.1054
-4.2781
-2.0763
-0.9308
0.5631
-1.4677
-5.7742
-4.8808
-3.1031
-2.2501
-4.4147
-3.4911
-2.9927
-1.0679
-3.1732
-3.1253
-3.7047
-0.9455
-2.0748
-4.3018
0.5176
-0.8399
-0.3193
-0.4392
6.8919
-1.5428
-1.0362
-1.6260
7.5537
5.7039
-0.6983
-1.7024
-1.0000
5.2827
0.0031
-0.7003
-3.8925
-0.2705
-1.5033
1.3207
-2.2197
3.0526
-1.1898
-0.2395
-1.3479
4.5395
-0.7661
-1.3717
-0.6058
2.4937
-0.1913
-1.8907
-0.1511
4.1179
1.5453
-1.3595
4.9500
4.2623
-0.0685
-0.4984
4.6761
4.7897
-3.0399
-1.9769
4.0446
-1.3251
0.2818
-0.2735
-0.4034
-0.3931
-2.2517
5.5679
-1.1627
-1.2670
-0.7671
-1.3162
-0.4456
3.4680
0.2066
-0.9124
0.8260
3.4237
0.9460
0.4920
0.2773
0.8075
0.4511
-0.0139
0.4007
0.5434
-0.7946
0.2191
0.2644
-0.1250
0.2186
0.1083
-0.0046
0.1367
-0.0529
-0.0235
-0.0647
0.0293
0.1729
-0.0803
-0.1331
-4.8902
0.3938
-0.3113
-1.9191
3.8192
-0.0095
0.0001
0.4753
-0.9549
-2.0174
-3.1040
-0.6183
0.3547
-1.1661
-1.9875
-0.1127
0.2149
0.0409
2.7063
-4.7002
2.6254
0.3716
-1.8519
0.8073
-0.6349
0.3594
2.6176
-3.4219
1.4541
0.4102
-0.0127
-3.0346
-3.0712
1.0717
-4.9314
-0.2327
-1.6443
-4.7881
-3.0504
-4.2993
1.1391
1.3934
-3.2936
8.2610
-2.8030
-0.3839
-2.7240
0.2398
4.2420
-3.6283
-1.4685
-2.5636
3.0557
0.4298
-1.7841
-1.1974
0.2126
-1.3388
-1.4057
-0.3501
3.1796
-1.8575
-1.2586
0.6884
-1.0566
-1.4638
-1.0260
-0.6168
-1.0583
-0.5241
4.6071
-0.9079
2.7592
0.4412
0.6204
1.5671
-0.5551
-0.8177
-1.2991
-0.0942
-0.6446
-0.8944
-0.6698
0.0840
-1.5695
-0.2771
4.2383
-0.3781
-1.2152
-0.4515
0.6156
0.5729
-0.4300
-0.1052
-0.2224
-0.6406
3.2619
-0.6780
0.6249
-0.0968
-0.0707
-0.6251
-1.0483
-0.1056
-0.5047
-0.6372
-0.5150
-1.7392
-0.3930
-0.9469
0.4364
-0.4718
-0.0986
-0.3989
-0.0947
0.0634
-0.4132
-0.3250
0.2759
-0.3059
0.4203
-0.3101
0.6096
-0.2622
-0.4452
-0.2076
0.1560
0.7384
-0.1176
-0.0032
-0.3667
0.2856
-0.0680
0.0535
-0.1194
-0.0425
0.0665
0.0109
-0.0884
-3.6112
1.0357
-2.2545
-1.3774
-0.7308
-4.2962
3.8155
-1.7746
0.6559
-2.7127
-1.8495
2.5055
-2.6381
-2.4801
1.6023
-5.2657
-5.7403
-1.0925
-0.5893
1.4756
-0.5079
2.2747
-2.2975
-0.9362
-1.2409
0.0732
-4.3085
1.9033
-2.5555
-1.8304
-0.0647
-4.8681
0.1689
-4.6565
-2.4264
1.0841
0.2364
0.0893
2.8565
0.9778
0.0486
-2.1734
-4.0569
-0.7956
-3.3000
-0.6800
-1.1774
-4.8248
-4.2293
-4.2485
-4.5091
-2.6682
-5.3138
-2.7875
-0.3903
-1.8403
-4.0600
-3.9180
-2.9144
0.2252
-0.5679
2.0119
0.7835
-1.6604
-1.1783
-0.9101
-2.2810
-2.1408
0.8848
-1.5705
-3.2091
1.1889
0.5624
-1.7672
-2.6419
-0.6267
-1.4403
-2.2692
1.5629
-2.5080
0.6214
-0.0300
-0.7704
-0.8539
0.7100
-2.9715
2.1215
-1.2913
-2.3262
-2.4953
-1.4101
-1.3925
-0.0233
0.8412
-1.1520
-0.2343
3.1201
-0.9688
-0.8905
-1.1506
-0.2028
-0.2238
-1.5459
-1.4763
-1.3326
-2.2913
-1.4914
0.0810
2.3104
1.0080
-1.6607
0.5160
-0.1505
0.7220
0.0748
-1.5561
-1.1396
0.7980
-0.4835
-0.2492
-0.2210
-0.1981
-0.5704
0.4628
-0.4794
-0.4829
-0.8348
0.1906
-0.2523
0.0329
0.0581
-0.6679
-0.0685
-0.0094
-0.3157
-0.0414
0.1287
-0.0995
-0.0530
1.3340
-0.3158
-2.7354
-1.5791
-2.6901
-1.7817
3.5250
-0.3032
-1.9804
-0.6360
-1.2314
-6.4828
1.1670
-0.7221
1.6463
0.0998
-3.6432
0.5805
2.3689
-0.1394
0.3726
1.4371
-5.2746
1.5372
-1.8534
-1.0212
-0.9858
-0.7956
-0.9877
0.4899
0.0325
-3.8581
-3.7135
-6.1488
-4.6440
-1.7330
0.9493
-4.6006
-3.6055
-4.6024
0.9513
-2.9167
-0.0821
-4.9369
0.4929
-1.8786
-1.9941
-4.3998
-0.0035
-5.4899
-0.4323
-1.6920
-6.0220
-1.7250
-0.5025
1.7107
-0.5598
-1.4619
-1.7087
-2.4826
-1.5193
-1.1354
-2.5189
-0.3704
-0.4711
0.6116
1.9326
0.7380
-0.6208
0.0108
-0.2716
-1.2351
0.3664
-0.3728
-1.1448
0.0176
-1.6168
0.7814
-0.6555
0.1000
-0.4210
-0.9941
-0.7467
-0.6707
-0.7393
-0.9083
-0.8829
-0.8410
-0.5584
-0.3011
-0.5074
-0.3827
1.1629
0.5125
-0.3662
-0.8165
-0.2757
1.3383
-0.5206
-0.5428
-0.1849
1.9861
0.2022
0.8983
-0.3891
-0.3732
-0.3330
-0.4300
-0.1628
0.7501
-0.0124
-0.2435
-0.1983
0.3382
-0.4798
0.8825
0.0454
-0.2846
-0.0844
0.0132
-0.1293
-0.2155
-0.2052
0.5915
-0.0387
-0.1445
-0.0514
-0.1181
0.0099
-0.0130
0.2033
0.0457
0.0581
0.1822
-0.1027
-0.1428
-0.1650
-0.0097
0.0447
-1.8880
1.9042
-8.5761
-1.5663
0.3730
0.1345
-0.5255
-3.3204
-1.7195
-1.6211
1.7329
0.6494
-1.0423
-3.2980
1.4545
-1.2769
0.0681
-4.3553
2.0181
-0.7403
0.0657
0.9027
-2.4474
2.0210
-0.1754
-1.4748
-3.3784
-4.5400
-4.4713
1.1039
-0.1517
-1.8277
1.8223
-2.8509
-0.9569
-3.9107
-4.1451
1.9375
-3.8615
-5.1849
-3.1202
-1.3463
-7.3452
-2.8684
0.0636
-5.7640
-3.5367
-2.6500
0.4378
-1.3051
0.6030
-4.8505
-2.2492
4.0007
0.3524
-0.3575
-0.9067
1.8698
0.3277
-2.9509
-3.3671
-2.4404
0.4486
0.4491
-0.3058
-1.3740
-2.0044
-0.0659
0.3972
-0.2092
0.6220
-1.7373
-0.9214
-1.0360
-0.0052
4.5078
-1.4327
-0.0419
-2.6459
-1.1464
-0.1034
-0.1331
0.2712
0.7335
-1.3429
-0.2317
-0.3021
-0.2837
-1.2747
-0.1603
1.9449
0.6362
1.4873
-0.3412
0.7311
2.0233
3.2554
0.7466
1.4952
-1.6831
-0.2076
0.8402
3.1020
2.8978
2.6453
2.5479
1.6072
1.3948
0.1806
2.2567
2.0514
2.0891
0.9987
1.0454
0.2090
2.3675
1.1087
0.8202
0.7978
0.6079
0.2170
0.7336
0.9013
0.5118
0.4293
0.7564
1.1684
1.4603
0.9445
0.0426
0.5024
1.2481
0.2004
-0.0258
0.2807
-0.0028
0.0516
0.0091
0.1584
0.0649
1.0109
-2.2429
-7.9532
-0.9624
-1.4100
0.2892
6.1157
0.5331
-1.8932
0.8279
-3.0425
-0.4792
-3.2633
1.1393
-0.5252
-2.5812
-2.7034
0.1284
2.3212
-3.6398
-0.8790
-0.3600
-3.2982
-0.0467
-4.4741
1.3311
-3.5226
3.3961
3.5924
0.2164
-3.3652
-7.0799
-2.3901
-7.1154
-2.5109
-8.7957
-3.8482
-5.7302
-4.2134
-6.0061
-3.7277
-3.4638
-4.2347
-6.9604
-2.7024
-3.2228
-5.8955
-3.8391
-4.0080
-4.1116
5.1265
-3.8160
-2.3263
2.4424
-3.3597
5.4513
-2.0929
-3.9215
1.2455
1.3318
1.6086
0.3445
-2.9679
1.1683
1.9758
1.4560
-3.5445
3.5882
1.7134
-3.5565
1.4857
3.7868
-1.5725
2.0015
1.8228
2.5346
2.1551
4.2220
-3.7459
2.0426
2.0744
-0.7938
-0.0433
-1.8969
1.3243
-1.6817
-3.3102
-1.1227
3.0144
-1.6962
-2.4606
5.4021
1.3102
-3.0481
-2.2929
-2.2243
0.5114
-2.3574
-2.3440
2.3431
0.6996
-1.0204
1.7969
-2.0506
-1.1484
4.3195
0.2429
0.6760
0.8814
1.2968
-0.0989
0.9274
0.0320
0.3473
-1.0236
-0.7232
1.6731
-0.0408
1.3301
0.4322
2.1883
0.1977
0.4789
-0.8200
-0.5847
0.1275
0.2836
0.3976
0.4190
0.0219
0.3110
-0.1021
-0.1093
0.0084
-0.0782
0.1160
0.0520
-0.0787
1.0220
-0.1049
-1.3016
0.5001
0.0775
-0.0634
-0.2002
-1.9197
-0.2829
2.0728
0.9477
1.8559
0.0565
-1.0017
-5.0599
-2.9404
1.7861
-0.0388
-2.8714
0.2386
0.2018
-0.2661
1.2471
0.7191
0.1130
1.6433
0.5719
-0.9062
0.4059
0.9603
-0.4607
-3.4894
-4.9962
-2.8404
-1.9165
-1.6875
-1.8513
-2.3573
-2.3611
-2.6338
0.2285
-2.4763
-2.0401
-2.5696
-3.4376
-0.3432
-1.5696
-2.9052
-6.7249
-2.0876
-3.0688
1.9294
-2.3112
-1.8730
-3.5489
-1.8875
-3.3889
-2.8893
-3.0110
-2.6527
-4.6398
-2.6053
-1.0606
-3.9496
-3.0598
-2.1681
-4.1232
-2.9695
-3.6375
-2.6824
-1.9185
-1.4417
-3.2211
-3.0856
-3.4546
-3.4876
-3.3304
-2.9256
-3.5927
-3.4547
-3.1777
-3.0206
-3.3238
-2.7603
-1.5484
-3.5668
-4.9460
-3.1790
-2.0082
-3.6589
-3.7995
-2.8466
-2.9494
-2.0519
-3.0796
-2.7071
-4.9206
-4.4629
-3.3787
-2.0213
-2.9853
-3.0309
-3.2473
-3.1755
-3.1116
-1.9939
-0.0271
-4.0326
-2.8579
-2.6138
-3.0839
-2.3444
-2.4106
-1.4764
-2.2971
-2.5076
-2.6870
-1.8963
-1.0679
-1.9662
-0.8324
-1.8207
-0.5320
-0.6350
-1.5751
-2.7074
-0.1139
-2.4052
-0.3315
-0.9105
-1.5509
-0.1259
-0.8743
0.3831
-0.6489
-0.2084
0.0275
0.1465
0.0089
1.4528
-0.8119
0.1080
-0.0757
0.9485
0.2398
0.6223
-1.2368
0.4418
-0.2683
1.7336
0.8020
0.6186
-0.5045
0.5381
1.3710
1.3663
0.8960
-0.2589
-0.1046
-0.0775
0.4109
0.0528
0.8187
0.3521
-0.8330
0.5047
0.7170
0.9673
-1.1416
0.1379
-5.7749
-9.4642
-2.2145
-1.5537
-7.1319
-1.2742
-6.7536
-2.8447
-5.7153
0.9372
-4.9636
-3.1986
-5.6279
-1.0136
-0.4754
-1.2770
0.1035
-4.1689
-0.3223
-1.5927
-2.0941
-0.7314
0.7708
-1.8089
-1.9542
1.1517
-2.6726
-2.3286
0.4153
-1.0329
-1.7032
2.3762
1.7737
-0.1366
-2.4593
1.2665
1.9306
0.8849
-1.7163
-1.1977
0.0898
-0.5177
-0.1529
-0.4013
-1.0611
-0.2094
-0.7257
-0.0238
0.6602
0.2975
0.0394
1.1406
3.8451
-0.5330
-0.9918
3.3627
0.0588
-0.2698
0.3282
-0.5428
1.4988
3.6453
-0.9441
0.7978
-0.2300
-0.7635
5.7282
0.1413
-0.1969
2.0184
0.6176
-2.2561
1.3182
2.5210
0.4223
-1.3772
-0.4907
-1.6600
-0.5278
-0.0270
1.9063
0.6032
0.4448
0.2256
0.6054
-0.6090
0.2728
0.6187
0.7230
0.8595
-0.0436
0.2498
-0.6125
0.8827
2.0940
0.0791
0.3866
0.2620
0.1962
0.2308
-0.0920
0.2957
-0.0398
0.0420
0.0468
-0.1455
-0.1259
0.0055
-2.1834
1.8248
-0.8378
-0.2819
-1.9060
-0.6457
-0.8197
1.6448
0.0871
-0.0730
0.4196
-0.7346
-0.0888
-0.7648
0.0192
-1.0061
0.7285
-2.4585
0.6391
-0.7348
-0.1566
-0.3277
-2.0722
1.1959
0.7261
0.4224
-5.0227
0.1318
1.2625
-3.1384
-0.1922
-2.8843
0.1234
-8.3950
-1.6008
0.3817
-5.9820
0.6700
-3.7429
-6.1264
-2.6893
-0.0395
-5.3609
-7.0298
-3.4697
-4.1897
-2.1309
-7.8648
-0.2023
0.0145
-3.9394
-2.0593
-1.0314
-4.1559
-2.9677
-5.3433
-2.3424
-1.3966
-3.7700
-1.9691
-2.6944
-2.3810
0.8339
-1.1204
-2.1964
-2.4782
-2.3347
-1.4079
-0.9171
-1.7250
-2.0347
-1.6238
0.2369
-2.4743
-1.3777
-3.8816
-1.2574
-1.3165
-2.5235
-0.2977
-2.0362
-2.3019
-0.5604
-0.7217
1.1160
0.8195
-3.3707
-0.3379
-0.7885
-0.9125
0.4050
-0.2517
-0.0569
-0.1023
-0.2673
-0.5819
-0.4613
0.2063
0.3284
-3.0094
-0.7476
-1.8664
2.0048
-1.1928
2.1331
-1.0270
-0.6959
-1.2805
-0.7678
-0.9200
0.6076
-0.8490
-0.6112
-0.3739
0.1122
0.1142
-0.8139
-0.5177
-0.3169
-0.5695
0.0158
-0.2134
-0.3615
-0.0486
0.5307
-0.6567
-0.1994
-0.0767
-0.1879
-0.0865
0.3990
-0.2211
0.3143
0.0888
-0.2335
0.2289
0.2237
0.1485
0.1204
-0.5404
-0.6546
-0.3466
1.1931
1.6191
0.6362
-1.5747
-0.8169
1.1155
-0.3838
-0.1390
1.2631
0.5898
-3.0011
1.3551
-0.0697
0.1023
-0.1921
-0.7799
0.3179
3.3470
0.1633
0.5687
0.1425
-1.0886
-2.9402
2.1428
-1.1825
-3.4243
1.4495
-0.0753
-5.9286
3.2831
-0.1066
-3.0228
-3.9004
7.4419
-3.0827
-2.5758
-0.4366
1.6057
4.6869
1.2418
-2.1020
-0.1224
-4.0246
-4.3624
0.6924
-3.9701
-4.3378
-2.2309
-1.0548
-1.7269
-2.4366
-0.8094
1.7169
-1.6151
-3.0301
-0.8603
-2.1300
-1.1702
-2.1771
-3.9689
-0.6925
-0.9581
-1.3777
-1.0937
-0.7652
0.1792
-0.7958
0.3642
1.1369
-1.3773
-2.3801
-1.5944
2.8330
0.5438
-0.1414
-1.7384
-0.7679
-0.6689
1.1205
-0.3512
-0.4197
-2.3375
-1.2277
1.6457
-0.5453
-1.1069
-0.7395
-0.7771
-0.5314
-0.6252
-0.5885
-0.2450
-0.3591
-1.2524
-1.0472
-0.7685
-1.4681
-0.7830
-0.6828
-0.9934
-1.1110
-0.4419
-0.5815
-2.3878
-1.5874
-0.4184
-0.1965
0.1582
1.2386
0.1603
0.0123
-0.1605
-0.5826
-0.1704
-0.6266
0.4027
-0.3055
0.1315
-0.1562
0.1170
0.5276
-0.2022
0.6318
0.0704
0.0260
0.1262
-0.1464
-0.1402
0.1078
-0.0416
-0.0478
-0.1010
0.0383
0.1479
-0.2950
0.1023
-4.6117
-1.1523
-1.1812
-0.8902
-3.3582
2.5846
0.3394
-2.3500
-1.5099
0.3969
-0.7939
0.6165
-1.0644
1.2929
3.7451
-1.0112
-0.6263
-9.9091
0.2332
0.0542
-0.3538
0.1274
0.5713
-1.5094
-2.0508
-0.3475
0.6455
-0.3852
-2.8293
-2.5235
-0.0470
-3.6974
0.3923
-4.6300
-4.6169
0.3352
0.4408
6.0799
-2.9835
-1.5723
-1.9354
-4.5343
-1.0500
-3.1140
-0.5341
-3.4557
1.0156
-3.6456
-0.3996
-1.9911
-5.0622
-2.0701
-1.6509
-0.0369
-0.3346
-1.9786
2.5852
-0.2600
0.8905
-1.0183
-4.5078
-2.0350
-2.0558
-1.9621
-0.8656
-3.8668
-1.8341
-1.4044
-0.5948
-1.1415
-2.7862
-2.4163
-1.6297
-0.7527
-3.3224
-0.1475
-1.8524
-0.8219
-0.3571
-1.1218
-2.4911
-2.7386
-1.0382
-1.2259
1.7189
-1.3857
5.1457
-0.8848
-2.0915
-0.5291
-0.6955
-0.6084
-0.9790
-0.7345
-0.1302
0.2313
-1.0677
0.3433
-0.8643
-0.8726
1.2516
-1.4649
-0.6552
-2.9935
-1.1893
0.3625
-2.1428
-0.0412
-0.9252
1.8798
-0.7389
-0.0382
-0.1564
0.0519
-0.1413
0.0831
-0.4439
-0.9296
-0.2776
-0.2203
-0.3101
-0.8812
-0.2572
-0.3674
-0.0908
-0.5029
-0.3273
-0.3325
-0.7297
-0.2456
-0.2499
-0.5317
0.0075
-0.1366
0.0136
0.0592
0.0341
0.0338
-0.0146
-0.0781
-0.7757
-1.1173
-3.7678
-2.5979
-2.3287
-0.8088
0.9740
0.4567
0.3241
-1.7673
-2.1409
-0.3144
-0.2401
1.3747
-4.9690
-1.0420
-4.1537
-2.4953
-0.0691
-1.1041
0.3855
-0.1440
-3.5465
-1.3770
1.9140
1.8194
-2.6238
1.3029
0.0408
-0.1692
-6.7701
-7.7098
-4.9575
-1.6247
-5.6126
-5.0945
-5.3028
-3.3555
-0.5752
-5.7361
5.9915
-0.3440
-3.7549
-0.2431
-0.2629
-4.8181
0.6198
-6.9266
-1.3384
0.5945
-3.5466
2.5474
-2.3707
-1.7748
-2.5467
-2.0282
-3.5171
-3.7787
0.5053
0.7291
0.1231
-4.6012
-0.9632
0.3955
1.0011
1.6782
-0.7017
0.2575
1.5828
-2.3506
-2.1106
0.2681
-2.0627
2.5898
-2.1628
1.1495
-1.5971
-1.6446
-1.8944
-0.3968
1.1228
-1.8137
-1.3251
-2.2487
-0.6290
1.0406
-1.7271
-1.2879
0.3555
-0.0829
-1.4389
-0.3141
-0.4266
-0.6534
-1.0154
-0.5454
-1.4711
-0.9810
0.4698
-1.1123
1.7894
-1.2815
0.0254
-1.3803
-0.7957
0.1522
-2.2179
0.1794
1.0008
-0.7711
-0.9458
-1.3928
1.1136
-0.6866
-0.4512
-0.8001
0.1881
-0.8492
-0.9448
-0.9900
-0.2197
-0.8064
-0.2279
-0.2263
-0.5506
-0.8299
-0.4750
-0.4430
-0.2530
-0.0651
-0.3554
-0.1051
-0.0904
-0.3587
-0.0258
-0.0312
0.0286
-0.0254
-2.0483
0.7367
-0.3493
-2.5922
-0.2149
1.6767
-0.2222
2.3396
-0.0444
-0.7820
-0.3882
-0.1245
-2.5994
1.4010
3.2708
-2.5271
-1.3049
-1.3214
-0.7682
-0.5428
1.3795
-2.0704
-2.6806
-1.1986
1.2897
-0.7356
-0.4787
0.1077
0.7885
-1.7766
-0.3389
-2.3499
8.0672
-2.5910
-4.8035
-0.1303
-4.3494
3.9996
-2.5358
0.3085
-3.0062
-5.1704
-5.7401
5.2961
-1.8585
-2.5001
-1.3079
-2.4128
-0.5314
-3.9366
0.1051
-2.5402
-4.7541
-3.7571
-3.0708
-2.7593
2.5918
-2.9348
-4.3632
-0.6281
-1.8910
-1.9865
1.1795
-1.9372
-3.4203
-1.1342
-1.1183
-1.2010
-0.2597
-2.3192
-3.3885
-1.0744
-2.4295
-1.8091
-2.5169
-0.9666
-1.8151
-1.6808
0.4199
-1.5200
-2.9431
-0.8799
-1.9687
-1.1454
-2.6751
-2.5924
-4.0156
-1.9155
-2.1179
-2.5223
-1.1728
-1.8125
0.3600
-2.1942
-2.2207
-2.0274
-2.7624
-2.4164
-2.3479
-2.3939
-1.7564
-2.1341
-2.1920
-2.0785
-1.1854
-2.3018
-3.1721
-1.9703
-1.6201
-1.5688
-0.6485
-0.0556
-0.8491
0.9083
-1.9274
-1.8260
-1.5103
-1.2234
0.2016
-1.0129
0.5898
-0.8921
0.4947
-0.1933
-0.9839
-1.2297
0.7379
-0.7029
0.4288
-0.3458
-0.8019
0.2344
-0.4565
0.0255
-0.1698
-0.5065
-0.0579
-0.0876
0.0911
-1.6229
0.0222
-0.0666
0.8742
-0.7165
-1.8571
1.5659
1.6158
-1.5156
-1.1975
-0.3832
-2.7398
1.1138
0.1608
-1.2687
-1.4341
-0.8377
-2.5200
-0.5171
-0.8317
-1.1276
-0.0819
0.7031
-0.0262
-0.2493
0.8987
-1.3011
-1.4931
-0.1505
1.6119
-0.0566
-6.1844
-1.9197
-0.9031
-4.6627
-4.0478
-1.0469
-6.0670
-0.2350
-0.6360
-1.3778
-3.3396
-0.9833
-6.3796
3.7165
-2.0710
-3.4056
0.5335
-0.5816
1.8894
1.1253
-3.7026
-0.2045
-2.9611
-2.1820
-5.6199
-2.9288
-1.7741
-1.1295
-1.3648
0.0373
-1.6413
-0.4512
-0.6131
1.6924
-2.1596
3.1243
-0.9989
-4.0879
0.1062
-2.1433
-3.0799
-0.5889
-2.6335
-1.4301
-0.5160
-0.6146
-0.7238
-1.1335
-2.1874
-0.0289
-1.1262
-1.7093
-0.6897
1.5193
-0.6862
3.6934
-1.9343
-3.3210
1.7889
-1.1748
-1.8642
-1.6477
0.5105
-1.2883
-0.7574
-2.8219
-1.8489
-1.2123
-0.3526
0.2306
-1.2100
-2.5049
-2.3803
-1.4281
-1.6383
-1.2414
-2.0118
-0.7992
-0.8895
-0.9142
-1.4713
-1.0400
-0.6061
-1.4809
-1.0190
-1.3185
-0.9351
-0.6463
-0.7111
-0.4701
-1.0500
-0.5857
-0.9596
-0.9026
-1.6278
-0.7018
-1.6365
-0.6222
-0.3516
-0.3742
-0.6874
-0.0584
0.0177
-0.4495
0.0761
0.0375
-0.0535
-0.1143
0.6651
-0.4687
-2.0379
-4.5754
0.0751
-3.3384
2.4014
-3.3606
1.5739
-0.5468
-0.6297
-0.1357
0.5642
0.4162
-2.9043
-7.9820
-3.8102
1.4307
-0.0044
-1.1289
0.3530
0.9023
0.5355
-0.3881
0.7386
1.4626
-2.9084
-1.2189
1.7416
-2.0282
0.0356
-3.9338
-0.0834
-7.2171
-1.6502
-6.6449
0.7662
1.9686
-7.6118
-1.7055
1.6401
-5.4176
-0.1606
3.3134
-2.8595
-4.0972
-3.7827
-3.8516
5.6975
0.4174
-2.6307
-1.6818
-0.1993
-1.9162
-1.3768
-0.2204
-1.2731
-1.2864
-2.5839
-1.7094
-1.5043
-0.7961
-2.0148
-0.3276
-1.4343
-1.4800
-0.7234
1.5032
-0.2831
-1.6702
0.0989
-1.3699
-0.9534
-0.8922
-0.9012
-1.8940
-0.4007
-0.7956
-1.5379
1.0613
-1.0208
-0.6876
-0.9984
-1.3940
0.3901
-1.0426
-1.7543
0.0811
-0.9707
-0.1679
0.6655
0.6599
-0.7618
-0.9017
0.5770
0.3759
-0.5052
-0.6352
1.1500
-0.1983
-1.1874
-0.7584
-0.3021
-0.4563
-0.3633
-0.0768
0.3233
-1.0520
-1.8215
-0.0958
-0.0004
-0.5623
-0.0556
-0.0974
-0.2757
-0.1076
-0.2258
-0.0838
-0.1402
-0.4245
-0.4190
-0.0788
-0.3642
0.1531
-0.2549
0.1047
0.0147
-0.0060
-0.0740
0.2082
0.0542
-0.0088
-0.1537
0.0734
0.1023
-0.0861
0.1139
-0.2459
0.0656
-3.8683
-0.6577
-0.2772
-1.2785
0.2042
1.6025
1.7486
0.6838
-0.3591
-0.8918
-3.2626
-4.5461
-7.9985
-4.4310
-0.8106
-8.6565
-6.2593
-1.3151
0.3495
1.7545
-1.6653
-2.4117
4.3178
-1.3852
-1.6691
0.0880
-3.7759
-1.2321
3.2556
2.2804
-0.0114
-7.0016
-2.3781
-0.1816
10.1781
-3.9070
-3.5187
1.6344
-2.2894
4.0130
-3.1574
-3.6911
-2.1089
2.7221
-0.9127
-2.1716
-4.7227
1.0364
-2.2796
-4.7758
-4.6577
-1.9892
0.5797
-2.7495
-2.7327
0.1316
-1.7253
-2.7330
0.4125
2.9447
-1.8047
-1.4031
-2.4821
-1.4831
-1.3376
-1.7794
0.2406
-2.2727
-1.8221
-1.1409
-4.5099
-1.9334
-2.1095
-1.3707
-0.9138
-2.7257
-1.0838
-1.0667
-1.2222
-1.2717
-1.5247
-0.7596
-0.7297
0.3917
-2.3906
-0.5110
-0.7316
-1.2676
-1.7768
-1.0627
-0.9526
-1.1270
-1.0562
-0.3750
-1.2715
-1.4514
-0.7067
-0.9536
-1.8386
0.5835
-0.8963
-0.6888
-0.1481
-0.6107
-0.9337
-0.7247
-1.3617
-0.3234
-0.7686
-0.9405
0.4863
-0.2378
-0.2621
-0.3814
-0.7152
-1.2429
-0.4364
-0.3617
-0.2197
-0.3381
-0.0895
-0.3776
-0.0878
-0.2430
-0.6470
-0.6686
-0.0960
-0.1186
-0.0624
-0.1014
-0.2005
-0.1337
-0.3285
-0.0380
-0.0942
0.1148
-0.0984
-0.0432
-0.0612
-3.5954
-1.7995
-1.2619
1.2098
0.7745
-1.8110
-0.4886
-0.3097
2.4046
-0.5257
-1.5018
-3.0622
0.5244
-4.7679
-5.0836
1.2249
-4.5783
0.3444
2.0115
1.3212
-7.3850
0.2000
-2.7989
-1.5047
1.1848
0.0757
-0.5160
-2.6804
0.2540
1.6589
0.0288
-4.5801
-2.5198
0.1986
-5.6561
4.2065
-4.8717
-1.1156
-1.4189
-4.7247
7.8310
-1.4421
0.2373
-5.0309
2.5483
0.9119
-0.9677
-1.2707
1.2938
-1.2983
-3.5926
-2.1448
-1.8623
-1.9367
0.0784
-1.6936
2.1073
-3.3202
-1.6068
-1.0765
-0.4091
0.9748
-1.6693
0.8157
2.5921
1.4967
0.0497
-1.4942
0.3557
-0.5520
0.5681
0.6058
-1.7377
-1.4199
-1.9784
-1.0041
-1.4204
-0.1874
2.8431
-1.4629
-2.3150
-1.2760
-0.6682
-0.4358
-0.0263
-0.9305
-0.7469
-0.6844
-0.0939
-1.3927
-1.0768
-0.7459
-1.2702
-0.6404
-1.0269
0.9514
-1.2922
-0.6529
0.1114
-0.7657
-1.9693
1.3911
-1.1320
0.2566
-1.4249
-0.0959
-1.4215
-1.1106
-1.5031
2.3425
-1.3736
0.0860
-0.5692
1.2102
-0.9337
-0.1800
-0.4062
-0.3696
-0.4082
-0.2687
-0.2692
0.3776
-0.6248
-0.3620
-0.1128
-0.4268
-0.7830
-0.8800
-0.6876
0.0943
-0.1985
-0.5033
0.0213
0.0156
-0.0120
-0.0879
-0.2174
-0.1803
0.0129
0.5966
-1.9614
-9.1339
-3.1114
-2.0744
-1.7270
0.0431
-4.7214
-1.0874
-0.1353
-2.3231
1.9735
-0.4406
-2.7604
1.5426
-1.0836
-0.9406
-0.7401
-0.7915
-1.3375
2.3854
1.7303
-3.2974
3.3631
-3.2876
-1.0307
0.3529
-6.6682
-3.3790
-0.3937
-0.0916
-2.8991
3.3187
-2.6919
-1.5271
-0.5584
0.9840
-4.2020
-7.3890
-2.3086
-1.4868
3.2847
-3.0563
2.3351
-1.1249
-1.5224
-4.0457
-0.2464
-1.1964
1.1481
1.9574
-3.8694
-2.9227
-3.1226
-1.1863
-3.5849
-1.4668
2.1393
-4.7730
-0.5548
-1.2132
-3.7906
-4.0459
-2.8541
-2.2200
0.8036
0.1815
-2.7870
-0.3684
-2.8262
4.2893
-2.9255
-3.3693
0.4072
-2.8004
-1.5783
-1.8849
-1.1066
0.7409
-2.7318
-2.7610
-1.6054
0.3960
-0.4168
0.8675
-0.2427
-1.8476
-1.8683
-1.5047
-2.1906
-1.5532
-1.9964
0.5734
-1.7911
-1.8371
-1.8853
-0.7322
-0.9373
-1.2032
-1.4759
-1.4114
-1.2482
-1.4655
-1.5420
-1.1334
-1.3890
-1.5829
-1.3752
-1.2601
-0.7857
0.6499
-0.5188
-0.1439
-0.7292
-0.9939
-0.7255
-0.7787
-0.6570
0.0412
-0.3624
0.1780
-0.9501
0.7017
-0.2124
-0.1703
-0.7711
0.7832
-0.5165
0.2149
0.2419
-0.1775
0.4379
-0.1598
0.1091
-0.1918
-0.0788
0.0632
0.0379
0.0100
-1.1875
-0.1258
-5.1684
-0.9127
1.7183
-1.3670
-1.2328
-4.2863
0.6041
0.1189
-0.1701
0.1955
-1.2572
-1.1433
-0.7576
-2.4177
2.8144
-0.3989
0.6316
1.5106
0.0073
-1.5185
1.8431
-3.8489
0.4044
-0.7472
0.5516
-1.5643
1.2984
-0.2375
-0.0244
-4.5762
-1.2846
-2.7659
2.8017
3.0760
-3.4256
3.2141
-1.8497
-8.6864
-4.9343
-5.0270
-2.2066
6.1125
-3.9388
-5.4929
-2.7000
-0.4869
-5.9750
-2.7962
-7.5970
-1.8553
-7.2162
-5.2083
-0.6741
-2.4719
2.9558
1.1225
-0.2369
0.5735
-2.2191
-2.7343
-4.4770
-0.5747
-3.3513
-1.1891
-2.0628
2.3763
-2.7446
-1.0004
-1.1121
-1.7221
-2.9067
-0.5800
-3.2273
-2.8924
-2.3942
-1.5123
0.2690
1.5744
-1.3539
-2.7638
0.5474
-0.2579
-3.3232
-0.9194
-2.7077
1.0908
-1.7971
-1.8901
-0.1774
0.3252
2.5112
-1.6980
0.5710
0.5505
-0.6511
0.0198
0.9200
-2.8075
-2.3530
-2.3620
-0.4824
-1.9768
-0.7774
-0.6890
1.1096
0.8797
2.4107
0.4947
1.7184
0.0774
-0.6156
-0.7624
-0.3456
0.8245
1.0314
0.2240
0.7129
0.7819
0.4581
0.0929
1.1368
0.3949
1.0213
0.3917
1.4323
-0.2893
0.9876
0.0829
0.1814
1.2087
-0.0721
-0.0481
0.1461
-0.0215
0.1680
0.2203
-0.1048
0.5312
-0.6866
-7.6488
3.3822
0.9500
-2.5198
0.3385
-4.5457
3.4165
0.3435
-3.0924
0.2910
-1.5325
-4.1231
-1.6138
-1.1661
0.4522
-1.1080
-0.2426
-3.1011
-0.6011
-2.4339
3.5822
-4.2784
-3.1750
-0.3823
0.0386
-3.1561
-3.5352
1.0377
0.0242
-4.6543
-0.3470
-5.3253
-7.8001
-0.9649
2.4867
-7.7836
-1.9375
2.0913
0.8412
0.7430
-2.2675
-4.0382
-3.4857
0.0786
-5.0332
8.8064
-3.1388
-5.4508
-1.8949
-3.8288
-1.4243
8.5756
-1.2788
-4.7197
-2.5415
-0.7250
-1.7894
-4.2110
-3.7483
-3.8088
-0.5912
-2.2735
-2.0680
1.8302
-2.8328
-2.3888
-0.9573
2.9305
-2.7944
-2.9901
3.3376
-1.7185
-1.0603
-3.1164
2.4610
0.6611
-3.2745
-1.0275
4.0701
3.0917
-1.1873
-1.1504
0.9233
2.0601
1.5647
-2.5255
-2.7642
1.1215
-2.3167
-1.7410
-2.6255
1.7248
-1.9566
-1.7657
0.1725
-2.0309
-1.3104
0.6058
0.1706
-0.9627
-2.0214
2.9079
1.0431
-2.1944
-0.5939
-0.9863
-2.3746
-0.7224
0.0183
-1.4929
-1.1360
0.3559
-1.0557
-1.2913
-1.3194
-0.8113
-0.2421
-0.6300
-0.2631
-1.6139
0.3829
-0.9611
0.0542
-0.9856
0.0428
0.1194
0.1228
-0.5287
-0.6098
0.2528
0.1030
-0.1431
-0.5602
0.0495
-0.2697
0.2114
-0.2531
0.1077
0.5541
0.1316
-3.4919
-1.7306
-0.6183
0.4828
0.1346
-1.1094
-0.3623
-0.4239
-1.2818
0.4111
-0.4726
-0.1023
2.5378
-3.8545
-0.0812
1.9489
-0.1813
0.5430
0.1215
-0.7193
0.8083
-1.4986
-1.7662
1.5163
0.0239
0.3835
1.9043
-0.0144
-5.4455
-1.0416
-4.0494
-8.2376
-0.5955
-8.5500
-3.4348
-6.1735
-3.4573
-0.1602
-4.3914
-0.6269
-6.0743
-1.5305
4.9720
-2.4162
-3.0298
-3.7776
-2.5312
-4.4141
-1.4687
-6.3370
-2.1808
-4.2661
-1.2230
-2.0083
0.6133
-2.4635
-2.8004
-2.7360
-0.5166
-0.6265
0.7446
-1.1634
-1.2588
-2.6674
-1.3518
-2.6281
-1.9028
2.1272
-1.4558
-1.3955
1.3147
-1.7105
6.2855
1.1855
0.3851
-3.1877
0.6030
-0.9052
-0.6243
-1.6740
-0.0933
1.5378
-1.8519
2.8969
-0.3785
-0.4212
-1.5208
-0.3449
-0.2298
-0.8956
0.7954
-0.1823
-0.2311
-2.1827
-2.4850
-1.3325
2.7272
-0.8220
0.1951
-0.2004
1.6610
-2.0376
-0.5785
1.3949
2.8126
-0.7041
1.4292
0.6951
-0.8659
-0.2904
0.9090
-0.0480
-0.6155
-0.8299
0.1551
-0.1205
-0.1581
0.1721
-1.1892
0.4719
-0.7186
-0.8436
-0.8624
0.5798
-0.1472
0.2660
-0.0922
-0.3004
0.1590
-0.1578
-0.1791
-0.0956
0.1343
-0.0818
0.1178
-0.0663
-0.2559
2.5210
-0.1036
1.8492
0.5892
-0.9174
-0.4120
-2.0747
-0.8173
-0.1405
0.2223
-0.5507
-1.0424
-4.1042
0.6699
-3.1011
1.2301
-1.6355
2.5536
-0.5965
-1.3045
0.3045
-3.1704
1.3320
-0.4383
-1.0887
1.7032
-8.0967
-1.0668
2.1055
-0.2350
-6.6073
-5.2885
-3.1659
-0.2303
-0.6477
-6.3235
-4.0443
2.3602
-3.2130
-3.4300
5.7384
0.3081
-3.9362
1.0463
-0.4889
3.0596
-6.0569
-3.7149
0.0975
-2.1932
6.1054
0.6638
-2.4032
-0.6491
-5.2336
-2.7016
-4.5472
1.1272
-0.9868
-2.4773
4.3565
0.0333
3.2497
-0.0192
0.5756
0.2907
1.0178
-2.1213
0.9205
-0.1765
-0.3415
0.0627
-3.5741
-1.3148
3.8800
-0.7564
-0.3566
-1.9661
2.3675
-1.4815
0.1568
2.4432
4.3889
-1.4108
-0.6342
-1.5650
1.6022
0.0431
-1.5813
2.5438
1.4929
-0.6437
-0.9720
2.7155
2.0963
-0.9588
3.7252
2.3837
-0.2199
0.5939
0.0663
-1.4203
-0.1619
-0.4847
-0.2676
-3.1678
-0.7741
-1.1218
-0.7005
-0.0249
0.6851
1.6577
-0.1702
0.6026
-0.2022
-0.1546
-0.1012
1.2635
0.0664
1.0807
-0.3969
0.5992
-0.2714
0.1628
-0.3487
0.4813
0.0983
0.5464
0.1392
-0.2536
0.7271
-0.0420
-0.1174
0.0053
-0.0735
0.1562
-0.1419
-0.1998
-1.7229
-2.3409
0.6524
-1.8463
2.8928
0.6949
-0.8432
2.1258
1.5440
-0.4407
-0.9157
-0.5446
-0.5494
2.0407
2.3306
0.3668
-0.6275
-0.0330
2.1386
-0.9758
1.2164
-0.7976
-3.8041
-1.6357
-0.9505
-1.6556
2.0529
-1.5767
-0.0765
-0.3418
-0.0768
-4.0402
5.8880
3.3446
-1.6854
1.3307
-1.5290
-4.5960
-1.6101
-4.1448
-4.4036
-4.3577
-4.7100
-0.2084
-4.1515
-0.2608
2.3437
-0.9234
-4.2289
-1.8338
-0.8960
2.5591
-1.1078
-2.3409
0.3043
-3.2787
-3.5831
-2.5567
-1.4793
-1.8668
7.3939
-1.7415
-1.1163
-1.1099
-2.5748
-0.9658
-2.6348
-0.1183
-1.1536
-2.5351
1.5895
-1.7417
-2.6211
-2.8511
-0.3809
2.7160
-1.9586
-0.8465
0.6149
0.6378
-0.2317
-2.4405
-0.2937
-1.9740
-0.7231
-2.4469
-0.3669
-0.4260
-3.4606
-1.4986
-1.6643
-0.5825
-0.0009
-1.6681
-0.1518
-0.7369
0.6759
0.2005
0.2250
0.1009
0.4862
0.0380
-1.1214
-1.4037
-1.1085
-0.5621
-1.2651
-0.4315
-1.1184
-0.2902
-1.4129
0.0376
0.4723
-0.6590
0.4604
-0.1821
-0.3525
-0.3920
-0.5487
-0.4644
-0.1640
0.3476
-0.5274
0.1944
-0.3375
0.2801
-0.7252
-0.2647
-0.4963
0.1240
-0.0520
-0.8018
0.3079
0.0155
-0.1948
0.0621
0.1448
-0.1076
-0.0050
0.6688
-0.0878
-2.4989
1.0237
0.5856
-2.4851
-0.2824
-1.3862
3.0420
1.2620
-2.7100
-2.3580
-1.6373
0.8243
7.2264
-6.2691
-6.4687
-0.3539
0.9146
-3.6231
-0.8848
-0.9461
-1.3550
-2.5357
-1.3076
0.2876
2.3254
-7.0842
-4.3611
-2.1631
0.0176
-4.3230
-5.5244
2.0382
-5.2275
-2.3824
-1.0280
-4.9167
2.3353
-6.3226
-4.0394
-4.7827
-4.8030
-1.2808
6.0478
-5.3439
-4.2647
0.1468
4.1043
-0.4769
-5.1451
-2.1302
-6.2009
-3.2587
-2.3921
-0.6596
-0.4813
-2.2638
-0.5873
-1.3973
-0.6847
4.2670
-4.0555
-1.0387
3.1578
0.1895
-2.1986
-1.0670
-2.2813
-0.7182
1.3686
-1.3829
-1.6443
-1.4452
0.8174
0.0045
-0.1048
0.3073
-0.4236
-1.0954
1.4264
-0.0749
-1.0238
-0.6242
0.6106
-0.9514
3.4017
-1.0191
-1.4072
-0.9618
-1.1605
-1.0140
-1.3343
-0.0942
-0.5206
-1.0818
-0.5353
-1.4979
-1.1729
-1.9134
-0.0065
-0.2859
-1.0317
0.1802
-0.7426
-0.8459
-0.1338
0.1297
-0.7340
-0.3277
-0.6598
-0.3986
-0.0613
0.1298
-0.8785
-0.8175
-0.6509
-0.4171
-0.2269
0.0047
-0.2582
-0.3036
-0.3841
-0.1379
-0.3923
-0.6984
-0.1331
-0.2274
-0.0431
0.0057
-0.2147
-0.1097
-0.1005
0.0758
-0.2121
0.0363
0.0550
-0.0879
-0.1205
-1.5428
3.0360
-0.9595
0.8878
-0.0032
-1.0266
-0.1999
-0.5646
-1.6751
-0.3086
-0.1866
-3.1195
-1.6509
-1.2929
0.6535
-0.8448
1.9037
-3.8533
0.0988
0.7523
0.8704
-0.0999
0.5034
0.6853
-1.9831
-0.1522
0.6591
-1.3163
-0.6482
-2.2160
0.0154
-4.9302
-1.4620
-3.0220
-6.3463
-5.5399
-1.6613
-2.8496
-2.8562
0.9922
3.7219
-1.3086
0.3757
5.0107
-5.5751
-1.3016
0.2350
-2.8169
-0.1044
-0.8739
-0.7957
-2.3972
-1.2822
15.0777
-0.9160
2.5311
-4.5385
-3.8706
-2.1858
-2.4583
-0.0756
-0.0934
-3.9335
-2.6824
-2.2695
-0.3404
-0.5927
-2.5352
-0.2030
-0.8334
-2.8675
-2.4255
-1.3285
-3.6742
-1.9896
0.8754
-1.5552
0.1820
-2.9144
-1.6443
-0.3101
-1.0519
-2.2880
-2.2017
0.6568
0.3526
0.2015
-2.6044
-3.1068
-0.4868
-1.3402
-2.1887
0.9446
-2.0686
-2.0137
-0.6948
-1.5978
-0.6837
-1.2518
-0.3506
0.1608
0.8071
-1.6089
0.8571
-2.2255
0.2374
-2.9431
-0.1447
1.8280
0.3128
-3.2515
-0.7145
-0.0654
0.8628
-1.6648
-1.4713
-1.6306
-0.9908
-1.6821
-0.8459
-0.9406
-1.3374
-1.8461
-0.4500
-1.2556
-1.2650
-2.0012
-1.0076
-1.9126
-0.0549
-0.2048
-1.7029
0.1641
-0.2382
-0.2680
0.1227
-0.0862
-0.0806
-0.0650
1.9443
-1.4939
-4.6997
-1.0190
-4.0578
-0.5173
0.5371
-2.1307
0.5866
1.1859
-2.7712
-2.9794
-0.2517
-4.8490
-3.5373
-1.7604
-1.5167
-2.1608
-0.5585
0.2422
0.9644
-2.4113
-0.2031
-4.5970
-2.7443
-3.3262
-0.0722
-0.9000
-0.8923
4.3559
0.2078
-2.8436
-5.1259
0.0543
-0.5275
-0.1344
-0.4397
4.7356
-3.0882
-4.1528
-3.8920
-0.0272
2.1279
0.2247
-0.5810
-4.5176
0.8838
-0.4437
-1.0808
-4.3615
5.7091
-2.1943
-5.6891
0.3948
-1.2045
1.8281
1.6698
-0.2947
-0.8242
-1.4322
-0.9744
-2.9387
-2.6467
-1.1715
-0.3475
-4.7470
-3.9154
-0.9819
-3.4188
-4.2587
-2.1790
-2.1211
-1.6020
5.5137
0.4362
-2.3390
-0.4183
-0.8687
-1.5359
-1.3016
-1.9024
-1.0367
-2.0496
-0.3714
-2.1107
-1.5046
-1.3964
-2.1621
-1.0991
-2.3443
0.3226
-1.2316
-0.1557
-2.1663
-0.9445
-2.2999
-0.7999
-2.8317
-1.3108
0.8097
0.6923
-1.4970
-0.9897
0.0076
0.8119
0.2222
-1.7521
-0.0906
-0.6189
-1.8424
-0.7278
0.0691
-0.8063
-0.5381
-1.2337
-1.1796
-0.9129
-0.3695
-0.4352
-0.5038
-0.3582
-0.4386
-0.1402
0.1235
0.0508
-0.5435
-0.4305
-1.0543
-0.2460
0.0480
-0.1831
-0.4134
0.1452
-0.0520
-0.1608
-0.0289
0.0200
0.0136
0.0937
1.0476
0.8539
-0.6168
-0.8776
-3.7064
-1.4479
-4.1384
0.5954
0.0828
1.4472
-2.4193
-1.2189
-1.7595
-0.3413
-0.2423
-5.2606
-2.8040
-7.3880
-4.2318
-1.3272
-1.0360
-0.1061
-1.4033
-0.1292
-1.2485
2.4306
-1.1048
-0.2109
-0.7932
0.1718


Weights 1->2:
-3.8953
-0.9480
-1.5962
-0.8814
-0.7498
-0.4737
-0.5825
-0.1152
-0.6575
-1.8057
-2.8206
-0.6524
-0.6978
-0.6389
-0.4639
-0.6888
-1.2886
-0.4618
-0.4757
-0.7585
-0.4652
-0.8889
-0.3201
-0.6429
-0.7265
-0.7775
-0.4628
-0.6910
-0.6088
-0.4591
-2.6786
3.1218
5.2416
3.2004
-1.8353
3.7710
-1.7425
-0.7800
1.8142
1.6015
4.2192
0.6474
-1.7789
3.6739
-0.6074
-2.1182
5.1492
-0.6838
-1.9522
0.6534
-0.3578
2.0146
4.1432
2.5435
0.4632
3.7945
-2.6797
1.1181
-2.8337
0.0362
2.8010
-1.8935
3.5227
-0.5116
-4.0813
0.1218
0.0128
2.5631
-1.9726
-3.5183
6.1210
-2.0882
1.4509
1.2005
2.1591
4.8662
3.3670
3.8823
3.0193
2.9312
-1.6155
-0.5920
-3.3773
3.9452
2.6296
-0.3970
0.8418
3.7070
4.7612
2.0588
4.8577
-0.0849
1.0550
1.8365
-1.1719
-2.4769
1.6079
-3.2889
-1.1837
-3.8649
5.4854
3.5980
0.5295
1.4785
2.9348
-1.3378
4.4743
-0.7883
-0.1372
3.6605
2.4630
2.8715
0.7666
0.4206
-1.3813
1.6355
-1.2825
4.2257
1.2406
-0.3052
4.9376
-1.4997
3.0933
-0.2360
-3.9106
0.0630
0.5500
1.1132
-1.5816
-3.2497
4.5851
-2.3488
0.9750
0.2682
2.3509
3.5644
3.1383
4.6365
1.5368
1.3608
1.7507
1.4075
-4.1054
3.7536
2.2837
-0.6444
0.5971
2.1194
2.9276
2.1172
4.1787
-3.7067
3.1397
1.1710
-3.4924
-0.4291
1.1434
-0.4523
-3.3595
-3.1965
4.4381
-1.7951
2.2712
0.0316
3.4581
2.1429
0.1920
4.6642
4.4509
2.5940
2.4507
0.7783
-5.4922
4.5050
1.2212
0.4304
1.8098
2.0110
2.2865
3.9104
2.8596
-2.4988
2.0778
4.6144
-0.8883
-0.4961
0.6795
4.0966
-1.5271
-3.1608
4.1996
0.4737
2.9265
0.4487
1.0857
0.1398
5.6612
-1.4120
1.3937
2.0127
0.6802
0.9810
1.0762
-1.2869
-0.0513
-0.2631
-0.0185
0.7364
2.8018
2.3829
4.1339
-2.3610
3.4833
2.0543
-1.8259
0.8723
0.4459
0.6851
-0.5035
-3.7022
5.0865
-1.8341
0.6026
1.0823
-1.0079
2.9300
1.3406
3.0194
1.2794
3.3334
0.7367
0.9583
-2.8391
3.4725
2.0424
-0.0698
0.2132
2.6886
4.0540
2.8015
3.5984
-2.8409
3.3706
2.5778
1.2374
0.3474
1.3508
-0.3060
0.5277
-1.9923
5.2717
-0.6345
1.3494
2.5352
0.5578
0.7205
4.5250
-1.7913
0.6440
1.4649
-0.3767
0.8786
1.3594
-0.1824
0.6727
0.2687
-0.5855
1.5602
1.6882
2.2131
2.6777
-2.7174
1.8733
4.2328
0.4957
1.1359
-3.2618
-0.3176
-1.3712
-1.8076
5.1590
-2.9628
3.2245
1.5805
-0.7468
0.5555
5.1276
5.8434
2.6582
1.5851
2.8157
-1.2326
1.6815
1.4990
-0.0778
-0.9679
1.3728
1.2882
3.2640
0.8676
4.1268
0.5157
1.2136
2.2377
-1.3511
-1.5332
0.8125
3.7396
-0.9144
-1.6484
3.8596
-3.0654
1.4569
-3.2140
-5.2854
2.8136
1.2183
2.8676
2.1113
0.7362
-0.8308
2.9553
-4.1416
-1.4070
-2.0500
-0.4915
3.4498
5.4542
1.5164
4.1830
2.8644
-1.6618
1.7625
2.2003
-1.4851
1.3860
-0.7934
-0.9089
-0.1090
-1.8096
4.9656
-0.3882
3.1891
1.3598
1.4034
2.8596
3.9507
4.9712
1.3547
3.4665
1.3085
1.0122
1.2841
0.6835
-0.7016
0.3047
-0.9737
1.1362
0.7138
-0.3960
2.9465
1.1310
0.5098
1.8902
0.6296
-3.4449
0.1177
0.2936
-2.0653
-1.0487
5.7108
-1.0012
0.8126
3.4551
0.3785
4.1510
5.1135
-3.2519
5.0807
2.3979
1.0418
1.3869
1.6096
-0.8203
0.3463
-2.7149
-0.0273
0.7567
0.5644
-0.5646
2.7232
-3.0822
3.0435
4.3171
-1.2804
0.9813
1.2895
0.7952
-3.9028
-3.8170
3.1296
-4.4271
2.1276
-0.6536
6.7164
5.2042
-1.6294
4.5317
1.9364
1.0372
0.3179
0.6019
-0.7716
2.9745
3.6868
-1.4251
0.2854
2.9225
3.2736
-0.6156
3.1911
-1.0475
-0.7592
1.1246
0.1508
-0.8380
1.7068
0.0271
-2.0254
-1.4638
6.1757
-2.0467
1.7108
0.5740
-0.1677
-2.2848
3.9583
1.0931
2.3618
3.3593
-0.2595
2.7943
-1.0907
0.9413
-1.6721
0.2530
0.5009
3.2701
-0.5320
3.3883
3.3605
0.7143
2.2485
3.6464
0.5117
0.7151
2.9551
-3.3210
-1.2084
-1.4708
3.9851
-1.5407
2.1963
1.1356
2.3089
1.0327
3.4995
1.0601
1.7071
1.2638
-2.6987
0.5911
0.1583
-1.1611
2.3996
-1.2111
-1.7109
0.6149
2.0215
-0.3865
3.5251
-1.7189
2.5769
2.8227
0.4867
-0.4222
-0.5241
-1.1457
0.1838
-3.5196
3.9000
-7.1629
-1.7256
2.9172
-3.3332
5.9971
1.9303
3.2995
3.3798
3.6404
2.1990
-0.1505
-1.0032
2.3051
3.7019
-1.0309
1.2787
1.6642
3.9731
-3.1654
3.8635
-0.0556
-0.2200
0.4815
0.6081
-1.1572
2.2146
-2.7398
-1.5100
-2.2519
4.0835
-0.4536
0.1936
-0.2973
2.8373
3.2451
2.1396
-4.4295
2.3146
2.1046
1.3155
2.8012
2.2400
2.6903
0.1026
-1.2246
1.0226
2.2801
-2.3552
1.5908
2.6905
-0.2225
0.7810
2.2350
-0.5040
-0.5008
1.8961
6.0235
-1.4153
-0.6581
4.5883
-2.5125
0.8850
0.2645
3.1099
0.6286
4.1463
-3.4609
2.5363
2.2211
-2.0150
1.8867
1.4959
0.4263
-1.4667
-0.5869
-1.2659
1.6859
1.4353
-2.0617
3.2266
-1.9749
1.3288
2.0734
-0.2762
-1.2819
2.6009
-7.0506
-2.9414
-3.4789
5.3094
-0.4784
1.8218
-3.3886
-0.6563
1.8540
3.2382
1.0483
3.6912
0.9279
0.3239
3.2892
1.2090
-1.7290
2.4931
0.4479
-0.2077
1.4312
2.2824
1.8024
4.4443
-0.2913
2.3946
3.4714
0.0234
-4.6873
2.9824
0.4275
0.1107
-1.6540
3.1881
-4.8488
1.8503
0.2440
-7.5804
-1.9573
1.1913
-0.3506
-0.8312
0.6047
1.1928
2.2961
-2.2416
0.7391
0.6798
-0.1364
2.2389
0.2023
-1.3467
4.7234
-1.4888
0.8251
3.4829
1.2615
-0.6236
2.5395
-1.2631
-0.7165
0.8760
0.0933
3.1432
1.4872
-1.0495
2.7024
-0.5035
-1.8249
3.8901
0.5100
-0.7789
0.8125
-0.7801
1.2274
1.0720
1.0557
0.6579
3.3988
-0.1851
1.1666
0.2655
1.1093
3.7337
-1.4875
0.7426
1.7392
-1.6080
0.1032
1.5778
-2.4231
-1.7790
-1.5057
4.8343
-0.6126
0.5739
-1.1964
0.8445
1.4113
2.4798
-2.7987
3.2515
2.9301
0.2814
1.7170
0.7426
0.0435
2.4355
0.6826
-0.7649
-1.4562
-0.6450
1.7544
2.0238
-2.9505
1.6515
2.3926
3.2143
-3.3644
3.5761
-1.4039
-2.5510
-2.9429
4.0527
0.3241
2.7022
0.8115
2.5289
2.7191
2.0899
-3.1133
4.2945
0.4718
-0.6126
2.1741
-0.3220
0.6136
0.3357
-2.8138
1.2361
-4.7387
2.5251
1.2393
-2.2337
0.7902
3.8571
1.6343
-0.3900
2.6731
-0.7753
-0.1775
0.5748
-0.8672
2.2717
1.2679
-0.8249
2.5830
0.7495
-1.6243
3.5284
-0.6447
-1.1208
0.9464
-0.0394
1.0965
1.6495
0.5734
0.5185
2.8281
-1.1343
0.6019
-0.2539
-0.8497
1.4396
1.3160
-0.8653
0.0621
1.7369
-1.7355
3.6011
5.6924
-5.6540
-1.6433
3.3453
-2.7938
1.5576
-0.7929
1.1242
2.3607
4.6485
1.4909
-3.9794
4.8548
1.3429
3.9839
-0.1761
-6.6080
-0.5551
-0.3234
-1.7531
2.6009
-4.1635
-1.5870
3.5448
-0.3918
-0.1717
-2.2475
-1.7592
0.5259
-0.6515
0.0324
1.1125
4.1283
-1.2530
0.2231
-1.5875
-0.2069
-0.9351
-0.2493
-2.5399
0.7777
-2.7987
-2.0492
1.5021
-1.8533
0.3759
1.3349
0.4977
-0.3710
1.0641
-0.2990
-1.9636
1.3579
1.6109
3.3625
2.4181
0.9995
-1.4238
1.7742
0.2309
-0.8671
0.6796
-1.6444
0.8861
0.1493
-0.9767
2.0911
0.7001
-1.4104
1.2902
1.3977
-1.2619
0.3707
-1.2515
2.0632
-0.1588
0.3085
2.4984
1.7471
-0.8513
-0.4041
-0.9147
-0.1928
0.7662
2.3633
0.7079
-0.8472
4.1938
1.0894
-0.2970
2.6095
3.1715
0.6604
-2.6909
-0.3986
-3.5111
-0.0233
-3.3611
-2.7542
-2.9994
-1.5312
-2.4187
0.2008
0.3862
-1.3892
3.7864
-0.9612
-0.2247
1.9501
1.1007
-1.9028
-2.0035
-0.7655
2.1864
0.1393
-0.1473
-1.7334
-0.4002
0.5057
0.9173
0.9138
1.4465
3.8801
-1.5581
0.2814
0.0810
-1.2583
-0.2081
1.0304
-2.4170
0.5022
-1.8522
-1.8316
0.1208
-1.2821
-0.8878
1.2009
-0.4066
-0.0946
-0.3694
0.8639
-1.4774
0.5640
2.1563
-0.2475
-0.8217
-2.1881
-0.5839
0.1177
0.9438
0.3168
1.0496
5.4205
-3.0844
0.8478
-0.1777
-0.3931
-1.1134
-0.4810
-1.5645
-1.4904
-1.6741
-0.1474
0.7534
-1.5633
-0.3433
-0.4404
-1.5413
0.2690
-0.3289
0.0119
-1.1948
1.5033
1.9176
-0.0944
-0.5526
-1.4562
-0.5412
-1.1183
0.2403
2.1120
1.6426
3.4933
0.0303
1.9098
0.1894
-1.9853
-0.1635
0.3819
-0.2085
-0.6577
-2.5368
0.9328
-0.3555
-0.2493
1.6605
0.0826
-1.1129
-0.1337
-0.4999
0.6497
-0.9464
-0.5150
-0.5650
-0.4298
2.4246
0.4446
-0.7031
2.3148
-0.7074
0.0149
1.2131
-0.2226
2.1491
2.7163
-0.6981
3.6099
1.8785
-1.9427
2.3977
-0.7684
-2.4532
1.2976
0.9396
-0.2780
3.6073
0.8729
0.2861
1.0883
-0.0700
0.7695
-3.9794
-1.0327
1.9090
1.7081
-0.9641
-2.6067
3.8476
-0.2673
-1.1672
0.4867
1.4753
0.9697
-0.8425
0.4046
-1.7756
-0.5108
0.2948
-0.9622
-2.2601
-0.5283
-1.1098
1.2226
1.9340
0.1723
0.6902
-0.2279
0.4435
0.9961
-0.0212
-1.0343
1.1887
-1.5072
1.8073
-0.3124
-0.8676
-0.1581
0.1569
-1.1818
-0.3943
-0.8028
0.8740
2.6860
0.4998
2.0014
0.0901
-1.4515
-1.0931
-0.8662
0.1264
0.9970
0.3612
-1.2560
0.5203
-0.6234
0.2683
0.8040
-0.6452
-1.0676
0.1674
0.9529
-0.1999
-1.0207
1.7858
0.3379
-1.0263
-1.4696
0.3665
-1.2620
1.5229
0.9656
0.4570
3.1610
-1.4853
0.7508
-0.5897
-1.6195
-1.3355
3.7557
-1.0334
2.3551
-0.0407
1.0599
-0.6106
0.4910
2.0904
-0.5402
-0.5308
0.0296
0.0426
-1.4646
-3.5281
-0.5198
1.7126
1.3566
0.0329
0.6585
0.4908
-1.4374
0.5331
0.0038
1.2897
3.1745
-1.3034
-0.3243
-0.3222
-0.6442
0.1015
0.2982
-1.4614
-0.1661
-0.2351
-1.4400
0.6196
-0.0584
0.3436
-0.5936
-0.4555
0.1562
-2.0606
-0.5468
-0.1207
-0.2930
1.7874
1.0373
-0.5542
-1.9964
4.7564
0.9733
-1.3123
0.5598
1.3778
0.6284
-0.1103
-0.2326
-1.6195
0.1520
-1.0060
0.3202
-2.3174
-0.5338
-1.3115
-1.4782
0.9017
-2.1924
0.6953
-0.5373
1.2951
0.2792
0.7046
-2.0036
-0.7182
2.1161
1.3716
0.1741
0.4188
-0.8762
-1.0248
1.1283
-0.7681
0.9224
0.5000
2.9700
-0.4250
1.3769
0.0666
-1.5727
-0.5691
1.9743
-2.2475
-0.0557
-1.6497
-1.4931
0.8181
-1.2055
-0.2197
2.0197
1.2006
-0.9790
0.8108
1.1316
-0.6442
-1.5327
1.8705
-1.2022
-1.2941
-0.1280
-0.3007
-0.6015
-0.6216
-0.1954
2.6573
3.3313
-0.9207
-0.2567
-0.6004
-1.1286
-0.4805
-0.2224
-1.5771
-0.2913
-0.3034
-1.5511
1.5606
-0.3962
0.7003
0.7445
-0.9914
-0.5856
0.1962
-1.7269
-0.1526
-0.5092
-1.8082
-0.1478
-3.6245
1.2241
1.1543
-0.4416
2.2602
-0.1748
-2.0005
-1.5568
1.8588
-1.3707
2.9864
-0.7300
2.8992
-3.6531
2.2220
-3.5829
4.2114
2.7137
-0.4896
1.6720
-1.6021
0.7449
-3.5731
-1.0597
3.1044
-1.9611
4.1961
-3.0858
1.0930
1.7061
2.1029
1.8913
-1.7862
1.1840
-1.5612
0.2733
0.6021
1.6928
0.4269
-0.0205
-1.8002
1.9143
-1.0457
-1.2772
2.3494
-1.4810
0.1407
-0.8063
-0.9319
0.9664
0.7380
-1.1163
-0.6672
2.4859
-1.8727
0.5723
-1.8570
-0.9365
1.4687
1.4237
-1.3076
0.8026
-0.2304
-0.1979
0.0462
-0.2715
0.8362
3.1909
-1.0409
2.1016
-0.2523
-0.0309
-1.0211
0.2591
0.0412
-1.2390
-1.0266
-1.6964
1.4459
-0.2791
0.5163
-0.4531
-0.9332
-1.6887
0.5936
0.1310
-1.5941
-0.5352
-2.6575
-1.9509
1.9269
1.4860
2.6351
2.6627
-1.0843
-2.7703
0.6360
-0.0629
0.1071
-0.5115
-0.7644
0.3977
-1.4963
-0.1941
0.8702
1.8570
3.2958
-0.4505
-1.6155
1.0231
1.2491
0.1486
3.2151
2.5280
-0.8075
-0.3756
-0.0074
3.1889
1.5530
-0.9390
-2.2714
-1.5881
0.7319
0.7614
1.1005
-0.0949
0.5092
4.4652
-2.0901
-1.4426
-0.3329
1.3939
-1.6921
-0.3767
-0.4716
0.8385
0.0703
-1.1068
-0.1347
-2.6432
-1.8028
-0.6998
-1.2399
-1.1672
1.3068
-1.1694
-0.3833
1.0742
-0.9834
-0.1202
2.3844
0.5000
-0.1735
1.7175
-0.7693
-1.2297
0.9534
-0.6349
0.5279
1.4547
1.6585
1.8209
0.7798
-1.3529
1.0831
2.9921
2.0105
-1.2995
-0.0819
-0.3045
2.0445
0.3153
0.4367
2.1414
0.3327
-0.4595
-0.9662
-1.8632
1.7322
0.3989
-0.9490
-2.4390
-0.1501
-0.2100
-0.9345
-0.3624
1.1415
3.9616
-2.3277
0.0171
-1.2992
-0.7260
-1.5210
1.9099
-2.7416
0.6773
-0.7109
-1.2025
1.1725
-1.1613
-0.8454
-0.8838
-0.7566
-0.8453
1.6709
0.2644
-0.5382
1.1087
1.4888
0.0437
-1.4403
-0.0383
0.0218
-0.6508
-0.7751
-0.4964
1.4207
2.9134
-0.8713
1.5808
0.7195
-0.3038
-0.2829
-0.6337
-1.4739
0.9493
-0.4943
-1.8523
1.1724
-0.0602
-0.0453
0.4513
-1.3720
0.6591
0.2600
0.3797
-1.1183
-0.4793
0.9821
-0.5904
-0.3738
-1.0820
-0.0060
0.3326
0.9190
0.0678
0.1816
3.5026
-1.6719
0.6782
0.5475
0.8704
2.2608
-1.2947
-2.1653
2.1420
-0.9600
-2.3487
-0.3193
-1.2831
-3.1119
1.7682
-0.6927
-0.5960
0.3313
0.7811
-0.0282
0.5422
0.6845
1.0924
-1.2447
-1.9627
4.4497
1.3239
-2.0947
0.4828
1.0610
0.7619
-1.1712
0.4707
-1.2061
-0.4115
-0.2274
-2.6047
-1.8799
1.2963
-1.7127
-1.8393
0.1565
1.5255
0.4111
-1.5552
-0.0073
1.3629
1.0802
-0.7524
0.7101
-0.4555
1.1688
-0.9739
-1.2024
0.5673
0.7503
1.1153
-0.3709
-1.2583
0.0736
3.0578
-0.8397
2.5060
1.1826
-0.7598
-0.3389
0.8785
-1.8404
1.8579
-0.2482
-1.3819
0.2632
-1.6758
1.0631
0.3758
-0.2133
-1.1970
0.3563
-1.2182
-0.6252
-0.8097
1.2825
0.1054
-0.7561
-0.1927
-0.6547
-0.5762
0.2048
-0.3183
0.3463
3.3197
-1.2301
1.9582
0.2983
0.0880
-0.6296
0.6228
-0.6802
0.7620
-0.7441
-0.5153
-0.0373
-0.3778
0.9681
0.0258
-0.6426
-0.3313
-0.4892
-0.2999
-0.9127
-1.1281
-1.8492
0.6141
2.9126
1.8373
-1.3977
1.9429
-1.4152
-1.1530
0.7977
0.1510
0.8873
2.0801
-1.0212
2.2613
-0.6321
-2.3652
2.7851
-1.9681
-1.0201
0.0125
-0.1262
0.6771
1.3898
-0.1531
0.1525
2.9058
-0.6278
0.8718
-0.5875
-1.2753
-2.1423
1.0707
2.3126
1.6541
-0.4887
1.7426
-0.9124
-1.2664
0.8471
0.0335
0.8219
1.6213
-0.7087
1.9865
0.6178
-1.3521
1.6492
0.1480
-0.9171
-0.2114
-0.8744
0.8178
0.5282
-0.5589
1.1915
2.4318
0.1522
0.6754
1.1972
-0.2387
1.2449
-0.3530
-0.7279
-0.3478
2.1105
0.2264
1.9289
-1.2245
-1.5014
-1.5049
4.9487
-2.3755
1.5912
0.1013
1.2494
1.5386
0.4161
-1.6957
4.1447
0.9860
-1.6924
1.4659
1.3685
-0.6298
-1.0393
-2.2692
-0.4722
-1.0446
1.2801
-1.8642
1.4398
0.9518
-2.0702
-1.1097
-0.3212
-0.9028
0.5733
0.3476
0.7700
2.6359
-1.4775
0.1629
-0.3156
-0.7027
0.2874
0.1103
-0.9537
-0.9164
-0.7274
-1.5246
0.0260
-0.4771
-0.0668
-0.2330
-0.2803
-1.5500
-0.0629
1.4779
-0.8818
1.2638
0.9090
-2.4878
-1.3806
0.7260
1.4530
-1.0597
3.3636
-1.5804
-0.1654
-3.0398
1.4799
2.7750
-1.4143
-0.9139
1.7945
-3.6183
1.5886
-1.4654
2.3867
2.7356
-1.0585
2.6741
-0.9068
-0.6125
-0.0983
-1.4299
-0.0949
2.2923
2.0582
0.2064
0.2078
1.8450
-0.8163
-1.2129
3.7016
-1.1337
-1.4248
1.4038
2.1132
0.7162
-1.6152
0.8949
-1.6887
-0.6413
-0.3146
-0.5513
-1.9814
-0.6144
-1.1240
-1.0754
0.6657
0.5064
0.4956
-1.1088
-0.1444
1.5036
1.1671
-0.7094
0.0499
-0.8135
1.9835
0.7849
-0.5985
0.8301
0.3746
0.7299
-0.3209
-0.2832
2.1204
1.0460
-1.0442
-0.5846
-1.8394
0.7916
-0.1865
-0.2257
-1.4270
-0.1492
-0.6845
-1.5329
-1.1670
-1.3231
-1.6345
-1.4621
-0.1165
1.1235
1.1655
0.2087
0.2462
-0.8475
1.3739
-0.4042
-0.7631
-0.6836
-0.2927
-0.2059
-0.3004
0.8545
1.0621
2.5405
-0.9262
1.3754
0.7329
-0.4943
-0.3955
0.7127
-0.8958
1.2625
-0.2080
-1.3641
1.1084
-0.6634
-0.9786
0.5176
-1.1480
-0.6651
-0.7225
-0.7317
-1.2014
-0.3389
-0.6700
1.3655
-1.2438
-2.3125
4.2286
-0.5420
-0.1701
2.4596
0.6512
0.3987
-2.2007
0.4594
0.4240
-0.7976
0.0481
-0.0260
-2.2343
0.8194
-1.0511
-0.6638
1.6142
-1.0520
-0.6989
-1.2322
-0.5248
1.6707
0.2372
-2.1087
-1.1799
0.9645
0.1957
1.5317
-1.3532
-2.0900
3.9935
-0.7917
-1.6817
1.1324
1.7855
1.1403
-1.4259
0.7816
-1.3826
-0.6556
0.5793
0.3874
-2.1387
-0.5024
-0.9782
-1.3312
-0.6127
-0.9636
0.7851
-1.2011
-0.0095
1.3958
0.3563
0.4836
0.0959
-0.0416
0.8510
-0.9088
-1.1474
-0.6202
-0.1900
-0.6958
-0.1739
-0.4192
0.5341
3.0668
0.7035
-0.2946
1.1378
-2.0283
-0.5815
1.2826
-1.6613
1.7302
0.2061
-1.5681
1.5550
-0.9594
-0.0637
0.0889
0.0707
-1.4943
-0.7210
-0.1820
-0.6334
-1.7030
1.4216
0.6821
-2.5222
-1.2084
-0.6431
-0.2055
0.6605
-0.1898
0.6179
1.6900
-1.6830
-0.0759
-1.2702
-0.7889
-0.0164
0.1289
-2.2551
-0.0133
-0.4724
-1.1336
-0.0848
-1.0599
0.4715
-0.4652
0.2584
0.5229
-0.2477
-0.4132
0.3126
0.0183
0.1256
1.1472
-0.8580
-2.4751
4.5694
-0.1931
-1.0227
1.6480
1.5861
0.6887
-1.1318
1.2136
-0.6871
-0.6450
0.0655
0.4830
-2.2251
-0.9851
-1.5809
-1.9608
0.1274
-0.9247
0.4887
-0.9869
0.3508
0.5505
0.5327
-2.0523
0.4636
-0.4937
-0.0347
1.4472
-1.0339
-2.3897
3.8961
-0.2304
-0.8233
1.5686
0.4063
1.0580
-0.9246
0.7222
-0.2612
-0.1845
0.2697
0.5822
-2.0356
0.0879
-1.4029
-1.0996
0.1462
-0.3525
0.2014
-0.8990
-0.3036
0.7718
0.5666
-1.7837
-0.0692
0.6389
-2.0268
1.9337
0.9607
-1.4643
-1.5223
3.9177
3.0878
0.2645
1.9132
-0.4597
-2.4225
1.1293
0.5806
0.6424
0.0038
-0.0630
-2.5783
-2.2089
-0.7879
0.0039
-1.9164
-0.1582
-1.2823
1.7990
0.2007
0.9650
0.2965
-0.3916
-1.0999
-0.9417
-3.6274
2.2391
3.0489
0.7163
-3.4797
1.9897
-1.6509
0.1996
0.8877
0.8815
-1.2016
3.7601
-0.7497
1.7996
0.2894
-2.3487
1.9836
-1.9538
-1.3907
-0.3501
-0.7583
0.9167
0.7566
0.0244
-0.3447
3.0794
-0.4202
-0.0726
-0.9436
-1.4372
-0.6725
1.8700
-0.9310
-2.0891
4.0005
-0.0447
-1.4248
0.7237
0.7473
1.1085
-1.8270
0.2387
-0.7291
-0.7219
-0.3383
0.9976
-1.6779
-0.6253
0.1343
-1.4979
0.3136
-0.2898
1.0354
-0.5284
0.2947
0.5729
0.3599
-1.4426
0.1128
0.1069
-2.2127
0.3483
-0.5959
1.4170
-0.9340
-0.2546
1.5471
-0.3852
-2.1656
-1.5629
2.3876
-1.0708
0.2364
0.7056
3.5379
-0.7751
2.7901
-0.3975
1.0245
2.3543
-0.1387
1.7146
-1.5691
-2.9229
1.3405
-0.8789
-0.9173
0.1611
-0.7204
-0.0426
0.7520
-0.9839
-0.9726
-2.0841
-1.6255
-0.0885
-1.1652
-0.0114
-0.2577
4.2459
-2.4829
0.6214
-0.2693
-0.2010
-1.2059
-0.4219
-2.3566
0.2185
-0.5640
-1.0173
-0.3580
-1.4941
0.1645
1.4046
-1.1092
-0.6846
-0.7027
-1.2713
0.3326
0.4293
0.7389
-0.1789
-2.4158
-0.8845
0.6254
-0.2262
1.0699
0.3037
0.1591
2.2773
-1.8619
1.1726
-0.6257
-0.9864
-0.3341
-0.1840
-1.7643
-0.5775
-1.0408
-0.7586
1.1639
-0.0315
1.3894
0.0268
-0.6023
-0.4422
1.1002
-0.6077
-0.9567
-0.2750
-2.0773
1.8583
0.3255
-1.7566
-2.6849
-0.0035
-0.8035
1.7855
2.8270
-0.9550
-2.4507
0.8700
2.9581
0.6715
-0.3974
-0.6652
-0.9866
-0.3007
-1.1736
2.5635
-0.7465
-0.9321
-2.2558
-0.1445
0.7726
-0.8844
-0.2961
-1.3620
1.2159
-0.1582
0.1981
-1.0975
-2.2059
-0.3256
1.6405
0.5778
-0.2454
-0.2101
0.5909
2.6808
-0.5182
1.2544
0.1771
-1.3776
-0.8501
-0.4144
-1.0491
-0.1519
-0.3564
-1.2551
0.4150
-1.0993
1.0100
-0.2417
-0.7224
-0.9391
1.9518
-0.4005
0.8271
-0.5244
-1.1944
2.2789
-1.0598
-1.1242
-2.2813
0.5160
-1.6260
0.6318
1.1891
-0.0767
-2.6220
4.2041
2.2207
-0.6312
-0.5709
-1.2289
-1.6072
0.0362
-0.5494
-1.5009
-1.2167
-1.2118
-1.4883
1.9934
-0.9012
-0.2513
-0.6331
-1.0962
-1.0347
1.3546
0.4389
0.3095
-1.7191
-1.0671
-0.2649
-0.3960
0.0665
0.0420
0.8409
0.7860
-1.2490
-0.5738
0.4248
-0.3660
-0.2156
-0.4229
0.5073
-0.8340
-0.0080
-1.0751
0.0263
0.3416
0.4086
-0.6341
0.3182
-0.9469
0.4975
-0.7619
0.1257
0.3932
-1.6476
-0.1455
1.1821
0.2091
-0.0126
0.3657
0.1313
0.5949
-1.2631
0.0458
-0.4223
0.4377
-1.1261
1.8613
1.6568
-2.0035
0.3995
-1.5321
-0.0189
-0.4081
-0.8069
0.5193
-1.3600
-0.0708
0.1405
2.3729
1.1966
-0.4729
-0.5391
-0.6549
-2.0325
1.7767
1.6462
-1.0465
-2.4671
-0.6767
-0.0544
-1.2837
0.4275
0.7469
-1.1170
0.6387
-1.9198
-0.7013
0.5770
-1.2491
-0.9038
-0.9093
-0.5796
-0.3842
-1.5123
-0.8003
0.8780
-0.3583
3.0447
-0.2160
-0.4393
1.5200
0.7428
0.3036
-0.1887
1.3866
-1.3041
-1.8918
-1.2372
0.2062
2.3730
-0.0296
1.0665
0.2080
-3.1946
-1.2374
-0.1280
-0.4338
-0.3392
0.0153
-1.9365
0.1953
-0.7840
-0.9199
-1.8449
-1.0288
2.5771
-1.5588
-0.2142
-1.2154
-1.3604
-1.2110
2.4148
-0.3267
-0.3147
0.5897
-1.5918
-0.5324
0.0151
-0.5758
0.0688
-0.3124
-0.3013
0.6615
-1.2250
-0.2548
-0.9376
-0.9159
0.1145
-0.2998
-1.2747
0.1095
-0.5902
-0.8194
0.3748
-1.2908
-0.2561
1.3969
-0.6110
-0.2182
-0.4857
-0.7431
-0.0535
-0.2361
-0.0355
0.1143
0.7518
-0.2769
0.6448
-0.4250
-0.5622
0.1957
-0.1017
0.7026
-2.6253
-0.0846
0.6240
-1.1771
-0.1765
0.7639
-2.0537
2.1356
-0.6147
-0.0789
0.5126
-0.1838
0.3215
0.4784
-0.5469
-0.3844
0.3513
-0.7855
0.7381
-1.4188
-3.3774
0.7882
1.4863
0.6258
-1.2395
1.3941
-0.5994
-0.2719
0.4058
-0.8725
-1.5377
3.1782
-0.9423
2.0708
0.8200
-0.6457
-0.7245
-1.1089
-0.2073
-0.5932
0.1049
0.6587
1.3722
-0.9536
-0.3799
0.3535
0.1388
-0.0660
-0.0245
0.5176
-3.0934
-0.6969
1.4313
0.2489
0.1620
1.1077
-1.0985
-0.5060
-0.3686
-1.2196
-0.2347
0.6334
-0.0714
0.9588
-0.3740
-0.9934
0.9391
-0.8174
-0.2875
-0.0009
-0.6565
0.8675
0.1378
-1.0167
0.7652
1.8064
-0.2761
0.2748
-0.7673
-0.9034
-0.7498
-0.8590
-1.7822
0.4260
-0.2636
-0.2710
-0.5153
-0.2004
-0.4797
1.3792
-1.7295
1.3999
-0.7250
-0.6746
-0.5365
-0.0639
-1.6852
-0.2415
-0.7845
-1.0180
-0.2768
-1.0114
-0.4705
0.9267
-0.5842
-0.9512
-0.5938
-0.8132
-0.4404
-0.5277
-2.0063
0.2456
-1.8381
0.3426
0.4425
0.1126
-0.3123
0.0183
0.0187
1.9432
-1.2847
0.6062
-0.5435
-1.0828
-0.5363
-0.6488
-1.4110
-0.2141
-0.7254
-1.0181
0.1198
-0.7419
-0.7067
0.2313
-0.7654
0.1582
0.6986
-1.1939
0.4617
-0.4251
-1.2312
2.0955
-1.6500
-0.3366
1.3808
0.2513
-0.8402
-0.4579
0.9062
-1.5527
-1.8096
-0.2830
-0.4883
-0.1770
-0.5736
2.8956
-0.8307
-0.8594
-0.3406
-0.9782
-0.8793
-0.9094
-0.5411
-0.3079
1.5074
-0.7368
-0.8147
-1.2497
-0.7282
-0.5303
-2.5792
1.0455
-0.9405
-0.2520
0.1513
-0.2450
0.5788
-0.1249
0.3441
0.8460
-2.8820
-0.0819
0.1110
-0.4964
0.0902
-0.5872
-1.0810
-0.3394
-0.2352
-0.4631
-0.2158
-0.4660
0.6426
-0.5775
0.1719
-0.9488
-0.2673
-0.9717
-0.4068
0.3381
-1.6585
-0.5980
-1.5069
-0.7591
-0.5848
-0.3098
-0.7217
-0.2451
-0.4258
0.9672
-1.9516
-0.1642
-0.7925
-0.5758
-0.3339
-0.7505
-1.4182
-0.5446
-0.7429
-0.9358
-0.5509
-1.0183
-0.5879
-0.6578
-0.4562
-0.1673
-0.0457
-0.8131
-0.5282
-0.2865
-3.4409
0.5534
-0.0107
0.0433
0.7172
-0.2178
-1.0511
-0.1528
-0.0120
-0.2293
-1.4280
0.7267
-0.0894
0.4890
-0.3273
-0.7588
-0.1276
-0.4001
-0.5391
-0.5871
-0.2643
-0.6980
0.5874
0.4922
-0.5457
0.6713
-0.5001
-0.3406
-0.3242
-0.7193
-3.1688
1.5591
0.6867
-1.3483
2.6241
-0.4997
-0.7198
-0.3146
-0.2455
-1.6135
-2.9411
-0.9030
-0.6880
-0.8690
-0.4795
-1.1233
-1.4287
-0.4796
-0.1296
-0.7715
-0.4849
-0.8780
-0.3796
-0.7043
-0.9622
-0.1537
-0.6351
0.0260
-0.7287
-0.7338
-3.9061
0.8004
0.1019
0.8485
-0.6760
0.0409
-1.3022
-0.1273
-0.8641
0.3943
-0.7539
0.4341
-1.2099
-0.2930
-0.3647
-0.9142
-0.4817
-0.8332
-0.3551
-1.3471
-0.8490
-1.2913
-0.5921
-1.0924
-0.6755
2.2662
-0.1816
-0.4528
-0.7889
-0.4308
-1.3889
-0.8631
-1.6801
-1.0130
-0.6924
-0.4411
-0.7865
-0.3084
-0.8915
-0.7195
-1.5906
-0.6502
-0.8251
-0.7061
-0.4126
-0.3421
-1.4061
-0.7734
-0.6637
-0.8424
-0.3934
-0.9784
-0.4317
-0.7038
-0.6261
-0.8165
-0.3955
-0.8133
-0.6399
-0.3840
-2.2044
0.6156
-1.5340
-0.9979
-0.3518
-0.4835
-0.6265
-0.2357
-0.0499
-1.5925
-3.0348
-0.6261
-0.2494
-0.4665
-0.4031
-0.8091
-1.5399
-0.5032
-0.4073
-0.7960
-0.4010
-0.2647
-0.2873
-0.4300
-0.1286
-0.8425
-0.2393
-0.5747
-0.4091
-0.2918
-3.5311
-0.6712
-0.9499
0.5778
-0.4085
-0.2074
-0.8312
-0.1157
-0.2398
-1.7202
-2.2982
-0.2363
-0.3990
-0.7727
-0.3697
-0.4511
-0.6464
-0.6829
-0.6016
1.6259
-0.5881
-0.8584
-0.6599
-0.6463
-0.3798
-0.6799
-0.4790
-0.9387
-0.4798
-0.4435
-3.4877
1.9375
-1.5922
-0.5021
-0.4630
-0.2967
-0.7882
-0.2042
0.3889
-0.3857
-2.4887
1.4158
1.2306
-0.8515
-0.3503
-0.7228
-1.3270
-0.5078
-0.5838
-0.5936
-0.5205
-0.7104
-0.5217
0.1448
-0.7242
-0.7360
-0.4802
-0.6474
-0.4697
0.1271
-2.7179
-0.8449
-1.6799
-0.9070
-0.5708
-0.5197
-0.5952
-0.3294
-0.7187
-0.1718
-2.7315
-0.5435
-0.7298
-0.5719
-0.4224
-0.3194
-1.4943
-0.6115
-0.7084
-0.7711
-0.3249
-0.7881
-0.5886
-0.5901
-0.6603
-0.8861
-0.5024
-0.7116
-0.7451
-0.4316
-2.6750
-0.9988
-1.5901
-0.9912
-0.5960
-0.5260
-0.6115
-0.3600
-0.7526
-1.6746
-2.5461
-0.5515
-0.6882
-0.8574
-0.4092
-0.8425
-1.4288
-0.7304
-0.4217
-0.7955
-0.4943
-0.7999
-0.4039
-0.5516
-0.8232
-0.8236
-0.3348
-0.6879
-0.3346
-0.4611
-2.8759
-0.3255
-1.5108
-0.9893
-0.6480
-0.3930
-0.5022
-0.3015
0.0068
-1.3292
-2.5916
-0.7096
-0.5809
-0.8730
-0.5379
-0.7341
-1.3329
-0.5311
-0.4929
-0.7607
-0.5401
-0.7731
-0.4299
0.3854
-0.5420
-0.8447
-0.3611
-0.7588
-0.5886
-0.5141
-3.0778
-0.8791
-1.6238
-1.0094
-0.8617
-0.4381
-0.7307
-0.4410
-0.6370
-1.0762
-2.8399
-0.6380
-0.7546
-0.7856
-0.4821
-0.8469
-1.4092
-0.4972
-0.6147
-0.6129
-0.6523
-0.8240
-0.4932
-0.5615
-0.6599
-0.7269
-0.2106
-0.5562
-0.3433
-0.4915
-3.9250
-0.4021
-0.3758
-0.9494
-0.8075
-0.3322
-0.3489
-0.3318
-0.4137
-1.0217
-2.1575
-0.1176
-0.6241
-0.2602
-0.1099
-0.7832
-1.0967
-0.4700
-0.6877
-0.5701
-0.4503
-0.6591
-0.2738
-0.5794
-0.3932
-0.3749
0.0312
-0.6421
-0.1413
-0.1924
-3.7599
-0.0407
-1.4507
-0.9524
-0.6959
-0.5778
-0.4594
-0.2331
-0.3995
-1.3145
-2.6806
0.0813
0.2100
-0.8346
-0.4192
-0.7835
-1.2299
-0.4538
-0.6040
-0.7365
-0.5534
-0.9826
-0.4526
-0.4449
-0.6047
-0.7865
-0.4302
-0.7066
-0.5131
-0.2921
-2.9567
-0.8804
-1.6257
-0.9917
-0.5853
-0.4958
-0.4617
-0.4464
-0.7496
-1.7745
-2.5417
-0.5178
-0.6632
-0.6661
-0.4423
-0.8411
-1.4084
-0.5681
-0.6647
-0.7781
-0.3879
-0.8703
-0.5705
-0.7480
-0.6521
-0.7279
-0.2869
-0.7117
-0.3434
-0.6218
-3.9242
0.3513
-1.3065
-0.9618
-0.3322
-0.4724
-0.5864
-0.0677
0.1634
-1.4730
-2.7221
-0.4491
0.3039
-0.6443
-0.2454
-0.7462
-1.2506
-0.4688
-0.5807
-0.4429
-0.6275
-0.6189
-0.2536
-0.5453
-0.4105
-0.7897
-0.3264
-0.8502
-0.4367
-0.4119
-3.9243
-0.7579
-1.2535
-0.9676
-0.6148
-0.5143
-0.4586
-0.1725
-0.6624
-1.7456
-2.4963
-0.6680
-0.6508
-0.7023
-0.3358
-0.7900
-1.3492
-0.2276
-0.5522
-0.7736
-0.2633
-0.9791
-0.4177
-0.5252
-0.7873
-0.7538
-0.5024
-0.6248
-0.1080
-0.1670
-3.7134
-0.9507
-1.5726
-0.9612
-0.5337
-0.4454
-0.6648
-0.2858
-0.6354
-1.7411
-2.7503
-0.5712
-0.6815
-0.6720
-0.3464
-0.7920
-1.3773
-0.6180
-0.6275
-0.7669
-0.3511
-0.7999
-0.5918
-0.6026
-0.7573
-0.8162
-0.4660
-0.6822
-0.4602
-0.4903
-3.9319
-0.8524
-1.6499
-0.6625
-0.6880
-0.4321
-0.6691
-0.3432
-0.6936
-1.6653
-2.5925
-0.4871
-0.7173
-0.6923
-0.4004
-0.9901
-1.3366
-0.5870
-0.6849
-0.3150
-0.5475
-0.8487
-0.4770
-0.6096
-0.6492
-0.6971
-0.5606
-0.6331
-0.4250
-0.3279
-3.9356
-0.7932
-1.4866
-0.9529
-0.6394
-0.5189
-0.4155
-0.2054
-0.5168
-1.7110
-2.5105
-0.5417
-0.5920
-0.7840
-0.3600
-0.8705
-1.3936
-0.1453
-0.6923
-0.6045
-0.4050
-0.6161
-0.3466
-0.6170
-0.5971
-0.7744
-0.3002
-0.7294
-0.1829
-0.4971
-3.9422
-0.9017
-1.6530
-0.9403
-0.6050
-0.4152
-0.5203
0.1803
-0.5923
-1.7641
-2.5593
-0.6645
-0.5908
-0.5532
-0.3737
-0.8415
-1.3981
-0.6531
-0.6584
-0.5873
-0.1026
-0.7549
-0.3947
-0.8327
-0.3531
-0.2936
-0.2805
-0.2328
-0.5916
-0.6556
-3.8853
-0.9229
-1.2068
-0.8849
-0.7014
-0.3130
-0.4810
-0.2775
-0.7330
-1.7071
-2.6991
-0.5458
-0.5845
-0.6873
-0.2992
-0.8207
-1.3198
-0.3001
-0.6177
-0.8257
-0.5174
-0.9711
-0.6251
-0.6804
-0.5120
-0.6446
-0.4607
-0.7541
-0.5136
-0.3626
0.1015
0.0704
0.1337
-0.0547
-0.2162
-0.1302
0.0204
0.0391
0.2582
0.1042
-0.0483
-0.1123
-0.0825
-0.1460
-0.0353
0.0812
-0.2936
0.1672
-0.0103
0.0360
0.1087
0.0235
0.1317
-0.0379
0.0255
0.1596
0.0503
-0.0487
0.0534
-0.0060

Direct connections:
