version: 10
file format: 0

training data file: /tmp/train-lm-from-UD-corpus.sh.f23UAbxWJ.train
validation data file: /tmp/train-lm-from-UD-corpus.sh.f23UAbxWJ.valid

last probability of validation data: -247540.203130
number of finished iterations: 10
current position in training data: 0
current probability of training data: -246986.309262
save after processing # words: 0
# of training words: 1113908
input layer size: 152
hidden layer size: 30
compression layer size: 0
output layer size: 123
direct connections: 0
direct order: 3
bptt: 0
bptt block: 10
vocabulary size: 122
class size: 1
old classes: 0
independent sentences mode: 0
starting learning rate: 0.100000
current learning rate: 0.000781
learning rate decrease: 1


Vocabulary:
     0	         0	</s>	0
     1	    172745	32	0
     2	    102434	105	0
     3	    100896	101	0
     4	     96003	97	0
     5	     80745	111	0
     6	     64391	110	0
     7	     59762	116	0
     8	     57693	114	0
     9	     57336	108	0
    10	     43413	115	0
    11	     35116	99	0
    12	     34588	100	0
    13	     26580	117	0
    14	     24417	112	0
    15	     21716	109	0
    16	     14603	103	0
    17	     12867	118	0
    18	      9614	122	0
    19	      9368	44	0
    20	      8731	104	0
    21	      8622	102	0
    22	      8207	46	0
    23	      7792	98	0
    24	      4933	39	0
    25	      3430	113	0
    26	      2770	232	0
    27	      2478	67	0
    28	      2140	63	0
    29	      2112	34	0
    30	      2069	224	0
    31	      1973	83	0
    32	      1966	73	0
    33	      1751	76	0
    34	      1696	65	0
    35	      1523	49	0
    36	      1500	80	0
    37	      1360	77	0
    38	      1303	48	0
    39	      1141	81	0
    40	       971	41	0
    41	       956	57	0
    42	       947	68	0
    43	       946	50	0
    44	       901	78	0
    45	       873	40	0
    46	       843	242	0
    47	       827	69	0
    48	       827	71	0
    49	       797	82	0
    50	       761	66	0
    51	       739	249	0
    52	       723	84	0
    53	       704	58	0
    54	       676	45	0
    55	       646	70	0
    56	       596	51	0
    57	       587	53	0
    58	       557	52	0
    59	       543	56	0
    60	       524	107	0
    61	       476	121	0
    62	       461	79	0
    63	       456	85	0
    64	       455	86	0
    65	       424	54	0
    66	       391	59	0
    67	       390	55	0
    68	       305	233	0
    69	       294	236	0
    70	       237	72	0
    71	       224	75	0
    72	       199	106	0
    73	       192	120	0
    74	       192	119	0
    75	       153	74	0
    76	       128	87	0
    77	       126	91	0
    78	       126	93	0
    79	       118	200	0
    80	       113	47	0
    81	        98	90	0
    82	        85	171	0
    83	        85	187	0
    84	        84	89	0
    85	        72	8217	0
    86	        45	88	0
    87	        44	8220	0
    88	        42	8221	0
    89	        37	37	0
    90	        20	33	0
    91	        13	8211	0
    92	        12	176	0
    93	         8	333	0
    94	         8	38	0
    95	         5	42	0
    96	         5	201	0
    97	         5	8216	0
    98	         5	186	0
    99	         4	61	0
   100	         4	252	0
   101	         4	8230	0
   102	         3	181	0
   103	         3	228	0
   104	         3	243	0
   105	         3	231	0
   106	         2	23665	0
   107	         2	25163	0
   108	         2	225	0
   109	         2	95	0
   110	         2	64	0
   111	         2	43	0
   112	         2	246	0
   113	         1	227	0
   114	         1	238	0
   115	         1	192	0
   116	         1	32218	0
   117	         1	363	0
   118	         1	96	0
   119	         1	237	0
   120	         1	204	0
   121	         1	234	0

Hidden layer activation:
0.0001
0.0002
0.0003
0.0000
0.0000
0.0309
0.0000
0.0000
0.0043
1.0000
0.0000
0.8440
0.0000
0.0001
0.0000
0.0039
0.0000
0.0000
0.0001
0.0000
0.0005
0.0000
0.0000
0.0000
0.0972
0.0000
0.0000
0.0000
0.0002
0.0000

Weights 0->1:
0.0133
-8.2539
-7.7642
-4.3497
-4.6269
-1.9884
-5.8662
-4.9190
-3.3210
-3.2657
-5.6856
-3.9614
-1.0690
-4.9639
0.6502
6.7992
-1.1395
-5.5559
-2.4104
-2.4325
2.0945
-1.7706
-3.1531
3.3940
-1.0091
0.3877
-0.3843
-0.9728
-1.0339
0.2418
0.0466
-1.6628
-2.1503
-1.2506
-1.5542
0.4983
-0.4277
-0.1953
-0.2007
0.0435
-2.3488
0.3767
-1.1090
0.8613
-1.0830
-0.0260
-0.2933
-2.0825
-1.0679
-1.7937
-0.6172
-0.6301
-1.5684
-0.5813
-1.6059
-0.8257
0.4492
0.7524
0.5346
0.2772
-0.1124
0.4470
-1.3988
-0.1991
-0.3912
0.1631
-0.1457
-1.0022
-1.1362
-0.0180
-1.1692
-0.2963
-0.0435
-1.2690
-0.7379
-0.4429
0.2939
-0.0616
0.2940
-0.1932
-0.3901
-0.3563
-0.1172
-0.0835
-0.1876
0.2986
-0.1118
0.0180
-0.2275
-0.3158
-0.1760
0.0098
-0.4025
-0.6684
-0.0814
0.1545
0.0137
0.0688
0.1545
0.0006
0.1281
0.0896
-0.0406
0.4022
0.0339
-0.0791
0.0158
-0.1252
-0.1332
0.0142
0.1485
0.0298
-0.0892
-0.1990
-0.0793
-0.2142
0.1025
0.0369
0.0006
0.0579
0.0520
-0.1068
-2.1774
0.4745
-0.9194
-1.5909
-4.1315
-1.8308
0.3649
1.1165
0.2912
-8.1649
2.3359
0.8399
3.1061
-2.3603
-3.7476
-1.3807
-2.1670
-2.6323
0.4368
4.4159
0.3528
1.0940
2.5620
-1.8438
-0.8545
3.0577
1.3829
0.8639
-0.6271
-4.3350
-0.1530
-6.2511
-2.5804
1.0954
-8.3517
-2.4803
-4.3431
-4.2132
4.6048
-1.2285
-6.7689
1.4625
-0.4204
-3.6788
-3.2859
-4.6531
4.0787
-3.4731
1.0416
-3.2760
1.6156
-3.6118
-4.5527
-1.5460
-1.7993
0.9447
0.0215
-0.9887
-2.2560
-0.1709
-1.6892
-2.0428
-2.7823
-1.5715
-1.6691
-0.5812
-0.3537
-0.8743
-0.6982
-0.0050
2.2838
0.9094
-1.6447
-0.6478
-2.3912
-0.5308
-0.4835
-0.2212
-0.0336
-1.9230
-0.7889
-0.8054
-1.2148
-1.7758
-2.8728
-1.2796
-0.4980
-0.4030
-0.0930
1.0285
-0.3635
-1.3987
-1.2341
-0.8723
-0.7956
-0.2348
-1.0567
0.2516
-0.0903
-0.5515
-0.7287
-0.3979
0.1906
-1.3127
0.0146
-0.1036
-0.6006
-0.0127
0.5193
-0.2801
-2.3471
-0.1898
-0.8069
0.5283
-0.3228
-0.5131
-0.8022
-0.2273
0.1420
-0.1874
-0.1088
-0.0881
-0.0841
-0.2477
-0.0921
-0.0634
-0.0454
0.0338
-0.0321
0.0003
0.0698
-0.1462
0.1317
0.2961
-0.1286
-0.1776
-0.0371
-0.1288
0.1380
-0.2538
0.0233
0.0753
0.0568
-0.0388
-0.0100
0.0581
0.0023
-0.0991
0.0707
0.0858
-0.0006
-0.0130
1.2741
-1.0208
0.9542
-2.8694
0.2119
-1.4829
0.1929
0.6574
-0.7400
-1.0927
-3.0147
-1.6506
0.1896
0.4886
2.4705
1.8186
-0.8951
1.6171
2.5429
-0.1527
-1.4297
-1.8604
1.9022
-6.7270
1.1303
0.9222
-2.0231
1.9855
0.5196
-3.3930
0.1036
2.6216
-1.8687
0.7513
0.2770
0.5859
-2.0499
1.6001
-8.1614
-0.5951
-3.7319
0.8356
-3.0893
-3.3984
-0.3133
-2.6862
0.7683
-3.4292
-0.2823
3.3562
-3.2224
2.3715
1.0165
-0.1852
-2.7573
-0.0596
-1.1845
3.7799
-0.5159
1.5396
-0.8214
0.3363
0.7134
-2.5953
0.8060
-2.4979
1.8893
-1.4332
-3.7926
0.4671
-3.2665
-0.1356
-0.3611
-2.2082
1.4992
3.1984
-0.7233
0.8472
-0.3643
-1.6633
-0.3954
-1.0755
-1.5080
0.9155
-1.6689
-0.2470
-1.9976
-2.8640
-2.0216
-0.7276
1.0706
-0.2905
6.8610
0.3756
-0.9116
-1.4384
-0.2158
-1.2791
-0.3303
-0.5677
-0.5057
0.1366
0.5838
0.5351
-0.4648
0.0969
-0.5358
3.6140
-0.5661
-0.5005
0.1390
-0.0634
1.0137
-0.3016
-0.6012
-0.2705
-0.6070
0.3978
0.0149
-0.4626
0.0161
-0.3365
-0.5527
0.0235
-0.3558
-0.1890
0.1702
-0.0589
-0.2279
-0.1223
0.1056
-0.2021
0.2518
0.1120
0.0260
-0.1307
0.0432
-0.1068
0.1888
-0.2725
-0.1238
-0.1299
0.2545
0.0357
-0.1070
0.0084
0.0582
0.1609
0.1285
-0.2636
-0.1820
-0.0660
-4.9797
-4.8538
-0.0664
2.4880
1.1191
-4.1420
-1.1171
0.9994
-0.6206
0.3387
3.6574
-8.3240
3.9146
-5.3282
-0.3417
-2.4785
-1.4641
-0.3649
1.9772
4.2403
1.6051
-0.6934
0.4159
0.8086
-4.3291
-3.0690
-0.6449
0.5674
-1.1376
-7.8707
0.0023
-5.0982
-0.2973
-9.1316
-6.4047
-4.0982
0.9417
4.8502
-0.8340
1.0051
-5.2059
-3.8346
-1.0661
-3.0503
2.6082
-0.7316
4.8913
-2.3503
-2.5843
0.7912
1.9719
-3.8993
-0.9107
3.8975
-5.5632
1.1196
-0.1773
-3.8120
0.3520
-3.5463
-0.0084
-1.7514
-0.6676
0.5866
-0.9023
0.0609
0.8813
-0.7278
-0.4219
0.1258
-0.9368
1.3258
-1.6432
1.0715
-0.6210
-2.2456
-0.0657
-0.9062
-2.0677
1.2198
0.5757
-0.0923
0.6967
0.5533
-0.8010
-1.0786
-0.2566
-0.1236
-1.0571
-0.0721
0.4726
-0.1962
-2.3829
0.4695
-0.4236
-0.4127
0.1403
-0.5190
-0.5184
-0.3274
-0.7834
-0.5103
0.5892
-0.3608
-0.6768
-0.5618
0.0121
1.6779
-0.7259
0.4449
-0.3308
-0.0579
-1.8902
-0.0743
-1.0461
-0.7503
-0.4293
-0.3926
0.2463
-0.0599
-0.1999
0.1782
0.0822
0.3242
0.1254
0.1016
-0.0015
0.1522
-0.1312
-0.0592
0.1139
-0.1362
-0.1772
0.1885
0.1783
-0.1402
-0.0881
0.0881
-0.0000
0.1434
-0.0242
-0.1513
0.0281
-0.0749
-0.0677
0.0790
-0.0083
-0.2117
0.0020
0.1323
0.2586
-0.0182
-0.9392
-1.1924
0.4604
-2.5027
0.3230
0.3223
0.8936
-1.1547
-0.1072
-0.1139
-0.7916
-0.0228
-0.1901
-2.5588
-2.1048
-9.9055
1.6119
0.1970
0.9048
1.8618
-0.6999
0.5685
0.0442
0.4375
-5.0277
0.5654
4.7607
-3.2744
-2.8023
3.4992
-0.1140
-6.6854
-4.8373
-1.8304
-7.3896
-7.2759
-3.2920
2.1929
5.6347
2.1135
8.3135
-0.8566
-3.5805
-2.2197
-7.2092
5.3610
-5.0560
-4.5440
-4.2059
-0.6339
-2.4493
-2.4591
-1.3750
-2.8149
-3.6301
-0.9924
-1.3890
-2.0659
-1.9072
-4.3375
-1.7441
5.3096
-2.6478
-2.0939
-1.8684
-2.6509
-0.1823
-0.4376
-2.0930
0.1790
-3.0280
-1.1362
-0.9505
-2.1691
-1.3863
-0.7153
-2.0855
0.5715
-1.1758
1.6816
-0.6443
-2.4720
-0.8367
-0.6618
-0.0709
-0.3263
-1.8333
-1.7936
-1.8306
-1.2880
-0.8727
-3.2507
-0.7771
-1.0535
0.0382
-1.3004
-1.1128
-1.3186
-1.0318
-0.5708
-0.3345
-0.5204
1.1946
-0.3443
-2.0056
-0.0601
-0.0462
-0.8305
-1.5158
-0.7316
-0.7176
0.1414
-0.4165
-2.3228
0.5570
-0.0008
-0.8105
-0.4450
-2.2532
-0.2718
-0.7026
-0.2129
-0.2961
-0.1897
-0.2547
-0.2379
-0.1654
-0.2689
-0.1604
-0.2701
0.0876
-0.1316
0.0313
-0.1073
0.1204
0.0957
-0.1491
-0.0487
0.0171
-0.0658
0.0758
-0.0505
-0.0530
-0.1627
-0.1216
-0.1620
-0.0102
-0.1054
-0.2499
0.0593
-0.1844
0.2131
2.9337
1.4752
0.0408
0.8118
-4.8834
0.6664
-0.3038
-4.9948
1.7079
-3.2606
-0.5446
-1.3206
-2.5477
-2.1779
-1.2174
-2.4923
-3.7257
2.1337
-1.0219
-1.7898
0.5671
-2.2448
1.7773
-0.8176
1.3093
3.6222
-1.5682
1.4593
0.8192
-4.6217
-0.0338
-0.2512
-5.1755
-5.5584
-3.1196
-5.2890
-0.9813
-5.1680
0.4746
-0.1128
-4.7344
-1.8811
0.2834
8.2333
1.4500
-1.7352
-4.5366
0.0878
6.0442
-3.7132
2.2876
0.3217
-4.6681
-1.1107
-3.3253
-2.3722
-1.5088
0.4224
-3.4939
0.5578
-3.5168
-0.3601
1.6698
-0.7485
-1.5616
-1.4738
0.9683
1.7346
-2.9132
-2.1592
-2.9968
-0.8296
-0.1821
-3.0189
0.5720
0.4883
-2.2951
-1.6807
-0.2937
-0.3209
0.2928
-2.7773
0.0975
-2.3211
-0.5767
0.7941
-2.5274
-2.3490
-1.6602
-2.1157
-1.6038
-1.9562
-0.1003
2.9861
0.7954
-1.7450
-2.7275
-1.6504
-2.4004
-1.5200
0.1559
0.6221
-1.2168
-1.1437
1.2910
-0.8952
0.7276
0.2890
-1.9978
-0.9710
-0.0462
0.8428
0.8939
-1.6718
0.6510
0.4253
-0.6577
0.6947
-0.8363
-1.1361
-1.1544
-0.9614
-0.6326
-0.5506
-0.9797
-0.5347
-0.2483
-0.6355
-0.1367
-0.4624
0.1226
-0.7137
-0.0835
0.1412
0.1809
0.3599
-0.2991
-0.1292
0.0661
-0.2929
0.3826
-0.3380
0.0478
0.1010
-0.1053
-0.0026
-0.2158
-0.0208
0.0611
-0.0512
-0.3683
0.0286
1.5251
0.4599
-0.2038
-0.8521
-1.1068
-0.0343
0.3377
-6.7151
-0.4560
-1.0391
-2.3153
-0.4691
-1.1065
0.2804
0.8006
0.6966
-0.2324
-0.2529
-0.5917
0.5597
-0.0885
-0.3780
0.4033
-4.3881
-0.6484
1.3207
-1.7686
0.5834
-1.0201
1.4824
-0.2638
-7.2501
-5.8402
-2.4322
-9.9213
0.4011
-6.8732
-4.5386
-1.3709
-6.1397
-5.4016
-4.0528
-4.6461
-6.8227
-1.5715
1.5292
-3.3602
-1.1981
-6.1904
1.6833
0.6692
0.1103
1.3113
-1.2570
-1.4761
-3.8051
1.4136
-2.7474
1.7955
-0.5262
2.3804
-2.0474
-1.3257
-2.0346
-2.7612
-2.9087
-0.1915
0.0169
-1.9779
-2.4924
0.8449
-2.4597
-0.6226
-1.8188
0.0182
-2.1163
1.3665
-3.4741
-1.8034
-0.8099
-0.9065
1.1189
-2.4221
1.1954
0.0401
0.1541
-0.7960
-1.3139
-0.9087
-2.1102
-0.8275
-0.9088
0.5437
-0.1795
2.1105
-1.0751
1.0264
-1.3556
0.4398
1.0952
-0.1627
-1.0182
-1.6302
1.0601
0.3059
-1.5547
-0.4462
0.0307
0.3878
0.8252
0.0492
0.0846
-1.5594
1.1036
-0.9449
-0.5221
-0.3148
-1.1434
0.4355
0.0926
0.4793
0.6300
-0.0139
-1.0531
0.3575
0.3579
0.2760
0.2263
0.0201
0.2097
-0.4197
0.2282
-0.0871
-0.0693
-0.3307
0.0219
-0.2511
-0.1670
0.0231
0.0820
0.0349
0.0855
-0.0986
-0.0933
0.0428
0.1895
-0.0238
-0.0055
-0.0384
-0.0763
-0.0011
-0.2205
-4.3347
0.9775
-0.9197
-1.4901
-0.5120
2.4945
-0.5132
-0.0836
-1.6077
-0.6016
3.6314
0.7591
-3.0478
4.2735
-0.4027
4.6926
-0.4678
-0.6924
-0.8504
-2.8211
-7.4419
1.2466
0.8281
2.5888
0.5922
-1.7648
-2.5637
-0.1976
0.4710
0.5537
-0.0930
-8.6212
-5.9380
-4.6645
-5.1989
-6.4221
-2.3559
-0.8821
-1.2615
-1.0474
-1.1391
1.3200
-2.1431
-9.0419
9.4668
-2.9793
-0.2917
-0.1932
-5.2536
-2.5436
-1.6401
3.1834
-3.6331
-1.3402
-5.7171
0.9386
-2.2281
1.8189
-1.9302
-2.5699
-2.9203
-1.1602
-3.3997
-1.5125
-2.7510
-2.5372
-0.3912
-2.5847
-2.2327
-0.4634
-2.9163
-0.6681
-1.4072
-1.7569
0.1669
-4.0824
-1.2412
-2.8189
-0.0349
-1.5739
1.0641
-1.7497
-0.6827
-1.7924
-1.8940
0.2176
-1.5760
-1.2103
-1.8768
-2.1388
-3.2673
-2.8472
-4.7164
-3.7896
-0.9936
-1.3188
-0.4491
-1.5980
-2.4150
-1.8978
-1.6508
-0.7308
-1.7743
-1.3864
0.4791
0.1659
-1.1780
-3.1169
-0.5947
-0.9503
-1.1315
-1.5727
-2.3508
-1.1639
-1.0895
-0.1715
-1.7924
-2.2587
-0.1875
-0.5862
-0.3147
-0.7140
-0.4101
0.1046
-0.8077
-0.8204
-0.5579
-0.5840
0.0248
-0.3995
-0.2971
-0.6018
-1.0262
-0.6296
-0.6897
0.1273
-0.5648
-0.3192
-0.1955
-0.2932
-0.1952
0.0155
-0.0897
0.3450
-0.3433
-0.1677
-0.1996
-0.0901
-0.0747
-0.0310
-0.0807
-0.2207
0.6416
-0.3064
-0.4383
0.0424
0.0697
1.1396
-0.7623
2.1933
-0.2606
0.3420
1.4578
0.1476
-0.3549
1.4435
-0.8192
0.6419
-1.1374
1.5359
0.3533
3.3462
-3.5787
-0.6010
0.0117
0.8846
-1.1841
1.2893
2.5795
-2.9973
0.1909
-4.9249
0.0376
-6.8370
-6.2833
-8.2633
-2.5405
-2.4692
-3.1499
-0.8862
-1.5036
1.8217
-6.2260
-6.3467
-3.7378
-2.4111
-6.0334
-4.3691
4.7707
-4.1797
2.0241
-0.6902
1.5915
-2.1449
-2.7713
6.5665
-2.9798
-0.0257
-0.8732
-0.2606
-0.8823
-3.1833
-0.5450
-2.2422
-0.3415
-0.2524
-1.7313
-1.4366
-1.3341
-0.8020
-2.9541
0.5382
-2.7676
-1.9719
-1.2448
-1.3057
-1.9523
-3.1427
-1.5163
-2.2355
0.1987
-2.4158
-0.5566
-1.4677
0.0002
-0.3701
-1.6317
-0.9880
-0.9127
-2.0517
-1.1890
-1.7704
-1.4347
-0.9029
0.4261
-1.9479
-1.1825
-1.2560
-0.0587
-1.7913
-0.5245
-1.4006
-0.4262
0.0265
0.6309
-0.3754
0.3685
-0.2229
-1.0689
-1.2588
-0.9655
-0.0485
-1.2344
-0.1100
-1.5157
-1.1581
0.0343
-0.6312
-0.8948
-0.8148
-1.0610
-0.1843
-0.3642
-0.1967
-0.1874
-0.1167
-0.0861
-0.2358
-0.0725
-0.0770
-0.1808
-0.1785
0.1897
-0.2004
0.1585
0.0494
0.1672
0.0934
-0.3779
-0.0774
0.0300
-0.1456
-0.1016
0.0748
0.0017
0.1762
-0.0048
0.0778
0.0310
0.0199
-0.1291
-0.1700
0.0991
-0.2996
-2.8173
-1.1405
0.8780
-3.3735
-0.6055
2.1355
1.7301
-1.1714
-6.1296
-1.6049
-0.5581
1.1137
-0.8700
1.0857
-2.5113
-3.2469
-0.0637
-0.2491
0.3442
-3.2652
1.0962
0.2811
-0.9135
2.3202
-0.1423
1.2804
-2.2020
-0.3222
1.0722
3.1844
-0.0783
17.4799
-5.7986
-1.5618
-5.2268
-2.3674
-3.5509
-1.9394
-3.1947
-4.2940
-0.5000
0.0335
-5.5751
-5.3124
-0.9035
-5.2483
-2.2964
-4.2150
-4.3235
-2.1041
-2.9328
-1.2751
-2.0800
2.1221
-3.6700
-2.7590
-1.6553
-2.0366
-1.6803
-1.5657
-2.1740
-1.8443
-1.1197
-1.3112
-0.4727
-2.8198
-2.2511
-0.9911
-2.6497
-0.2836
-3.5890
-2.2116
-1.4155
-2.6272
-1.6243
2.5043
-1.6065
-0.8064
-0.9216
-1.3522
-0.9155
-0.6000
-0.8093
-1.4431
1.7228
0.1662
-2.1442
-1.7233
-1.9340
-1.9906
-2.0998
-1.1536
-2.0224
-0.8004
-0.9502
-1.4913
-1.0429
-1.4525
-2.2277
-0.4018
-0.6073
-0.3848
0.3037
-1.1020
-1.4255
-0.4347
0.2167
0.4513
-0.1866
-0.3533
0.3444
0.4935
0.2271
-0.4335
-0.0332
1.9524
-0.6297
0.2646
-0.0925
-0.4337
-0.8277
-0.0766
-1.3594
-0.3021
-0.1145
-0.0874
-0.0065
-0.0439
-0.5877
-0.0631
0.2171
-0.2394
0.0846
0.1111
0.0020
0.1485
-0.1440
-0.2367
0.1026
0.0464
-0.0753
-0.0628
0.0035
0.0390
-0.0325
-0.1393
-0.0987
-0.2872
-0.2935
-0.1086
-0.2533
0.0796
-1.6849
-0.9930
0.6089
-0.8083
-1.3339
0.3604
-1.3839
-0.9290
-2.7217
-2.1043
-0.9722
-0.1955
-1.1421
-2.0881
1.4375
-0.4749
0.3533
1.2504
1.4831
0.0995
0.7817
2.5943
-1.9402
1.7192
0.9187
-1.4516
-0.9441
-1.2999
-0.3241
2.8241
0.1003
-7.8086
-3.0297
-2.1500
-4.9373
-6.9635
-5.6005
-7.9284
-2.3755
1.0124
-3.1155
-7.3537
-3.2208
-6.7019
-7.1537
-4.5569
-7.9763
-6.9088
2.5772
0.6301
-1.1139
0.6473
0.0540
1.8074
-1.2373
-0.0300
1.1299
-0.8874
5.1451
-0.2281
-0.6635
-0.5939
-2.4729
-2.2383
-1.4184
-1.6556
-0.1490
-0.1733
2.4137
-0.8205
-3.5786
-2.4162
-0.9749
-0.6862
0.0193
0.2010
1.0375
-1.8890
-0.6575
1.9211
0.0515
2.4292
-1.0355
2.5704
-3.3468
-0.3251
-0.9410
-1.0075
-1.4267
-0.8767
-1.9395
-3.0036
-1.4804
-0.5683
-0.5549
-1.2248
3.6140
-0.6835
-0.3738
0.1348
-0.7264
-0.9639
-1.0807
-1.0570
-0.7217
-0.4489
0.0932
-0.0634
-0.5587
0.7201
-1.5817
-0.7988
-0.4114
0.5632
-0.3379
-0.7175
-0.0827
-0.1188
-0.2034
0.8375
0.9919
0.1019
1.2634
-0.0371
0.4359
0.1210
0.3155
0.1975
0.3538
0.3120
-0.1645
0.1698
-0.1950
-0.2411
-0.2438
-0.7009
-0.0681
0.0598
-0.1544
0.2169
-0.4719
0.2783
-0.0774
-0.0003
0.1923
-0.1063
-0.0505
-0.0284
0.2524
0.0609
0.2817
-0.0609
-2.4603
0.5178
0.4452
-1.6439
-2.8031
-1.2344
0.3027
-1.8638
-1.1050
-1.5196
-1.6268
-0.4056
-1.1384
-4.0339
-1.8095
0.6931
-0.7913
0.5047
1.4025
1.1616
-1.0645
2.5239
-2.0924
1.4993
2.8072
-2.2044
0.1061
-0.0447
1.0433
1.7780
0.4339
-5.8187
-7.2030
-4.3772
-7.3609
-4.8531
-5.5726
-7.1196
-2.2554
-7.8739
-3.1790
-2.1702
-7.5712
-6.5761
-4.0454
-9.2295
-6.0842
-6.7069
-0.6442
5.1995
-0.6543
-4.4266
6.7447
-1.9965
-4.4634
-2.5534
2.1363
1.6970
1.0877
3.0182
1.1911
0.4765
7.2533
0.5323
0.6942
3.4376
-0.1594
1.0007
-2.1755
-2.2182
2.1825
3.4279
0.0734
4.1808
0.7791
2.5358
2.0314
0.1742
1.3682
1.7337
1.6035
1.9192
-0.6305
2.6654
0.5260
1.2134
3.8700
4.6111
3.7464
3.9109
-4.2315
-3.1866
-0.1681
5.1914
2.9122
2.9963
1.1737
3.9008
-0.1037
1.6364
0.2958
0.6905
-2.3605
-1.4554
-1.5325
-0.2229
-0.0225
4.2736
1.4589
1.3087
2.0568
0.7019
3.1977
1.4622
-0.4072
-0.8112
3.7815
3.7928
1.2400
0.5500
0.7113
0.7437
0.3771
0.1905
0.5533
0.0808
0.3865
0.2117
0.2726
0.3679
-0.3067
0.1768
0.0366
0.0967
-0.5858
-0.1940
0.2536
0.1514
-0.2048
0.2146
0.0740
0.1819
-0.1237
-0.1374
0.1887
0.0315
0.2012
0.0533
-0.0331
-0.2132
0.1145
-0.1363
3.2324
-2.0703
0.6325
0.8303
-0.3048
-2.1565
-0.1667
0.4949
-3.4713
-4.3654
1.9028
3.0330
-2.4918
0.7323
2.2985
-2.5255
-0.0848
-1.7902
0.2407
2.4791
1.9552
0.3036
-2.9145
-4.3676
3.1794
-3.3440
-5.9810
-0.1200
1.1376
3.4946
-0.1152
-6.6908
-6.3648
-1.6265
-1.5264
-2.1296
-6.2145
-2.4533
-0.5170
-2.3546
-4.5439
3.2450
-5.1170
-6.0594
-0.3330
-1.3475
-4.2598
-1.3768
0.5915
7.6462
1.7809
-1.3693
1.7600
-2.9179
-8.7791
0.2075
1.0707
0.6887
1.2713
-4.0938
-0.7932
-1.6161
-4.4289
-1.5126
-3.5130
3.9273
-0.9554
-1.4803
5.8378
-0.0920
3.2441
4.2524
-1.3698
4.0546
-2.4895
1.1676
0.6018
-1.5710
-1.1565
-3.1798
-1.0365
0.8294
-1.4420
1.3939
2.4535
-0.8603
3.8242
3.9499
3.7501
3.8887
-1.9221
-1.0320
-2.4288
-2.5351
-1.3410
3.3833
0.9333
3.2002
-0.0028
-0.3798
-0.2752
0.1469
0.4243
0.9011
-0.5620
0.1131
0.6915
-0.8422
0.5280
1.5890
0.1142
0.4351
-2.3100
0.6173
0.6372
-0.8195
-1.2693
-1.6124
0.4275
1.2248
-0.0633
0.9033
1.0811
-0.2196
0.7153
0.6147
0.5356
0.2500
0.4602
0.4658
-0.0253
0.2292
-0.4648
0.1110
0.1735
-0.1957
-0.3424
-0.0090
-0.2491
0.0768
0.0743
0.3622
0.0020
0.0529
0.0986
-0.1077
-0.0124
-0.1078
0.2126
-0.1982
0.0500
-0.0762
1.3049
-0.4648
1.9179
1.7006
-2.2513
0.2123
-1.8835
-1.4057
0.8539
-1.2703
-0.7049
0.7477
1.6854
0.2482
2.1491
-2.2789
-0.0044
-0.8177
-4.7726
-5.2312
-2.6476
-0.8764
3.5379
-2.3979
-4.7868
2.7532
6.7183
-1.0700
-3.5929
-1.9967
-0.1649
-9.9063
-3.7620
-3.2496
-8.0749
-7.9689
3.5461
-4.7878
-4.1736
-1.7854
0.6533
-2.6280
-2.8367
-4.0176
-5.4398
-3.8415
-2.6086
0.2748
5.2250
0.3752
-3.8635
-3.3057
-0.1876
-5.4244
-2.5740
-1.4932
0.5229
-2.8600
2.1905
-0.5256
1.2706
-1.4789
-3.2161
0.0121
-2.7947
0.6541
-2.4220
1.2119
0.0281
-1.8738
2.8911
-0.6681
0.3503
-0.8624
-1.2068
0.3879
1.8920
-2.6256
-2.8028
-0.9716
-2.1381
1.8903
-2.3069
0.9621
-3.9248
-1.8712
-0.2494
-1.1012
-0.2333
-1.3398
0.5660
-0.2415
-2.1765
-0.7869
-0.1917
-0.4698
1.8515
-0.8802
-0.9130
0.6146
-0.1605
0.1029
-1.3653
0.5072
-0.8902
-0.1837
0.2044
-0.7609
0.3731
0.3986
-2.0943
-0.4213
-0.8858
0.3017
0.1645
-0.6800
-0.2525
-0.7569
0.0233
0.7276
0.1028
0.0747
0.2713
-0.4192
0.0254
0.0270
0.1716
0.1512
-0.0174
-0.1058
-0.5508
0.0499
0.0690
-0.2388
-0.6802
-0.0635
-0.1640
-0.0412
-0.1565
-0.1746
-0.1815
-0.0637
-0.4245
-0.0775
0.0989
-0.0190
0.0092
-0.2535
0.0426
0.0109
0.1129
-0.2460
0.6806
0.2870
0.1733
-1.1602
0.2352
0.9323
0.7745
-0.8409
0.0242
-2.9632
2.1995
0.6195
-1.5781
1.6806
0.0562
-0.5584
-0.3567
-1.1092
-1.5269
-1.5716
-1.5762
1.0983
-0.7357
1.9404
-0.5416
-0.9188
-1.4442
-0.1117
-1.3643
2.9848
-0.1337
-5.6778
1.4135
-3.8357
-4.3839
-3.3122
-2.6686
-3.6903
0.6823
2.5712
-3.4254
0.1756
0.4219
-2.2664
3.2037
-1.5400
3.3421
0.3596
-0.8866
0.1837
0.8986
3.6374
0.0280
3.0304
-2.2458
2.3804
-1.3648
-1.1902
-0.5860
-0.9902
-0.4822
-1.9855
-0.1935
-0.1377
-3.7284
-1.5356
-3.0540
0.3333
-0.2840
2.5284
-1.6410
-0.5343
-0.4910
-1.0748
-2.9895
-1.3414
-0.4346
-3.5646
0.0010
-0.7480
-0.6655
-1.0782
-1.4146
-0.4434
-2.3773
0.3838
-0.8347
-0.8235
-0.4940
0.0525
0.1912
-0.8686
-3.8584
1.0045
0.0362
-0.5564
-0.2625
-0.6634
-0.5386
-0.2698
-0.6830
-0.5860
-0.0465
-0.3019
-0.2849
-0.4949
-0.1633
-1.4407
-0.2634
-0.8663
-1.0957
-0.2207
-1.0573
-0.5173
-0.4322
-0.2190
0.0142
-0.4158
-0.0601
-0.1587
-0.0536
-0.4195
-0.1463
-0.2244
-0.5089
-0.1130
-0.6695
-0.4889
0.1789
-0.2754
-0.0213
-0.4309
-0.2693
0.1513
0.1099
-0.1126
-0.1265
-0.0259
0.2229
-0.2127
-0.0373
-0.2770
0.0075
-0.1130
-0.2258
-0.0982
0.0870
-0.0881
0.0107
-0.0939
0.0087
-0.0693
2.3267
0.0076
-0.2097
2.0167
-1.7426
-2.2340
-1.5141
0.0638
0.4825
0.7678
-2.0514
1.0932
-3.3012
-6.9633
0.4328
-1.1601
-3.1595
-3.1725
0.9215
-5.5000
-2.0487
1.8241
1.8281
-0.7744
-3.8233
3.1112
-3.4513
-0.4176
-2.6555
-0.7682
-0.0723
-6.9881
-2.0348
-1.5070
0.5651
-2.5110
-4.1982
3.6980
-2.0656
-2.9297
-5.3283
-6.9680
-1.9335
-1.9904
-5.0005
1.5284
-4.2997
-2.4931
-5.9678
-3.3467
-4.9296
-4.0316
-4.0201
-2.0474
-3.4857
-2.3227
1.8741
-1.6762
-0.4491
3.3324
3.2868
-0.7786
-0.8830
-1.4571
-2.0710
2.4186
-0.7044
-0.6702
-2.0417
-0.2792
5.9726
0.7425
-1.4393
1.8211
-0.4580
-0.9513
2.7196
-1.4138
-0.5130
-0.5325
-0.1935
2.2721
-0.4009
-0.9868
-4.3733
-0.4197
1.1686
0.9364
1.5171
1.5285
-2.0141
0.0459
0.1328
-0.7648
-0.6218
1.4498
1.0010
1.2818
-0.3953
2.5306
0.2402
-0.2429
-1.6617
-0.2378
-0.9922
0.1225
-0.2142
-0.7889
3.1107
0.4392
-2.7376
-0.5332
-0.0173
2.1380
0.1257
-1.0091
0.1319
-0.1755
1.3218
0.4325
0.2348
0.0041
0.1132
-0.4074
0.1234
-0.0115
-0.1340
-0.0682
0.0839
0.0680
-0.5465
0.1188
0.0882
0.0278
-0.4933
0.0405
-0.1692
-0.1555
-0.2664
-0.1093
-0.1253
-0.1439
-0.0351
-0.0622
0.0609
0.1922
-0.0777
0.0247
0.2115
0.1250
-0.1441
-0.1613
-1.2124
1.3594
-4.2957
-1.9320
0.2046
0.3454
-0.1563
-2.3473
-0.4909
-4.7636
1.2245
-1.6064
3.3714
1.5897
-2.7387
-2.0693
-0.6971
0.3111
1.7525
-0.1141
0.0332
0.0671
0.4474
-0.1865
0.9233
-0.9116
-0.8053
0.2504
1.4619
-2.1909
-0.3505
-8.6205
-5.0062
-5.2577
-4.7668
-5.3633
-0.6706
1.3408
0.4110
0.9735
-0.6233
-3.7883
8.3705
-0.7535
-1.6944
0.5563
-3.7701
9.8775
2.0009
-0.6443
2.5811
1.3696
-1.0338
-0.1695
-0.1904
-0.2730
-0.6683
-2.7573
0.6694
-3.2654
-5.4180
-1.4054
-3.7993
1.6940
-3.0342
-2.7473
-0.8356
0.0831
-2.0548
-0.2364
-1.8673
-2.3619
0.3579
-1.7990
2.7035
-2.3560
-0.9487
-2.4427
-2.4663
1.5064
-0.2532
-0.3266
-1.1190
-0.3003
-2.2738
-0.7503
-1.9369
-1.8969
-2.0596
-2.1186
-2.8591
-5.4533
-3.9743
-3.0407
1.7272
-1.5285
-0.1185
-1.7840
-2.4334
-2.3962
0.2536
-0.4573
2.7031
-0.6264
1.0819
0.5424
0.2008
0.0132
-0.7960
-0.1428
-1.8346
0.1134
-1.2581
-1.2169
0.4475
0.4247
-0.7651
-1.2925
-0.7191
-0.2024
-0.0308
-0.3191
-0.0158
-1.6673
-0.1627
-0.3533
-0.1008
-0.2002
0.0138
-0.3457
-0.7501
-0.2089
-0.1041
-0.9638
-1.5085
0.1794
-0.3684
-0.0999
-0.5585
0.0109
-0.0527
-0.0132
-0.4299
0.1771
0.0236
-0.3056
0.0054
-0.2498
0.0614
0.0053
-0.0789
-0.2792
-0.8144
-0.2099
-0.6801
-2.0900
2.8382
-3.1888
-1.6525
1.1345
0.8037
-0.1840
-1.2599
1.1352
-2.1459
0.6182
0.2432
2.1204
3.7290
-0.7004
2.0279
1.4663
-0.6793
-0.4588
-1.2530
1.0486
-2.8384
1.5084
2.5120
0.3768
-2.4637
0.7765
0.0374
-2.2960
-1.3685
-2.5062
0.1350
-1.4779
-0.4393
-2.4787
-0.1382
-5.4674
-3.7347
1.2989
-4.5916
-6.9600
-0.2115
0.0389
-5.1029
-2.5578
11.6654
4.9933
-2.2229
2.1956
0.8743
-1.1994
-7.7290
-1.0403
0.4179
0.0974
-0.1284
-0.1535
-0.3930
-0.2347
-0.2719
-0.6755
-2.2107
-1.4932
-0.2503
1.6285
-2.1654
0.1536
-0.8403
-0.8955
1.1338
-1.1723
-0.0648
0.1136
-0.1469
-0.5554
0.3012
0.5803
-0.1982
-0.3166
1.2726
1.3666
1.5841
0.1570
-1.0807
-0.9833
-1.3550
-0.8523
-1.5345
-0.7007
-1.2184
1.2226
-0.1749
-0.7571
-0.0906
-0.7235
1.0385
-0.3531
0.1590
-0.1803
0.2587
0.2520
-0.7215
-0.0580
-0.0913
0.5702
-0.6703
0.3604
0.5392
-0.0002
0.5213
-0.0907
0.0286
-0.3469
0.4278
0.1506
-0.2462
-0.0369
-0.0539
-0.0496
-0.3316
-0.0044
0.2015
-0.0668
-0.0602
0.1704
-0.0084
0.0755
-0.0667
-0.1009
0.1290
0.3792
0.7301
-0.1545
0.1199
0.0301
0.0351
0.0105
0.0662
0.0167
0.0558
-0.1094
0.1567
-0.1312
0.1095
0.0230
-0.0550
-0.1405
0.1422
-0.0116
-4.1276
0.1448
0.1630
0.4302
-0.6935
-1.1824
-3.4865
-1.3286
1.3234
-3.4199
0.4460
0.7628
-1.3311
-12.3052
0.8197
-1.3953
1.8931
0.2525
-2.5655
-0.6232
2.4954
1.1990
0.9671
1.7335
-2.9269
-3.2883
4.5312
-4.4003
-4.0720
3.1039
-0.0485
-4.9854
-5.3606
-0.9377
-1.8457
-1.0081
0.1862
2.2477
-5.3447
0.8917
-0.6339
-3.7064
-1.0265
-4.7872
-1.1720
-0.1548
-2.5194
-1.0730
4.0838
-1.2637
-0.9784
9.6718
0.1471
7.9177
-3.0817
5.4493
-1.1031
-0.7114
-0.5677
-1.5306
-0.7232
-1.5729
-3.0958
-0.0965
-2.8696
0.2638
-0.6616
0.6357
-0.2865
3.1974
-0.3326
-1.8980
0.1493
-1.3923
-1.9130
-1.7089
-0.6184
-1.2037
-1.0187
1.8611
-0.6545
-1.3976
-0.1249
-0.8795
-0.8913
-0.1831
-1.2988
-0.0648
-1.0332
-0.7762
-0.9229
1.7125
-1.3334
-1.1060
-1.3161
-1.1823
-0.6873
-0.7528
-0.3864
-0.0171
-0.3235
-1.5321
-0.3352
-0.9509
-1.7414
1.2919
-0.7468
-0.3886
-0.1334
-0.8232
-1.0949
0.1636
-0.9969
0.9431
1.0128
0.0354
-0.8887
-1.2535
0.2869
-0.4536
-0.2690
-0.3539
-0.3428
-0.4263
-0.6818
-0.5202
-0.2182
-0.3773
-0.0349
-0.2949
0.0046
-0.3148
0.0754
0.0676
-0.1107
-0.1799
-0.2936
-0.0528
-0.1445
0.1187
-0.0527
-0.3941
-0.0382
-0.0525
-0.1073
-0.0092
0.0206
-0.0248
0.1998
-0.0151
-0.1058
-0.1052
0.0731
-2.7820
0.3554
-1.6345
0.9207
0.5684
0.9496
-1.2821
-0.2920
0.2389
-2.3430
-0.4006
-1.9049
-8.9249
-0.5319
-1.2903
-2.2824
-1.0740
-5.9622
3.1378
0.6649
-1.8468
-0.1208
-3.9998
-0.9768
-4.8711
-2.1726
0.7463
-0.8068
-1.8310
0.0345
-5.1090
-1.3152
-4.8218
-4.6399
-2.9603
3.0209
-0.1464
-2.4015
-7.3136
-0.7201
1.0155
-2.7940
-2.1470
0.9358
-0.7686
-5.4128
0.0828
-5.9451
-0.9137
-2.5827
-2.7772
0.9249
-0.0560
-1.6910
5.8334
-1.2843
-0.1166
-2.3130
-0.2514
0.6098
-0.6969
-2.0936
-2.2600
-2.9652
-0.3549
-0.7180
-1.8474
0.3755
2.9163
-0.0152
-1.0910
-0.5738
0.0862
1.9385
-0.6172
-0.1649
-2.3849
-1.9095
1.2528
0.2331
-0.3546
0.0776
-0.3873
-1.5313
-0.5741
0.8579
-0.0397
0.6132
-0.9871
-1.2525
-0.9696
-1.5665
0.1036
-1.0406
-0.3800
-0.6054
-0.9264
0.4307
-0.2774
0.0150
0.6575
-0.2611
-0.0637
0.4875
0.4776
-0.0889
-0.1408
-0.7092
-0.7315
0.2308
0.0642
0.2212
-0.2141
0.7664
0.0131
-0.0970
0.5221
0.1820
-0.8049
-0.0438
0.0187
-0.2526
0.1020
-0.1458
-0.2433
-0.3452
-0.1164
-0.2395
-0.1461
0.0173
0.1582
-0.0868
0.1578
0.0042
-0.0506
-0.0387
0.1115
-0.2476
-0.0799
-0.0162
0.0224
0.0337
-0.0055
-0.0564
-0.1608
0.1498
0.0609
0.0405
-0.0963
-0.2212
0.0576
-4.2352
0.1616
-0.3717
-3.2365
-3.8284
0.3063
-0.8040
-2.7111
-0.6520
-0.7829
0.0270
1.0796
-0.0681
-3.0285
-8.0229
-1.2412
1.3685
1.4913
0.2862
1.7888
1.0513
-0.1148
-5.0200
4.3269
-2.1094
-0.6810
-3.5097
-0.2989
-2.3369
-4.3124
0.0653
-4.4044
-1.4407
-5.2743
2.7951
1.6414
0.1393
-5.1476
-3.6052
-0.9520
-2.9066
-4.6863
-3.9585
-3.0963
-4.9330
-1.4526
-2.2773
-2.7037
-2.4915
4.2396
-2.8303
-4.4535
3.6240
-2.9425
-0.1228
8.3712
-1.2807
-2.9992
-1.0815
-0.3959
-0.4385
-2.7703
-2.6768
-0.7458
1.9464
1.9723
-2.9172
-0.0680
-0.3895
6.0999
-0.0209
3.3810
-1.7652
0.1268
-1.6402
-0.1320
-0.5519
1.6845
-1.9116
-1.6609
-2.2756
-0.4272
-1.3256
0.3269
-0.8180
-2.0476
0.3231
0.1198
1.0205
1.4219
-1.0873
-1.3700
1.0247
-0.4013
-1.3013
0.8577
-0.1186
0.7779
-0.0589
0.0787
-1.4412
-0.1548
-0.5651
-0.3698
-1.3316
-0.0907
-1.0453
2.7742
-0.4380
-0.6972
0.2153
-0.6857
0.1368
-0.0781
-1.2263
0.3923
-0.7512
0.2057
0.1985
-0.2237
-0.1527
-0.2210
-0.2114
0.3400
-0.1316
-0.0669
-0.0514
-0.1540
-0.1297
0.0208
-0.0953
-0.0508
0.0867
-0.2214
0.0147
-0.3904
-0.0736
0.1814
0.0278
-0.2696
-0.1381
-0.0674
-0.0322
0.0796
0.1208
-0.1886
-0.1047
0.0809
-0.0385
0.0037
0.0600
-0.0764
1.1769
-2.9685
0.4219
0.9766
2.7990
0.5034
-1.1155
-2.5827
-1.0536
-1.1126
-2.1165
-1.4331
1.5462
-2.9395
-0.8840
-6.0747
0.1883
-0.8438
-1.1963
1.5444
0.5602
-0.5464
-0.1531
1.7122
-0.0615
-0.0739
-0.9331
-1.9003
-1.9456
-1.3809
0.0138
-8.6251
-3.5406
-2.1405
-8.7554
-8.8126
0.6301
-3.7452
2.5400
-1.8349
-0.9160
6.6189
-2.8075
-2.5107
-1.5808
6.5733
6.0721
-1.3635
1.0534
-2.7478
-1.8510
-2.8596
-3.3482
0.9391
0.8579
-1.9454
-2.4408
6.1154
-1.1816
0.4667
-3.6687
0.3546
-1.6801
-1.3319
-2.3206
-2.8527
1.8981
1.8721
-3.9969
-0.3745
-1.6796
-1.9281
-0.0049
-2.4828
2.0646
-0.6237
-1.4977
-2.0720
0.3037
1.9547
0.1272
-1.9291
1.3235
-2.2842
-2.4810
-0.7479
-2.6803
-3.1148
-2.7211
-2.6164
-1.1131
-2.7468
-2.6635
-1.4332
1.0493
-2.2432
-0.5885
-1.9299
-2.5914
-2.6373
0.5474
0.7097
0.5033
-1.2618
1.8441
0.6376
1.0525
-1.9881
-1.5953
-1.1538
-1.6251
0.6127
-0.4661
-0.5380
0.6234
1.0908
0.3946
-0.2068
-0.2594
-0.1597
-0.1834
-0.1352
-0.2221
0.0755
-0.3674
-0.2748
-0.1383
-0.1318
-0.0592
-0.1207
-0.3495
-0.2763
0.1276
-0.5905
-0.1570
0.2039
-0.0644
-0.1336
-0.2655
-0.3263
0.0711
-0.0705
-0.0181
0.0138
-0.0360
0.0235
-0.2166
0.1092
0.1304
-0.1472
-0.1825
-0.1806
-4.9172
-1.8774
-0.4087
-1.0768
2.8211
-1.2457
-1.1159
0.2512
-1.4035
-0.7954
0.5314
-1.2509
2.7333
-0.4801
-0.0609
0.0518
1.3516
0.1825
0.0626
2.1758
-0.1127
-1.2846
0.0890
0.2249
-3.8119
-1.1920
4.1857
0.1714
0.6123
1.0516
-0.0299
-4.5418
8.5950
-5.2668
-6.8161
-2.6891
-0.6313
-0.4933
0.6523
-8.1981
-2.8332
-1.8581
-0.7315
-2.1835
-1.0895
-2.7458
-5.4113
-2.2684
-2.9790
-0.5921
-4.9816
-3.4498
-0.7734
-0.4631
-3.9791
3.1333
0.1786
-1.0771
-0.2373
0.0354
0.5232
-1.2209
-0.4448
-0.4441
-0.2977
-0.5804
-1.3496
-0.5956
-1.5104
0.2480
-0.0466
-1.0425
-0.9429
-0.5296
-0.7020
-0.1400
-0.1129
-0.1445
-1.0421
-0.8900
-0.4921
0.2226
-1.1061
-0.2078
-0.4520
-0.7293
-0.5292
-0.2827
-0.2904
-0.4665
-0.8900
-0.4040
-1.7560
0.6511
-0.7809
-0.3589
-0.2363
-0.3734
-0.3954
0.4343
0.7153
-0.2481
1.2338
0.2376
-1.1587
0.6093
0.3124
-0.0592
-0.0369
0.0389
-0.5073
0.2131
0.0422
-0.0207
0.2235
-1.3101
0.0731
0.0649
0.4304
0.0047
-0.0190
0.0093
-0.0108
0.0431
-0.1836
-0.0282
0.0653
-0.0836
-0.0355
0.1039
-0.0516
-0.1520
0.0340
-0.2345
-0.0179
-0.0303
-0.0093
-0.1573
0.1092
0.0529
-0.0056
0.0115
-0.1958
0.0200
0.0816
-0.0413
0.1626
0.0363
-0.1551
-0.0087
-0.0453
0.0084
-2.1843
0.9156
-1.0895
1.0654
-0.7665
-4.4920
0.5120
0.9810
0.0310
-8.5890
-1.9049
1.0496
-1.0124
-0.7405
1.3641
-1.5131
-0.7203
0.1721
1.4569
0.3371
-4.9966
-0.1543
-0.2682
1.0951
-1.5277
0.8194
0.6047
-3.2978
-2.4383
1.5996
-0.0491
-7.6799
-0.8323
-1.0801
-0.9565
-5.9608
0.6048
-0.9868
-0.5698
-1.2418
-4.3546
-2.4469
0.2803
-1.7552
-0.8323
-3.4209
0.9415
-3.4641
9.1542
3.6901
-3.1546
-1.9467
-1.6550
0.9477
-6.6005
-0.9068
0.4200
-1.8475
0.3310
-2.7947
-0.1202
-2.2843
-2.4726
-1.8569
-0.4046
-1.5242
-0.7088
-1.3176
-0.1696
-0.9777
-2.4449
-1.1550
-0.0954
-0.5639
-0.4856
-1.5515
0.6775
-0.9515
-1.4985
-1.5403
-1.0287
0.5469
-1.7580
1.6810
0.0134
-1.0096
-0.5680
-0.5557
-1.0516
-0.7276
-1.5840
-0.8994
-0.8316
-1.3284
0.0067
-0.7952
0.9959
-0.6796
-0.0082
-0.5032
-0.7885
-1.0569
-0.8956
0.3182
-1.1729
-0.7716
-0.4343
0.0416
-0.1241
0.3584
0.4675
-0.4463
-1.1976
-0.9290
-0.9611
-0.0682
-0.2244
-1.0279
-0.7305
0.1745
-0.1397
0.1031
0.2040
-0.5365
0.2574
0.1212
-0.2096
0.2393
-0.1304
0.2237
-0.0693
0.1358
-0.0942
0.0005
0.0047
0.1466
0.0631
-0.0231
-0.0191
-0.0079
0.0913
0.1395
-0.0951
-0.1683
-0.1500
0.1102
-0.1997
-0.1833
-0.0813
-0.0638
0.2507
0.2229
3.1812
0.4531
-4.3335
3.0546
-8.2900
0.6247
0.9484
-2.3848
-5.7659
-0.8942
-5.6418
-0.6972
-5.6152
-10.3516
-0.2512
-1.8915
-0.0399
0.6618
-3.5248
-3.6305
0.5512
-2.4448
-3.8741
8.2981
-2.3097
-3.4821
-0.8531
2.1168
-6.1905
3.7363
-0.2501
-4.3369
3.7168
6.8236
5.9243
7.2489
-0.2263
-2.1057
-2.1686
-3.2088
-2.7891
-1.9676
-1.8480
1.0433
-5.6342
-4.0407
-5.0232
-0.7183
-4.9866
6.2712
-2.9259
-1.5894
6.4924
-3.8096
-4.7512
-3.5159
3.3757
-3.4161
5.6552
-2.4207
5.0232
-4.2427
1.1173
-4.6068
0.3993
-3.2977
-3.1454
-3.6202
-4.8277
-2.5951
-1.7197
-3.5436
-4.1615
-2.9509
-3.6982
-2.8111
4.4788
-0.5217
-3.1552
-3.2275
-3.4592
0.3899
-3.3959
2.1178
-3.1038
-2.5135
-3.2813
-2.3489
-2.6332
-3.1887
-2.3912
-0.4437
-0.5741
0.3045
-2.1641
-2.8566
3.2812
-3.0134
3.4315
1.9848
-2.5696
-1.8972
-2.1799
-3.6010
-1.7936
-1.9398
-2.3106
-2.2020
-0.9891
2.4650
-3.6719
-2.1343
-2.6764
-2.5570
-0.7997
-3.1409
-2.6176
-2.7402
-2.5537
1.5004
0.3469
0.5195
1.2606
-0.3594
0.4118
0.8110
0.4799
0.4249
0.3088
0.0424
0.4921
-0.0412
0.0927
0.3100
0.2100
-0.2152
-0.8489
-0.3230
0.1996
0.1916
0.0900
0.1736
0.2578
0.0492
0.1198
-0.0072
-0.1771
-0.4502
0.2403
-0.0538
0.1677
0.0095
-0.3812
-0.5726
0.1120
1.7611
0.1697
-2.6608
-0.5045
-0.0900
0.5559
0.5285
0.3779
0.3603
0.4157
-0.3103
-0.0388
-0.4956
-0.4333
-0.8238
-0.7958
-2.2235
-0.1827
0.1944
-3.0626
0.1596
2.4018
0.4874
1.4066
-0.2268
0.9141
0.6478
0.0948
-5.7991
-0.5501
0.0535
-4.1860
-3.2561
-0.0565
-2.0430
-5.3347
-5.4998
-1.6507
-3.1075
1.0460
-4.7508
-3.2881
-0.1597
-0.3179
-3.7511
1.7572
-1.9744
2.3074
-3.5108
-2.5415
2.8058
-1.4906
5.8070
-0.0253
-0.5585
-1.5692
0.9292
-0.2614
0.6132
-0.5718
-0.6936
-0.6274
0.1121
-0.1798
-0.1221
0.4584
1.9801
1.3131
-0.3148
-0.1662
0.0769
-0.0779
-0.5997
0.1823
1.2008
0.1108
0.5540
-0.1379
0.3149
0.4374
-0.8329
-0.6846
0.1052
0.2779
0.0728
-0.0768
0.0975
-0.3968
-0.9382
-0.0477
-0.1439
0.0499
0.0680
-0.6060
-0.0299
0.1669
-0.2551
0.1883
0.2360
0.7251
-0.1013
-1.0576
0.1173
-0.1596
-0.1448
-0.0482
-0.1113
-0.7590
0.0630
-0.1257
0.9465
-0.1166
0.0423
0.0433
0.1282
1.6980
-0.1031
-0.1448
0.0820
-0.0065
-0.0875
-0.0511
-0.0049
-0.0709
-0.0641
-0.1932
-0.1393
-0.0804
-0.0427
0.1466
0.0212
0.1459
0.0058
0.0684
-0.0728
-0.1505
-0.0913
-0.0675
-0.1131
0.1147
-0.0496
0.2144
0.0042
-0.0352
0.0084
-0.1254
0.0444
0.0017
-0.0495
-6.7451
1.8719
-0.5710
-0.5959
-1.3115
-2.8683
0.4018
-0.6793
-8.8918
-3.5732
-0.4535
-0.4938
-3.9349
-1.0609
-0.0363
0.2812
-4.0310
-0.2075
-3.7732
-3.7635
-7.0264
0.5678
-2.7914
2.3050
-0.3352
-0.1902
1.7138
0.3424
2.5066
-1.6524
-0.0748
-4.7543
0.9566
0.0257
-1.9655
-2.1735
2.7818
-4.3618
-6.3795
1.9667
-5.0997
-5.9595
-1.7998
0.7215
-2.0416
-4.1787
-4.6272
-4.2165
1.0584
1.2718
1.5314
-0.9765
-3.7871
-0.5867
0.0450
0.8041
-0.2336
-3.5620
0.8227
-1.3401
0.4791
-2.6168
0.9862
0.3138
-3.7294
-1.8296
-2.2620
-0.4317
-1.2564
1.3008
-1.6000
0.0788
-1.6808
-1.9625
-1.1382
-2.0425
-0.0408
-0.5262
-2.5754
-1.1762
-0.7500
0.7741
-3.5937
1.1474
1.8077
-1.5650
-1.6701
-1.3282
-1.8533
-0.6974
-0.6144
0.1904
-2.7256
1.0803
-1.9503
-1.2432
1.2782
-1.3334
0.0783
-1.3493
-1.0104
-1.5300
0.6495
-0.2411
0.1075
0.2037
-1.1859
0.9023
-0.3278
1.7585
1.2616
0.2981
-0.8397
-0.1416
0.8259
-0.2286
-0.5611
-1.2157
0.2061
0.3134
-0.0548
0.6780
0.4667
-0.1857
0.8597
0.4796
0.3798
0.3642
0.0034
0.5440
-0.0837
0.0649
-0.1605
0.0081
0.0779
-0.0760
-0.1559
-0.0437
0.0350
-0.1171
0.0085
0.2595
-0.0495
-0.1134
-0.0394
0.1333
-0.1102
0.0194
0.0195
0.0207
0.0265
-0.0485
3.4081
-5.7742
-0.4865
-0.1259
2.3576
-0.0736
0.1207
-3.3928
-1.0999
0.8968
-0.2578
-0.3332
-6.0041
-8.6021
-1.0463
-7.8395
-0.3857
-0.2678
-0.9378
3.9293
0.2693
-4.3522
-0.4324
1.0289
-2.7932
-6.2844
2.0052
-0.2365
-1.6207
-1.0704
0.1546
-7.4922
-2.7552
-2.3223
-1.6082
-1.8068
-4.4306
-7.8445
-5.7083
-6.3129
-0.3277
-2.8521
-4.5537
2.8990
-5.4986
-4.5339
-3.0416
-2.9590
-1.0974
0.4254
-2.1385
0.2612
-1.6425
-0.8973
-5.2639
1.3163
2.2815
0.3544
2.3651
0.4974
1.5517
0.3929
0.2850
-0.7150
-0.4886
-0.8237
-0.5812
0.1899
-1.9310
0.6184
3.5818
-1.7352
-0.6027
-1.5190
0.3106
-1.1145
1.4998
-2.0596
-0.6080
-0.8525
-0.1284
1.5650
0.0463
0.4253
2.2046
1.2498
-0.4501
-1.1065
-0.4784
-1.2811
-2.5748
-1.0006
-0.8867
0.7144
0.4634
-0.3102
0.9778
-0.5198
1.2022
1.6131
-0.8338
-0.3844
-0.2417
-0.6868
-1.7350
-0.4074
-0.0397
-0.6139
0.7470
0.6847
-0.0095
-0.1771
0.6081
1.7736
0.1992
-2.2275
-0.0353
0.3650
1.2448
0.3459
0.2333
0.7069
0.2408
1.1018
0.5330
0.5933
0.3466
0.5421
0.0840
0.1283
0.1296
0.6761
0.2595
0.2608
0.1855
-0.1562
0.1288
0.2227
0.3325
0.1227
-0.1572
-0.0450
0.1709
-0.1839
0.0858
0.3178
0.0686
-0.0703
-0.0924
-0.1375
0.1773
0.1256
1.4341
-1.2648
-0.1590
-1.2569
1.8677
0.2733
0.1201
0.3525
-0.4117
-0.3683
-0.3418
-0.9236
-2.2370
1.5289
-0.9924
3.2659
1.4049
-2.2252
1.1676
1.1424
-8.2298
-1.6283
3.0628
1.6361
-3.1615
-0.7481
3.5921
-1.1594
-1.4054
-0.2685
-0.0446
-6.0354
-0.3705
-4.4980
-5.5874
-7.0693
-0.3068
-0.6726
-5.5900
-0.1711
5.1597
-3.9748
1.9642
4.8679
5.8722
5.8626
-1.7778
-3.7567
-3.8773
-1.2095
-0.5201
0.2630
-3.2284
2.5581
-3.5491
-0.9202
-0.5500
-0.4596
-0.5017
-1.2967
-0.9317
-0.8109
-1.9942
-2.0827
-2.0868
-0.5796
-0.5986
-0.4543
-1.9538
-0.1523
-1.5544
-1.4948
-1.0644
-0.3979
-0.2904
-0.2930
-1.5524
-1.3255
-0.6244
-0.9903
-0.2873
-1.8275
-1.4543
-1.0517
-1.3256
-0.3261
-1.2924
-0.9463
-1.4237
-1.0140
0.5068
0.4124
-1.0306
-1.1746
-0.8943
-0.3354
-0.4643
-0.1209
-1.3461
-0.6532
0.1860
-0.2980
-0.6011
-0.4951
0.0232
0.0082
-0.2168
-0.1659
-0.4807
-0.2155
-0.4316
0.0070
-0.1120
-0.6499
0.1996
-0.4009
-0.2088
0.0782
-0.5544
-0.0650
-0.3949
0.2423
-0.0390
-0.9333
-0.1131
-0.1042
-0.1239
0.0535
-0.0157
-0.2385
-0.3715
0.0513
0.2219
-0.1812
-0.2443
-0.0602
-0.0124
-0.1328
0.0008
-0.0046
-0.0723
-0.0127
-0.0673
0.0653
-0.1258
0.0060
-0.1949
-0.1130
-0.2478
0.0604
-0.0859
0.0410
-2.4293
1.9497
-0.5803
-0.9042
-1.9962
-2.0054
0.5403
-1.8459
0.1121
-4.5490
-1.5607
0.7507
-2.0311
-0.8373
1.8238
-3.4671
-0.4879
0.1538
0.3269
2.2645
2.9922
0.6568
-1.8593
1.7548
-2.3943
0.9661
-1.5405
0.1401
0.7450
2.2268
-0.0083
-4.4684
-2.1339
-4.4087
-3.3858
-7.7031
4.1838
-0.2400
0.6734
2.9083
-4.1950
-1.8235
2.6054
-0.3864
-2.2771
-2.0519
0.4700
1.0764
2.5683
-0.2200
3.9197
-0.9190
-0.3285
-2.8121
-2.3714
-0.6464
-0.3789
-1.8891
-0.3130
-3.5967
-0.9712
-3.0007
-1.9934
1.6728
-1.9184
-1.6257
-2.4315
-1.0081
-1.1056
0.0179
-2.3391
-1.8953
0.1761
-1.4478
-1.3639
-2.2093
-0.3689
-0.9183
-0.4243
-0.1212
-1.1842
0.2865
-1.7627
0.4191
-0.5895
0.0600
-0.8986
-0.9858
-1.0899
-1.3773
-2.3586
-1.9594
-2.1737
-1.6856
-0.2182
-1.0945
-0.1398
-1.1674
-0.8803
-0.5772
0.3793
-0.5793
0.0782
-0.1578
0.9347
-0.2578
0.1509
-1.5119
-0.3643
-0.0617
-2.1936
0.0254
-1.5922
-0.8682
0.1126
-0.1163
-0.7129
-1.0100
0.1559
0.1656
-0.1482
-0.0858
-0.0686
-1.3266
-0.1878
-0.2785
-0.2865
0.0263
0.0709
-0.1088
-0.2308
0.0641
-0.3310
-0.1703
0.1834
0.0511
0.0713
0.0710
0.1361
-0.0404
0.1500
-0.0495
-0.2864
0.0705
-0.1520
0.1533
0.0759
-0.1431
0.1048
0.0728
0.0614
0.0895
-5.0112
1.7207
1.2643
1.0177
-3.8918
-1.3030
1.3683
0.6773
0.0515
-1.3395
-3.1306
-1.2602
-2.0426
-1.9219
3.4114
-2.8769
-2.5262
-0.1989
-3.6506
2.5817
1.8086
-1.0632
-3.8035
-0.6472
-5.8863
1.5967
-5.7066
-2.4003
0.2981
-2.1870


Weights 1->2:
-0.3546
-0.7139
-0.7515
-0.3663
-0.9062
-1.6635
-0.7172
-0.6305
-0.5789
-2.8672
-0.3816
-0.7982
-0.3731
-0.6997
-0.3060
-0.7358
-0.7273
-0.5129
-0.7590
-0.4701
-0.5107
-0.8245
-0.4698
-0.3415
-1.8413
-0.3004
-0.5416
-0.7515
-0.5420
-0.4995
0.0771
1.3709
-1.7892
-0.7289
0.2747
-4.6323
2.2558
1.2256
2.0917
-3.1493
5.2298
0.5230
4.6201
2.1577
-0.8110
2.9626
1.6517
-1.2912
-0.8392
-2.5103
-0.0021
1.0245
0.4996
4.2735
6.7945
-1.0623
4.3739
2.5564
3.7390
-0.4718
0.8141
2.1191
-1.3096
0.0778
3.9371
2.7353
0.5535
4.8333
1.9950
4.9077
-0.2004
-2.9884
-1.2046
3.9865
3.1808
1.9130
4.3230
-0.9946
2.7400
-1.2327
2.1363
2.6239
-1.7993
3.0309
3.7341
-0.0028
-3.6723
-1.3293
1.3362
4.6989
2.9462
1.0407
-1.0729
1.2301
5.0329
4.0865
0.5496
5.7118
1.8677
4.0945
-0.6068
-3.2664
-1.5631
3.2829
1.6814
0.4202
4.3562
-3.7697
2.0921
-0.4376
0.2013
2.5854
2.4478
3.1613
4.2306
-0.1025
-1.5434
-3.4391
0.2589
4.0322
0.9604
1.0967
0.0716
0.2889
4.0954
4.2715
0.8608
3.9564
3.1577
4.4675
-1.6533
-2.9362
0.4710
4.2721
2.4392
1.5999
4.1957
-2.7063
2.4984
-1.0982
-3.6673
2.9241
3.7801
0.8057
3.5376
-0.7764
0.8204
-3.2615
1.0099
2.5354
-0.6305
2.0762
-1.0885
-1.2316
2.9470
2.7778
0.6112
5.0166
2.8713
3.4400
-1.1456
-3.1299
0.4271
3.9036
1.6779
2.7956
3.4865
-2.0871
3.8476
1.3340
-2.1907
2.9502
3.1615
0.1178
3.7443
-1.6081
-0.1169
-2.3439
2.6839
3.3865
4.2518
3.9667
-0.1967
3.1012
1.9618
3.4690
-0.3239
-1.9761
4.6112
3.6238
-1.3630
-4.3545
0.4383
0.0035
1.0557
0.2092
-3.1923
0.3324
-7.5859
4.4726
1.3086
-1.4421
-0.1001
-1.3025
6.9485
0.0861
2.5838
2.7787
1.1418
0.1522
-4.7110
0.7921
1.0220
-0.2067
6.0539
2.4413
-1.7955
0.7037
5.5000
3.4469
-2.9148
-2.4678
-1.6039
1.6703
-0.3270
1.7246
-0.4754
1.5730
-0.0488
2.1243
-0.7722
-1.8649
0.6211
-1.8785
6.8978
4.2395
1.0679
2.0915
1.7777
-1.7947
-0.2208
3.4165
1.1791
2.6691
1.3762
2.8409
0.3264
5.0208
3.8720
3.4181
-2.2078
-2.2527
0.3077
-5.0398
1.1197
1.4886
1.1992
-0.2096
2.3261
-0.6353
-0.7687
-1.6419
-1.2360
1.7472
7.1121
-0.1343
-2.8530
0.4956
1.6637
1.3028
1.8034
0.7139
-0.1323
-1.0296
2.0096
1.7394
0.0544
4.4329
5.7386
4.6903
1.6532
-3.4633
-0.4669
-1.6598
4.1181
0.3395
-0.0313
-1.4963
-3.4917
-4.6418
2.0642
1.2710
-0.6320
3.7185
6.4365
-5.3377
1.9878
1.5585
1.7860
-3.2833
1.3290
1.8963
1.0345
0.7087
3.2231
2.3683
0.0841
1.0076
-0.7589
4.6830
1.3131
-2.8676
-0.8743
2.1424
-1.0842
0.2913
-0.7975
0.8983
-0.6587
-0.8504
-0.5245
-3.0730
0.4401
-0.8401
6.7453
-0.1695
2.4326
0.4378
3.4681
-1.1032
-5.3286
2.9176
0.5740
-0.6782
3.7726
1.9633
0.1504
1.5126
1.7906
4.9903
-0.8993
-3.8578
-1.4733
1.7261
-1.2251
-0.7814
-1.1246
1.9103
0.7128
2.7424
2.0342
1.2198
2.7458
-2.3182
4.8397
-3.3815
0.9691
1.5130
2.8265
-2.2802
-0.9167
3.0220
-0.0784
-1.0014
2.8969
5.2025
-0.6359
-1.4935
2.8951
4.6920
-2.2071
-4.2442
-3.4887
1.3085
-0.9162
-0.5462
0.2131
1.8674
-0.1277
2.8013
1.1971
-0.9165
1.1997
-2.4125
5.8782
2.1862
1.4849
-0.8866
-0.2627
1.6652
1.3836
2.6672
-0.1080
-0.0369
3.9225
0.8732
-0.4112
4.6115
2.4299
4.1619
-2.4226
-5.5289
-2.0922
1.4580
2.6327
0.1587
3.5864
1.1687
3.3653
1.5583
3.5220
1.4227
1.5150
0.0139
2.8924
2.6033
-1.2894
-2.0043
1.4354
2.4605
1.6445
-0.0848
1.2019
-2.6976
4.0326
2.9654
1.3857
2.9854
0.6275
4.6178
-0.7295
-3.8604
-2.1481
-4.0105
0.3013
-1.3833
-1.4666
2.8956
0.0335
1.7020
2.4125
0.4008
1.3819
-1.5439
4.3498
3.1879
1.4916
0.5631
4.1907
-4.1491
4.0918
1.8540
1.0368
1.9605
4.4043
2.1660
-0.8714
-4.4662
1.5273
3.7471
0.4395
-4.0705
-1.2112
-0.6306
2.2511
1.3186
-0.6542
1.5308
-2.1424
1.0579
0.5054
-0.1242
0.0575
-2.0329
5.9624
-1.8515
1.0692
1.5987
1.7211
-4.0996
-3.6028
2.1227
0.8451
0.1642
2.9779
2.4100
0.4029
-3.4430
5.0258
3.2220
-2.0742
-4.4178
-0.7632
2.1093
-0.5108
0.1046
-0.6079
1.6073
0.3468
0.1977
0.8408
2.4711
0.7250
-0.4833
5.6631
-0.9782
-0.7343
0.4312
1.0539
-0.2009
-2.3984
1.8803
0.3481
0.1804
3.3366
1.1424
1.0990
0.2684
1.3036
3.6880
0.4214
-4.6366
-1.0947
1.1865
-0.9820
-0.7661
3.0431
2.3354
0.5309
-0.0918
0.9938
-1.8372
1.7048
-0.2850
5.1632
-1.6636
1.9300
-0.1058
-0.1490
-3.1070
-4.3601
1.7938
0.4762
-1.1511
0.5563
3.8823
-1.7672
-1.4258
2.1145
-0.2505
1.8062
-2.4129
-1.6856
2.8239
-2.2126
2.6261
-0.7996
1.3794
0.5917
1.8888
-0.4095
-1.1622
0.9199
0.2759
5.3973
1.9900
-2.3722
2.3142
-0.1270
-1.4865
0.9421
1.7695
-1.9979
-0.1557
-0.6054
-2.4752
2.0370
0.6117
0.9547
-1.0557
2.3124
0.1667
2.8286
1.9276
0.4661
3.3588
1.1889
-2.2525
0.9172
-1.4474
-0.2029
0.4238
0.7212
2.1523
4.3232
0.0159
-0.2953
2.4585
1.9693
0.8141
-1.1377
0.0044
-1.0845
-0.0565
3.2185
1.5026
-1.5910
4.9589
2.3659
3.2010
-1.7928
-1.3484
0.1181
2.0388
1.7078
1.0318
-0.3301
-1.7437
0.1315
0.6948
1.4695
4.4980
0.0456
0.2145
1.5973
-1.0345
-3.4663
0.5330
-1.3826
-2.7626
-2.1396
-0.2015
0.9410
-2.0194
1.4420
2.3525
0.5338
3.0700
-1.2295
3.5500
2.7166
-3.3729
-4.0979
1.2859
-3.2110
0.3071
-0.5366
3.1005
3.4321
-0.7630
0.5939
-0.7462
2.2096
-0.3866
3.7231
-3.3605
3.4680
1.1084
2.5316
-3.7843
0.2657
1.7086
-1.9933
1.0984
-0.7783
-2.5549
2.0898
0.8304
-0.0020
-0.0479
2.5044
0.6658
2.9356
1.3774
0.6610
3.7047
1.3156
-2.2150
1.3144
-0.3966
0.0145
0.6352
0.7657
1.2318
3.6256
0.2646
-0.1721
2.6765
1.6048
2.0534
1.5247
0.2470
0.6722
0.1548
2.2946
0.5043
0.9375
-3.2147
2.6876
2.7478
1.2726
-2.5235
-2.8840
-2.6944
-2.3437
0.4558
-1.2222
2.4549
1.8252
0.7127
0.8242
1.9221
0.8503
-1.5696
4.3736
2.8899
0.9228
1.9995
3.3075
1.4836
2.4460
-2.8524
1.3604
-1.0816
4.1418
1.2220
-2.1167
3.3616
3.3296
0.3573
-2.8178
-0.4699
2.0579
2.9084
3.0487
0.1258
3.4080
-3.6030
-0.1652
-3.0177
-1.8392
1.6260
-0.3116
2.0958
1.4688
-0.5328
3.5561
-4.9483
-2.0413
3.0740
-2.3196
1.5082
-0.2640
-0.4042
3.4763
-1.0468
-0.9868
-1.8976
0.1291
4.0651
-1.6474
-3.2367
-3.4791
2.3775
-0.7939
-1.3376
-2.4343
2.7229
3.4565
1.9559
-0.4018
3.1410
-0.0655
-2.3308
2.9529
-0.9418
-0.2468
0.4132
-1.5197
-1.7559
5.3625
0.0886
-0.2247
-0.8552
-0.7324
1.9040
1.2440
-0.3848
-1.0072
3.7530
0.1122
-2.0961
-4.3643
-0.3011
-1.5949
-1.6864
2.2726
-1.8276
0.8355
1.0617
4.5114
2.3289
-0.4584
-0.3461
-0.7440
2.3221
1.4872
-1.6439
-2.4470
2.8884
0.2624
-1.1375
2.2866
-0.1388
-1.4764
0.9047
3.1720
0.4152
-1.8378
2.4429
-0.0615
3.6899
0.6415
-1.0250
0.0780
-0.5680
0.0038
1.1131
-0.2232
0.7679
-0.5321
-0.4891
0.0550
0.9062
-2.2745
-0.2190
0.4138
1.4730
-1.6186
-0.4606
0.9746
1.5293
-2.3022
0.0144
0.1956
-1.4053
1.5728
1.5658
1.5377
-1.6975
2.1647
0.1644
2.1032
2.5189
0.3455
3.0521
0.9445
-1.6925
0.6638
0.5098
0.4563
0.8943
0.1332
1.5136
3.4389
0.8825
-2.3538
2.3482
2.0424
0.6484
0.0414
1.0563
-0.1029
-0.1020
0.2019
-1.3454
1.8440
-0.8749
0.9772
2.6231
1.0278
0.1861
1.0586
1.9348
-0.5992
2.7407
1.0551
-1.4048
-0.5595
-0.5444
-0.3628
0.6180
0.2918
0.1816
2.2907
-0.6665
-2.2963
2.4143
1.0849
-1.2833
-3.2163
1.2544
1.3769
-0.9365
3.9656
1.5784
0.9243
1.2988
-2.7713
-3.7244
-0.8491
-0.1338
-4.6481
-3.4940
1.8626
4.7878
1.8107
2.8089
0.0051
-3.1557
-1.3923
0.4837
1.8654
-0.1238
-0.1578
1.2257
0.5371
-4.4476
0.9809
4.2684
0.4696
-1.0544
1.7879
0.9208
-1.3352
1.3063
-0.0465
-0.1235
-1.0554
2.5047
0.9001
3.5174
-1.9277
0.3486
1.4866
-0.6489
-0.4645
0.3884
0.4749
1.1233
1.0831
0.4090
0.0090
-0.4850
-1.6615
0.2971
-0.0474
1.1487
-1.4109
0.0592
-1.9515
-4.4011
0.1693
-0.3115
-1.2380
1.0423
1.9275
-1.1686
-0.2079
1.9536
0.6230
4.7248
-0.0782
-0.8610
0.7031
-1.0713
1.6452
0.3525
0.4638
-0.9690
-1.8604
3.3988
1.1446
1.0836
-1.7043
-0.3902
1.6744
0.3743
-1.3770
0.3116
-1.3867
-1.7275
1.5667
0.6770
-2.1721
0.3344
-0.0808
-0.4348
-1.3658
2.0775
-0.5486
4.6243
-2.4774
-0.4730
0.3930
0.2810
-1.0242
0.5709
0.5050
1.2574
0.6654
1.4674
-0.2247
0.0405
-1.9975
-0.2141
0.1514
1.2288
-1.1070
-0.7466
-0.8353
-3.6134
0.5535
-0.2776
1.2522
0.4463
1.0079
-1.1159
-0.4676
2.4079
1.2003
3.5911
0.6829
0.4354
0.7952
-1.3393
2.3672
-0.9089
-0.2833
0.3183
-0.4817
3.3137
1.4942
0.8805
-2.1648
-0.2389
-0.4500
1.6959
-2.0662
0.9192
0.8078
-1.7559
2.3124
1.1103
-1.6063
2.2844
-0.5974
-0.8579
-1.8462
1.9000
0.6136
2.1569
4.4837
0.7336
0.1483
-1.2441
-0.1192
1.9379
-0.9772
1.1903
1.8672
-2.3110
-0.0579
0.5767
-3.4571
-0.0418
0.4510
0.0822
-1.0849
0.0009
-0.9253
-1.4535
2.0085
0.1388
-0.4863
1.3007
1.1031
0.4627
-0.7682
2.1725
-0.2699
3.2545
-1.0703
-0.4573
0.0237
-0.9784
-0.8959
3.0129
0.9117
1.1603
0.0775
0.2800
-0.2989
-0.2025
-2.6468
-0.0582
0.3426
0.5234
-1.0969
-0.3691
0.1222
-0.8177
1.6258
-0.0095
-1.1432
1.2692
-0.5602
0.2603
-1.1907
2.3346
0.6180
2.8294
-1.3694
-0.8428
1.0867
-1.0672
-0.3628
1.7652
0.6363
0.5484
-0.3555
0.3417
0.3179
-0.3633
-2.1363
-0.0054
0.1681
1.6118
-0.6334
-0.7718
1.5453
-1.4495
0.9623
2.0367
-2.5425
-4.7019
0.1996
-0.0850
-2.8689
-1.7982
3.9646
2.4883
4.8737
1.5890
-0.9813
-0.8983
-1.0117
-0.5637
-0.0030
1.0155
1.0723
-1.1150
-1.1388
1.8928
-0.1936
0.8650
1.9511
-0.3180
-0.9628
-0.0603
-1.0293
-3.4416
-0.4347
-0.8612
-1.9769
-1.1940
4.2854
-0.9190
-1.3999
1.3219
-0.9617
5.1912
-1.6696
-1.9320
-0.6475
-0.5163
-1.5912
-0.6999
-0.8777
0.3127
-1.0256
-0.9950
-0.8954
-0.6303
-4.2065
-0.6598
-0.1710
-0.7343
-0.9851
-0.6315
0.9561
0.7415
-2.0244
2.1263
-0.6117
-2.4371
1.6182
0.4955
1.8459
-2.2445
1.5523
1.0983
3.1952
1.1143
-0.0439
1.8978
0.6549
-2.3914
0.5157
-0.3941
0.3893
0.8654
0.4700
1.4734
2.1980
0.9298
-0.2598
2.4111
0.2809
0.9204
0.9998
-0.2385
0.0444
1.7294
-2.3451
1.0353
-1.6040
-2.9354
-1.3423
0.7316
0.0967
2.9047
3.3499
-0.6135
-0.5070
-0.8504
-0.3241
0.4839
2.0308
-0.8766
3.6568
0.4275
-1.0037
0.0754
-3.2820
0.2622
1.6309
-0.9665
-0.0804
0.3769
-0.7005
-1.4867
1.0169
-0.1995
-1.3329
0.7266
2.4985
0.0551
-1.0925
1.7530
0.4794
3.9481
-0.5080
-1.0409
-0.1792
-1.1050
-0.1097
0.6060
-0.1378
-0.0413
-1.0315
0.5715
-0.1361
0.0151
-2.8474
-0.2755
-0.0970
0.1454
-0.7121
0.1641
0.7943
-0.2652
1.7473
1.1562
-1.3728
2.2348
-0.6949
-1.0623
-0.8904
1.3708
-0.3872
1.6784
4.5896
0.5253
0.4353
-0.9729
-1.1260
1.8891
-1.4532
0.6392
1.9076
-1.6424
-0.2908
0.0288
-2.6958
-0.0298
0.6085
0.4234
-0.7623
0.0119
-0.8178
-2.2007
1.8663
0.7273
-1.4694
0.4846
0.5457
0.1141
-1.0357
1.3970
0.5343
4.3244
-1.2894
-0.0662
0.7466
-0.3461
-0.1972
1.2300
-0.0671
1.1218
0.1039
0.7510
0.6011
0.1931
-1.4139
-0.2179
-0.8062
1.2245
-1.0169
-0.2248
0.3428
1.8693
-2.0938
-0.5485
-1.0250
4.9202
-0.8987
-1.1628
-0.9250
1.8995
-0.9845
0.1643
-0.6448
-1.5209
-0.7449
-1.2388
-1.2617
-0.9056
-0.3409
-0.0225
-0.2494
-1.0611
-0.5985
-0.3453
-2.6999
0.6130
-0.6583
-0.9690
-0.8304
-0.9494
-2.0123
1.1003
0.5369
1.2536
1.9673
-0.0061
1.3428
0.3951
0.4243
-3.6270
1.5859
0.0576
-2.7824
0.5475
-1.2158
2.1571
0.9015
-1.5331
-2.2790
-0.0097
-3.8705
1.2382
1.7023
-0.9395
1.2041
-0.4065
-2.4109
1.2677
2.6399
5.7382
0.5950
-2.5690
0.3334
-0.6024
-1.3793
1.7935
0.6930
-0.3449
-0.7978
1.4698
0.6662
3.7169
0.9540
-0.3005
0.5085
-0.4164
1.1266
-0.8811
0.4020
-0.2188
-1.3067
3.7470
0.6603
0.2531
-1.8929
0.3569
-0.9050
0.8455
-1.9079
-0.2615
-0.4265
-0.6728
2.0093
-0.7459
-1.0929
0.8752
-0.5863
-0.5278
-0.6735
1.9392
0.0903
2.3852
-1.4777
-0.0001
-0.2406
-0.2456
0.2717
1.4483
0.4726
1.1489
0.4728
0.3664
-0.1854
-0.3713
-2.3498
0.1873
0.0365
0.9309
-0.3815
-0.8058
1.0571
-0.4964
2.2230
-0.1024
-1.2702
1.1706
-0.4926
0.5970
-0.7188
1.6257
1.4949
2.3150
-0.3387
-0.1272
0.4979
-0.5999
0.7489
0.2183
0.4458
-0.3528
-0.5422
0.7451
-0.0828
-0.3730
-0.7236
0.0814
-0.6570
0.9106
-0.7603
0.8508
0.4402
-0.8451
1.4933
0.3727
-0.6337
1.1209
0.0675
0.5612
-0.2028
2.0806
0.2084
1.1167
-0.9278
-0.6033
0.1550
-0.8700
-0.0663
0.6833
0.6841
0.4782
0.5543
0.5565
-0.1267
0.0450
-1.5215
0.4120
0.2999
1.3624
-0.3176
-0.1490
-0.1628
1.3001
3.6784
-1.0132
3.2302
-3.2899
-2.7750
-0.8104
-0.6914
-4.1233
-2.1124
-1.7177
-1.7130
-1.8529
-0.9684
2.9662
-1.9360
-3.2331
1.0730
-1.6020
-2.2973
-0.9946
4.9836
-0.5983
-2.0804
0.4382
-0.3942
-1.8007
0.8136
8.0628
-0.8611
-0.7815
1.5752
0.3498
-1.4234
1.0877
-0.0731
-0.5159
-0.2752
1.6238
0.8270
2.9804
-0.9877
-0.3326
0.8165
-0.7053
-0.5087
1.3849
0.7438
0.6149
0.6687
-0.5707
0.5330
0.0471
-1.0516
0.5337
0.2680
0.9609
-0.5368
0.4582
0.4742
1.3513
-1.6969
-0.1756
-0.8573
-2.6407
2.0045
0.3060
0.1178
-2.5998
1.9388
-0.4006
1.7899
1.1620
-0.0505
2.6976
0.3393
-1.0683
-0.3549
-0.5247
-0.5368
0.3184
0.3537
1.1277
2.3274
0.6467
-0.6732
2.6010
0.5885
-0.4375
2.5964
1.0773
-1.8091
-0.1387
-0.7901
1.9989
1.7800
1.1912
-0.0473
1.7129
0.4209
-0.9150
2.5684
1.1569
-0.3118
1.4819
0.6641
-0.4966
0.5802
-0.2969
0.2230
-1.4504
0.7440
-0.3757
1.4395
0.6964
-0.1305
0.5927
-0.3172
0.0407
-0.1965
-0.6982
1.7966
0.3017
-0.2111
0.6282
-0.3626
-0.3614
-0.6810
1.7930
0.2621
2.2296
-0.9033
-0.0821
-0.0521
-0.4239
-0.0813
0.3788
0.5740
0.4948
0.6816
0.8150
0.2215
-0.0489
-2.0689
0.1040
0.1261
0.6878
-0.4555
0.0481
0.7564
-0.7019
1.0993
0.7625
-1.0187
0.1198
-1.1471
-0.6988
-1.6367
0.9597
0.9414
1.6618
4.4979
0.0915
1.1289
-0.6737
-0.6656
1.5562
-0.7855
0.1815
1.8877
-1.1170
-0.3810
0.5857
-2.0190
0.0946
0.9802
-0.7386
0.1581
0.0567
0.4163
-0.7800
0.9919
0.2928
-1.9498
-1.2296
-0.6260
-0.4588
-1.4275
0.5534
1.6359
2.0674
4.7011
-0.0902
0.2273
-0.9491
-0.9179
1.3076
-0.5416
0.0448
2.2508
-0.9201
-0.6755
1.3137
-1.2932
-0.1250
1.3890
-0.6739
-0.6793
-0.1302
0.7350
-0.0752
0.9952
0.2531
-1.5575
-0.9424
-0.7720
-0.2920
-1.6638
0.7406
0.4706
2.0340
4.5892
-0.3557
0.5838
-1.4409
-0.8464
1.5997
-0.5901
-0.6778
2.4044
-1.1488
-0.0867
0.7199
-2.3841
0.1249
1.3814
-1.1027
-0.0318
-0.1584
0.9735
-0.3242
0.3397
1.3061
-1.8013
0.2334
0.5702
-2.1821
-1.3491
0.6174
0.3085
2.7279
3.3755
-1.1386
-0.2710
-0.9182
1.1239
0.7951
-0.0068
0.0650
2.5474
0.5009
-0.5420
0.7373
-2.6571
-0.0753
1.3583
-0.7107
-0.6567
-0.1248
0.4557
1.8678
-0.0417
0.4095
1.7225
1.1894
-0.3418
0.2103
0.6151
0.2112
0.2950
-0.6718
-0.9402
0.1209
-1.1540
-1.1710
-0.6891
0.5618
-0.8588
3.0707
1.1700
2.1888
0.5258
-1.2452
2.8859
0.6077
-1.9396
-0.1315
2.1398
-0.8636
1.5686
1.4647
-0.6788
1.0904
1.1393
-0.0630
0.3988
1.4447
1.1782
-1.1603
0.3893
-0.3715
-0.7181
1.0519
0.8992
1.0592
1.6211
0.6019
1.6590
-1.0228
-0.2028
0.9071
-2.8401
1.3782
3.0066
0.7466
-1.5315
-0.5894
0.9784
0.4452
-1.2514
-1.8297
0.3598
0.1424
-0.6717
0.4757
0.0073
0.1146
-0.7467
1.2374
0.8564
3.2712
0.1065
-0.0025
0.3069
-0.1898
2.0474
0.5571
0.5803
0.8146
-0.8896
2.2120
0.4970
0.4819
-2.8546
0.3280
0.2308
1.3205
-0.9457
-0.2972
-0.9008
-1.3254
-0.1802
-0.2984
-1.6358
2.3445
-0.4409
-1.5910
-1.5971
1.1420
-0.0827
3.4831
0.3365
-0.7838
-0.6486
-1.4187
2.1962
-0.8027
-0.5079
0.2224
-0.5199
3.0917
0.0767
0.0929
-3.0246
-0.4339
-0.4953
0.2177
-1.1316
-0.7058
-0.3101
-0.6348
1.4586
0.9330
-0.4052
0.4719
0.1405
-0.6245
-0.1383
1.3879
-0.2130
2.4272
-0.7004
-0.9328
1.2392
-0.9936
-0.5188
1.2867
0.5815
0.2554
-0.9936
0.1147
-0.3446
-0.0478
-1.6069
-0.0618
1.8683
0.5250
-0.6313
-0.4404
1.0966
-0.6352
1.5383
1.5015
-1.6243
-1.3712
-0.7320
-0.7934
-1.4331
0.0946
0.2386
2.2150
3.9781
-0.4360
0.9283
-0.8326
-0.6786
1.7307
-1.2267
-0.2123
1.8882
-1.3764
-0.6779
0.9058
-2.3763
-0.0939
1.6405
-1.1069
-0.6457
-0.4265
0.8475
1.8679
-1.6201
-0.2311
-1.7750
-2.6508
2.0083
-1.0563
-0.7871
-2.5763
0.8233
-0.5522
1.5513
1.8586
0.0232
3.3299
0.4034
-1.0559
-0.8200
-1.1275
-0.9608
-0.5862
0.6378
-0.4390
1.7575
-0.1152
-0.9369
2.7267
0.0609
-0.6744
0.9068
-0.7075
1.3601
1.5586
-1.5786
-1.5518
-0.8165
-0.9137
-1.1348
-0.0035
0.8137
1.9620
3.9963
-0.7256
0.8850
-0.4272
-0.7121
1.4892
-0.6926
-0.4341
1.8927
-1.2603
-0.3333
0.9036
-2.2513
0.0577
1.3784
-1.2478
-0.2944
0.0426
3.2905
1.4000
-2.5315
0.2390
0.7189
-1.8463
3.5473
1.0673
1.2420
-3.1713
-3.5799
0.4678
-0.3616
0.2903
-2.9573
-2.5816
1.4320
-1.6798
1.0411
2.0860
-0.4547
-1.0231
-0.6845
-0.2649
-1.4317
3.9700
1.6491
-1.4614
0.3524
4.1487
-1.0968
0.6182
-2.2682
-0.7857
2.9107
-0.0239
-0.6700
1.3825
0.3939
-1.8641
-0.9862
2.4657
-0.8896
0.4224
0.3956
-0.4985
2.2382
-1.2137
0.8475
-2.5452
-0.3131
-0.7656
-0.9496
-0.6656
0.6690
3.9759
1.5915
-2.6122
2.1362
2.7638
0.4118
-0.8754
0.8356
-0.4831
-0.9536
0.8968
0.0970
0.2190
-0.7548
1.0473
-0.0962
2.0346
-0.9523
-0.2098
0.1582
0.1485
-0.1516
-0.4539
0.1575
0.3032
0.6895
0.7541
-0.3101
-0.2979
-2.5576
-0.0145
0.1175
0.5976
-0.4009
-0.4135
0.3628
-0.2730
1.4267
-0.1167
-0.0259
-0.0449
-0.9385
0.3464
-0.6424
1.1740
-0.2629
0.2142
-0.5610
-0.6848
-0.1482
-1.0315
-0.6960
0.3364
-0.1618
0.0380
-0.2610
0.8360
-0.3515
-0.1355
-2.3109
-0.0486
-0.2984
0.1028
-0.4739
-0.2297
-0.3024
0.6572
0.5884
-0.6918
0.2786
0.9152
-0.3635
-0.7887
1.9323
-0.2676
0.3249
-1.6391
-1.1120
0.9655
-0.0164
1.9520
0.6981
1.6572
0.0008
1.1440
0.2538
-0.2962
-0.7906
-0.6456
1.6297
1.2204
-1.0918
-0.5149
1.3558
0.4885
0.8518
1.9980
1.8092
0.1790
-1.3484
-1.5063
-0.6282
-1.0832
-0.8341
-1.4958
-0.1093
-0.3452
0.9230
-0.6071
-1.0464
0.3650
-0.9658
1.4346
1.6208
-0.2617
-1.7195
-0.8378
-0.8070
0.4951
2.7697
-0.6043
1.8135
-0.9879
0.8567
-1.4677
1.6723
0.5147
0.5533
0.6653
0.2814
0.2153
1.0251
1.4350
0.5864
-1.1191
0.6527
-0.2640
-0.4916
-0.1965
-0.4422
0.1871
0.4260
0.8304
0.4395
0.0886
-1.5628
1.0632
-2.1235
0.1998
2.5650
-0.0359
-1.2660
0.5105
1.0435
0.2388
-0.4075
-0.1103
1.1198
-0.4188
-0.8353
0.1548
0.4661
-0.6645
-0.4249
0.9196
-0.2341
0.4778
-0.4215
-0.7354
-0.4108
-0.8662
-0.9248
-0.6358
0.0493
-0.1711
-0.1258
-0.9916
-0.3107
-0.0873
-2.0354
-0.0096
-0.2507
-0.3029
-0.5254
-0.5791
-0.1625
-0.6662
1.2853
-0.3163
-0.8435
0.1270
-0.6463
-0.4846
-0.5483
0.7721
-0.3312
-0.8800
-0.5014
-0.6524
-0.3828
-0.8563
-0.8011
0.0856
-0.2756
-0.1667
0.0553
-0.7220
-0.6275
-0.1041
-1.2754
-0.2565
-0.3483
0.2863
-0.6141
-0.5311
-0.5556
2.2325
-2.0683
-0.5792
-0.7740
5.1621
-1.0790
-0.8408
-0.7382
-0.0076
-0.6456
-2.3851
-0.5519
-1.1055
-0.6258
-0.8554
-1.0622
-0.7217
-0.4796
-0.7203
-0.5283
-1.1721
-0.5074
-0.4090
-1.9032
-0.0790
-0.6163
-0.8333
-0.8392
-0.3666
-0.2106
0.3681
-1.1451
0.5769
-1.3869
-1.8175
-0.1821
-1.0414
-0.7872
-2.9469
1.1293
2.5895
2.7929
-0.7572
-0.9497
1.9832
-0.0096
1.6038
-1.3449
0.6293
0.4975
-0.6662
-0.2254
-0.4347
-0.6615
0.0508
-1.0564
0.0106
0.1604
-0.2804
-0.8602
-1.4872
-0.6770
-0.6114
-1.5797
0.5619
-0.3800
-0.6482
-1.2138
-0.6526
-0.5974
4.7266
-1.4571
-0.9149
-0.0445
-0.3626
-1.2476
-0.6541
-0.4571
0.3360
-0.4118
-0.8182
-0.7017
-0.2570
-2.4694
-0.2257
-0.0985
-0.1362
-0.7754
-0.3576
1.8527
1.3517
-0.8475
1.2056
-1.2498
-1.1770
0.8255
-0.5187
-0.0183
-1.0986
0.7487
0.4344
2.4665
0.0620
0.6377
2.3604
-0.4826
0.3654
-0.4074
-0.8743
-1.4048
0.4640
-0.0490
0.7829
0.1254
0.7046
-0.0793
0.4509
0.0863
0.0258
-0.1482
0.5513
0.5803
-0.3375
-0.9111
0.2044
-0.9998
-0.6158
-0.3903
0.3431
0.1030
0.1123
-0.6007
-0.7120
-0.1037
-0.7721
-0.5080
0.1228
0.2045
-0.3794
-0.2039
-0.5617
-0.3315
-0.3508
-1.7685
-0.0576
-0.3540
-0.4199
-0.4703
-0.3625
-0.4077
-0.7034
-0.3675
-0.4563
-0.9151
0.2103
-0.8229
-0.6339
-0.6870
0.5320
-0.3637
1.4227
-0.4228
-0.5391
-0.3340
-0.7024
-0.9485
-0.4986
-0.5759
-0.3249
-0.3047
-0.8590
-0.6031
-0.1727
-2.0560
-0.4307
-0.5062
-0.6430
-0.8705
-0.4882
0.1842
1.1302
-1.2820
-0.6367
-1.1250
-1.7849
1.9667
-0.0871
-0.0857
-2.7104
1.4353
0.0000
-0.5365
1.4924
-0.5368
1.5962
0.2170
-0.9055
-0.3181
-0.1791
-0.9191
-0.3927
0.2210
0.3382
1.0851
-0.2067
-0.8314
2.0112
0.5797
-0.6972
-0.3710
-0.8137
0.6874
-0.3580
-0.9860
-0.2278
-0.4385
-0.1821
-0.5332
0.5373
-0.4261
-0.4568
-0.2627
-0.6889
-0.3893
-0.5204
-0.3019
-0.4919
-0.2969
0.1016
-0.4778
-0.2253
-0.3724
-0.3183
-2.0349
-0.3282
-0.1424
-0.0498
-0.6586
-0.4781
0.3267
-1.1025
0.9499
1.0859
0.4825
-1.0880
-0.7417
0.0624
1.0684
-3.0161
0.2451
-1.6029
0.6789
1.4640
1.3376
-0.3474
2.2027
-0.4850
0.3045
-0.8258
-0.7094
-0.5989
-0.7217
-0.2646
-1.8729
-0.3671
3.8175
-0.9091
0.0770
1.8837
-0.4106
-0.3785
0.8529
0.2725
-1.0146
-0.5794
-0.6265
-0.2511
-0.2675
-0.4229
-0.3059
1.5207
-0.0949
-0.5405
0.6653
-0.7554
-0.9464
0.3769
-0.0051
-0.0351
-0.5028
-0.5100
-0.5334
-0.5016
-1.0497
-0.1860
0.2723
-0.2721
-0.5514
-0.2128
-0.2608
-0.6816
-1.3223
-0.5610
-1.0144
-0.9179
0.0967
-0.6253
-0.7225
0.2862
-0.3990
1.5166
-0.3769
-0.8516
-0.5023
-0.6699
-0.6807
-0.5163
-0.6004
-0.4102
-0.6204
-1.0462
-0.4509
-0.3990
-1.9435
-0.4068
-0.5740
-0.6705
-0.6648
-0.3869
-0.2584
1.6627
-1.1773
-0.6063
-0.1124
-1.6541
2.0333
-0.9374
-0.3239
-2.7284
0.2657
-0.1368
-0.4133
-0.2886
-0.4644
1.0780
-0.6435
-0.6063
-0.8279
-0.2007
-0.4461
-0.6554
0.3816
-0.2862
1.1344
-0.2430
-0.6163
0.6902
-0.3529
-0.5484
1.2567
-0.6507
-1.0618
1.4910
-1.1183
-2.0482
-1.1770
-1.0251
-0.8437
-3.0391
1.2815
1.3869
3.2108
-0.5674
-0.3514
0.6462
-1.0645
0.5109
-0.7813
0.3766
-0.5769
-0.7238
-0.4062
-0.5255
-1.0632
-0.3240
-0.7888
-1.0800
-0.3151
-0.2771
-0.3200
0.0236
-0.6619
-0.4872
-1.0112
-1.6043
1.3255
-0.6193
-0.7587
-2.9238
-0.2830
-0.8491
-0.4426
-0.4396
-0.1670
0.4899
-0.4762
-0.3923
-0.6116
-0.4456
-0.5633
-1.0506
0.4022
-0.4926
0.7648
-0.3355
-0.4753
1.1265
-0.4390
-0.5064
-0.3266
-0.6573
-0.8693
-0.4698
-0.8019
-0.9911
-0.8684
-0.6209
-0.6351
-0.7949
-0.5183
-0.9441
-0.4855
-0.6627
-0.3260
-0.6776
-0.7653
-0.4250
-0.5902
-0.4024
-0.3990
-0.8141
-0.6191
-0.2392
-1.8381
-0.3983
-0.5770
-0.5601
-0.5745
-0.4440
-0.2110
-0.7017
-0.1178
0.7038
-1.0116
-1.1748
-0.8569
-0.3167
-0.6228
-2.1574
-0.2785
0.4375
1.1870
-0.4091
-0.0948
-0.7761
-0.7128
-0.3939
0.6470
0.3101
0.5479
-0.8289
-0.6031
-0.0372
-1.5085
-0.2433
0.5118
-0.4401
-0.5736
0.6496
-0.2415
-0.0335
-0.7589
-0.1630
-0.8360
-1.1233
-0.4811
-0.2039
-0.3409
-2.8806
-0.4025
-0.3486
-0.1363
-0.1795
-0.2400
-0.3365
0.1289
-0.1188
-0.6109
-0.1200
-0.5197
-0.3284
-0.4606
-0.2284
-1.7878
-0.1747
-0.4511
-0.1582
-0.3331
-0.2724
-0.4538
-0.8611
0.1563
-0.2943
-0.7775
-1.2913
-0.6536
-0.4102
-0.8514
-1.5879
-0.2314
-0.9284
-0.4157
-0.5569
-0.4611
-0.7551
-0.7027
-0.4532
-0.3875
-0.1187
-0.4993
-0.6695
-0.4343
-0.4638
-1.8841
-0.1878
-0.2994
-0.5204
-0.7091
-0.5373
-0.5624
-0.8715
-1.0175
-0.4608
-0.9441
-1.2578
-0.6684
-0.5928
-0.7231
-1.9700
-0.4780
-0.6064
-0.3884
-0.7045
-0.3108
-0.6731
-0.7142
-0.2621
-0.6151
-0.4516
-0.5627
-0.9723
-0.6817
-0.3268
-1.7544
-0.3415
-0.5789
-0.7247
-0.6173
-0.4433
-0.2940
-0.7423
-0.8923
-0.5082
-1.0664
-1.4436
-0.7589
-0.5886
-0.4651
-2.0051
-0.5330
0.2431
-0.5767
-0.8032
-0.4841
-0.6390
-0.9772
-0.3231
-0.6042
-0.3065
-0.3902
-0.8289
-0.4203
-0.3832
-1.8375
-0.1746
-0.4873
-0.6794
-0.5124
-0.4725
-0.4969
-0.5178
-0.9512
-0.3346
-0.9759
-1.2443
-0.6609
-0.5733
-0.5647
-1.7574
-0.5413
-1.0021
-0.4715
-0.6476
-0.4264
-0.6227
-0.7555
-0.6428
-0.3363
-0.3859
-0.4895
-0.8546
-0.5010
-0.2851
-1.8135
-0.2849
-0.7229
-0.6724
-0.5998
-0.4786
-0.0117
-0.6093
-0.8283
0.3120
-0.8195
-1.6398
-0.6391
-0.5131
-0.5009
-2.9064
-0.1885
0.2717
1.1339
-0.5484
0.1101
-0.8263
-0.8365
-0.3663
0.3846
-0.2459
0.9986
-0.8876
-0.4279
-0.5126
-1.7332
-0.3071
-0.2662
-0.7043
-0.6500
-0.5958
-0.3954
-0.6149
-0.9976
-0.4808
-0.5205
-1.2622
-0.7052
-0.4459
-0.6398
-2.2284
-0.2999
-0.6571
-0.4814
-0.8885
-0.2344
-0.6855
-0.6724
-0.5186
-0.5390
-0.4470
-0.4470
-0.9748
-0.4219
-0.3423
-1.7582
-0.2540
-0.3875
-0.8002
-0.7486
-0.4756
-0.2728
-0.4811
-0.7659
-0.3969
-0.1204
-1.2418
-0.4041
-0.1306
-0.4957
-2.8796
-0.5043
-0.4707
-0.3026
-0.2843
-0.4110
-0.5452
-0.6431
-0.4488
-0.3378
-0.2814
-0.3932
-0.5983
-0.5554
-0.3571
-1.7412
-0.1108
-0.3626
-0.4789
-0.3055
-0.1785
-0.3795
-0.8238
-0.9079
-0.5438
-0.8535
-1.1784
-0.8372
-0.5260
-0.6214
-1.9634
-0.3408
-0.8312
-0.4326
-0.7230
-0.4368
-0.7901
-0.6707
-0.4085
-0.5187
-0.4256
-0.4709
-0.8492
-0.5661
-0.2728
-1.7712
-0.2264
-0.7483
-0.6961
-0.6751
-0.2822
-0.3964
-0.7926
-0.2982
-0.3145
-0.9521
-1.3398
-0.7708
-0.4671
-0.5950
-2.2556
-0.5122
-0.8330
-0.4958
-0.7665
-0.4736
-0.7393
-0.7614
-0.4513
-0.5996
-0.4026
-0.3298
-0.8839
-0.6405
-0.2070
-1.8320
-0.3749
-0.5584
-0.7253
-0.5303
-0.4099
0.0777
-0.5142
-0.7439
-0.3039
-0.5176
-1.5669
-0.2517
-0.3824
-0.6315
-2.8503
-0.5754
-0.8167
-0.4666
-0.8272
-0.3096
-0.3491
-0.2267
-0.5841
-0.2894
-0.2285
-0.4576
-0.0912
-0.3894
-0.3357
-1.8171
-0.2553
-0.2802
-0.5398
-0.3662
-0.4017
-0.1781
0.2208
-0.9438
-0.5246
0.0784
-1.5595
-0.7295
-0.5880
-0.3235
-2.8108
0.1144
-0.1868
-0.3991
-0.6694
-0.5138
-0.7674
-0.7086
-0.4307
-0.4540
-0.3144
-0.4503
-0.8181
-0.4245
-0.2742
-1.5181
-0.1897
-0.5058
-0.7561
-0.6113
-0.3967
-0.4783
-0.5895
-0.9247
-0.5741
-0.7702
-1.5081
-0.7773
-0.6294
-0.7889
-2.7223
-0.4681
-0.9237
-0.4148
-0.1764
-0.5308
-0.6135
-0.7890
-0.3423
-0.4974
0.2306
-0.3420
-0.5982
-0.6363
-0.1585
-1.0809
-0.2477
-0.4254
-0.7615
-0.6417
-0.2522
-0.3357
-0.7167
-0.5841
-0.3896
-0.9126
-1.4367
-0.7054
-0.6330
-0.5932
-2.5799
-0.4866
-0.5405
-0.4132
-0.6881
-0.4302
-0.7296
-0.6333
-0.3130
-0.5459
-0.4320
-0.4614
-0.9217
-0.4688
-0.4311
-1.8035
-0.4876
-0.3549
-0.6209
-0.5646
-0.6819
-0.4617
-0.8010
-0.9629
-0.0722
-0.8626
-1.4126
-0.5537
-0.2974
-0.6733
-2.8566
-0.3405
-0.5512
-0.3709
-0.5308
-0.2883
-0.8429
-0.6099
-0.4600
-0.4858
-0.1693
-0.4414
-0.6773
-0.3711
-0.1559
-1.6335
-0.4834
-0.1914
-0.6722
-0.6109
-0.4918
-0.4756
-0.6134
-0.5965
-0.0401
-0.9026
-1.1782
-0.6463
-0.5841
-0.4717
-2.9153
-0.3797
-0.6078
-0.4679
-0.2955
-0.5769
-0.3024
-0.0883
-0.1444
-0.4753
-0.5749
-0.4356
-0.6232
-0.6222
-0.4784
-1.7961
-0.4359
-0.5834
-0.7737
-0.4931
-0.5338
-0.2732
-0.6899
-0.9475
-0.4437
-0.8315
-1.5766
-0.7389
-0.6027
-0.6475
-2.6634
-0.3706
-0.5777
-0.1740
-0.7668
-0.3946
-0.6094
-0.8038
-0.5281
-0.7059
-0.3767
-0.3555
-0.6333
-0.6028
-0.1284
-1.7140
-0.5016
-0.5405
-0.6511
-0.3729
-0.3627
-0.2592
-0.3407
-0.8180
-0.3650
-0.6010
-1.5408
-0.5902
-0.5543
-0.7448
-2.8907
-0.5250
-0.7116
-0.5566
-0.7085
-0.6467
-0.2903
-0.3634
-0.5098
-0.4682
-0.4384
-0.4332
-0.8307
-0.5471
-0.5195
-1.4864
-0.2849
-0.5693
-0.3897
-0.6393
-0.5546
-0.3591
-0.6188
-0.6155
-0.3794
-0.9120
-1.6425
-0.8407
-0.7877
-0.8431
-2.4132
-0.4016
-0.7278
-0.5634
-0.6422
-0.3993
-0.7693
-0.6512
-0.4366
-0.3743
-0.2980
-0.3853
-0.8424
-0.4222
-0.1562
-1.8045
-0.3842
-0.6679
-0.7221
-0.6518
-0.5509
-0.2544
-0.3688
-0.7134
-0.4162
-0.8648
-1.4776
-0.4572
-0.2963
-0.6454
-2.8769
-0.4950
-0.7211
-0.4813
-0.7714
-0.2332
-0.7164
-0.3836
-0.4065
-0.4361
-0.2465
-0.5671
-0.6368
-0.5065
-0.1791
-1.8188
-0.3886
-0.3552
-0.5860
-0.5914
-0.2527
-0.4504
-0.5324
-0.8582
-0.5962
-0.5501
-1.5903
-0.6377
-0.4559
-0.6712
-2.8465
-0.4073
-0.6449
-0.5411
-0.7790
-0.5153
-0.7024
-0.6876
-0.4303
-0.5985
-0.3091
-0.3514
-0.8957
-0.5035
-0.3458
-1.7474
-0.1579
-0.5369
-0.5029
-0.5598
-0.5116
-0.1158
-0.4405
-1.0547
-0.4034
-0.9693
-1.3735
-0.8109
-0.3387
-0.7063
-2.8097
-0.2916
-0.9653
-0.4551
-0.8125
-0.2277
-0.7806
-0.7411
-0.4198
-0.4702
-0.2986
-0.4918
-0.6818
-0.4463
-0.3188
-1.7525
-0.3707
-0.6287
-0.5394
-0.2817
-0.4240
-0.3676
-0.6126
-0.7833
-0.4377
-0.7822
-1.6196
-0.7694
-0.6148
-0.4522
-2.8407
-0.3597
-0.6538
-0.4945
-0.4474
-0.5829
-0.5988
-0.7375
-0.3478
-0.5577
-0.2500
-0.4306
-0.8100
-0.4750
-0.4842
-1.8477
-0.2997
-0.4548
-0.6141
-0.4935
-0.5083
-0.4334
-0.9421
-0.9652
-0.3619
-0.8809
-1.5641
-0.7722
-0.2986
-0.7540
-2.8212
-0.4434
-0.8010
-0.2344
-0.6164
-0.4714
-0.6938
-0.7127
-0.3319
-0.5935
-0.3968
-0.4113
-0.7830
-0.5236
-0.3447
-1.6265
-0.2042
-0.6053
-0.7001
-0.4740
-0.4213
-0.0012
-0.7265
-0.9089
-0.1118
-0.9262
-1.6009
-0.7841
-0.5150
-0.5997
-2.8220
-0.3785
-0.7949
-0.5832
-0.6894
-0.3325
-0.7657
-0.4643
-0.3741
-0.6085
-0.3346
-0.4182
-0.7218
-0.5701
-0.2442
-1.7914
-0.3725
-0.5726
-0.5741
-0.5359
-0.1206
-0.3077
-0.7760
-1.0180
-0.4133
-0.8742
-1.6854
-0.7221
-0.6104
-0.5977
-2.8009
-0.4730
-0.5980
-0.3964
-0.6660
-0.4134
-0.6070
-0.7390
-0.3109
-0.4552
-0.5017
-0.2507
-1.0130
-0.6175
-0.3542
-1.5885
-0.3825
-0.3694
-0.6146
-0.5872
-0.2627
-0.3501
-0.5982
-0.8367
-0.5382
-0.8275
-1.4812
-0.6222
-0.4468
-0.7778
-2.8516
-0.4646
-0.9891
-0.3952
-0.6913
-0.3000
-0.5505
-0.7722
-0.4519
-0.3953
-0.3454
-0.3261
-0.8578
-0.5478
-0.2943
-1.8329
-0.2585
-0.4972
-0.5143
-0.7014
-0.2965
-0.3873
-0.8665
-0.9186
-0.4375
-0.8404
-1.6082
-0.6945
-0.4860
-0.6397
-2.8378
-0.4121
-0.5765
-0.5042
-0.4509
-0.4721
-0.7260
-0.5542
-0.5250
-0.5494
-0.4196
-0.5044
-0.8131
-0.5069
-0.2888
-1.9063
-0.4744
-0.5375
-0.5081
-0.5346
-0.4401
-0.2281
-0.8421
-0.9032
-0.4024
-0.9496
-1.7534
-0.7750
-0.4583
-0.5176
-2.8018
-0.5752
-0.8459
-0.5113
-0.2326
-0.3396
-0.6976
-0.6916
-0.3555
-0.4311
-0.3561
-0.4118
-0.9192
-0.5455
-0.4017
-1.6541
-0.3908
-0.3022
-0.6892
-0.7548
-0.5204
-0.0917
-0.0858
0.1131
0.1935
0.0750
0.1527
-0.0388
-0.0005
-0.0507
0.0696
0.1723
0.0361
-0.0105
-0.0965
0.0419
0.0030
-0.0847
0.1342
-0.2193
0.0896
-0.0549
0.0504
-0.0066
0.0351
-0.1965
0.1223
-0.1773
0.0848
-0.0812
0.0059

Direct connections:
