version: 10
file format: 0

training data file: /experimental/Erwan/tmp/tmp.train-lm-from-UD-corpus.sh.YXRk3MWtp.train
validation data file: /experimental/Erwan/tmp/tmp.train-lm-from-UD-corpus.sh.YXRk3MWtp.valid

last probability of validation data: -8562.301591
number of finished iterations: 7
current position in training data: 0
current probability of training data: -8559.236870
save after processing # words: 0
# of training words: 38702
input layer size: 88
hidden layer size: 30
compression layer size: 0
output layer size: 59
direct connections: 0
direct order: 3
bptt: 0
bptt block: 10
vocabulary size: 58
class size: 1
old classes: 0
independent sentences mode: 0
starting learning rate: 0.100000
current learning rate: 0.012500
learning rate decrease: 1


Vocabulary:
     0	         0	</s>	0
     1	      5461	32	0
     2	      3734	105	0
     3	      3656	101	0
     4	      2705	97	0
     5	      2668	116	0
     6	      2622	117	0
     7	      2259	115	0
     8	      2036	114	0
     9	      1967	110	0
    10	      1817	109	0
    11	      1788	111	0
    12	      1286	99	0
    13	      1047	108	0
    14	       980	112	0
    15	       899	100	0
    16	       474	98	0
    17	       411	44	0
    18	       410	113	0
    19	       349	46	0
    20	       343	103	0
    21	       305	118	0
    22	       295	102	0
    23	       159	120	0
    24	       157	104	0
    25	        83	65	0
    26	        66	58	0
    27	        64	83	0
    28	        58	59	0
    29	        56	73	0
    30	        53	80	0
    31	        51	67	0
    32	        39	81	0
    33	        35	78	0
    34	        34	69	0
    35	        34	77	0
    36	        32	68	0
    37	        30	72	0
    38	        30	84	0
    39	        29	86	0
    40	        21	82	0
    41	        21	76	0
    42	        20	70	0
    43	        18	79	0
    44	        17	71	0
    45	        17	39	0
    46	        16	63	0
    47	        15	85	0
    48	        11	121	0
    49	         6	66	0
    50	         5	88	0
    51	         5	33	0
    52	         2	40	0
    53	         2	41	0
    54	         1	8224	0
    55	         1	75	0
    56	         1	122	0
    57	         1	107	0

Hidden layer activation:
0.0394
0.0036
0.0001
0.0002
0.4458
0.0096
0.0052
0.0170
0.0070
0.0002
0.0041
0.4171
0.0332
0.0080
0.0007
0.0003
0.0052
0.0002
0.0012
0.0000
0.0071
0.0035
0.9660
0.0001
0.0013
0.0208
0.0013
0.0549
0.0028
0.0040

Weights 0->1:
-0.1354
-3.4764
-3.5716
-2.3324
-0.8421
-0.4477
0.0884
-0.3270
-0.0207
-3.0660
4.0411
-2.3357
-0.3906
-0.8341
0.5432
0.1027
-2.5705
0.5025
-0.9993
0.3371
2.0638
2.0934
0.0615
1.4787
1.5240
-1.0495
0.2069
0.2720
0.1179
-1.0425
0.2474
-0.2646
-0.5341
0.5792
-0.8223
-0.1394
0.3561
0.2459
-0.0984
0.3792
0.3502
0.1087
-0.1191
-0.6213
0.0298
0.1120
-0.0353
-0.6619
-0.9506
0.3340
-0.5872
-0.1276
-0.1896
0.0698
-0.1168
-0.0502
0.1388
-0.0983
-0.9296
-1.1129
-1.0361
-1.3231
-1.2093
0.2219
-0.5984
0.8946
-0.6113
-0.4509
2.2008
-0.0483
1.1627
0.1626
0.6488
0.6860
0.1768
0.3292
0.3429
1.0253
0.0202
1.3595
-3.0035
-2.3707
-0.5746
1.3482
-1.3472
0.9590
-2.5468
-0.1935
-0.2446
-2.3761
-1.1567
-3.9948
-2.1225
0.2327
-2.8133
3.9681
-4.1290
0.2811
-0.0612
-1.2435
0.6372
-1.0039
1.4339
0.3562
-0.8634
3.1192
-0.9580
2.9087
-1.2062
-1.0275
-1.5827
1.6152
-0.7980
-0.1809
2.0064
1.0329
2.1810
-0.2988
-0.4355
-0.3645
-0.2068
-0.1400
-0.0046
0.1459
0.0433
-0.1477
-0.0410
0.4835
0.0136
-0.0835
-0.3064
0.0344
-0.0027
1.8576
1.0330
0.1038
-0.1141
0.0401
-0.2552
0.3825
0.2340
0.2421
0.1539
-0.0957
0.0182
-0.0944
0.4111
-1.6166
-0.5005
3.3036
0.5553
-0.9275
-0.9919
-1.2721
-2.3925
-2.2600
2.3057
-1.2960
-0.2314
-2.4846
-0.0800
-3.0055
-0.2377
-1.1996
-0.2282
-0.5936
0.3416
-0.6655
-2.9835
-0.5874
-0.7299
-0.1610
-0.5239
0.5396
0.8981
1.2447
0.0005
-2.1664
-0.5808
0.4044
-0.5822
-2.9330
-0.6672
-0.2049
-2.0587
-2.2178
0.5825
1.1339
-0.9002
1.8437
1.6875
-1.4659
2.0304
-0.8382
3.9466
-0.9148
1.8864
-0.3054
-0.3476
-1.3122
0.5430
-0.8140
-0.5736
-0.2649
-0.5097
0.0307
-0.2226
0.4259
1.6179
-0.6536
-0.4846
-0.6157
-0.0346
-0.2119
0.3417
-0.5399
-0.3062
0.2064
-0.0401
-0.4137
-0.4464
-0.9169
-0.3536
0.0373
0.0641
-0.0501
-0.4403
-0.1026
-0.1732
-0.1685
0.0563
-0.1223
0.0903
0.0113
-0.1697
0.0736
1.6591
-0.6611
-1.5205
-1.1742
-0.1422
-1.2856
-2.2557
1.0833
1.8083
-0.4514
-1.5564
-2.6455
-0.2103
-0.7234
-0.2399
-1.1228
1.2045
-0.1065
-0.8665
0.7493
-1.2453
-0.5720
0.3896
-0.6053
-0.0509
-2.4391
-0.7252
1.3914
0.0777
-2.3635
1.7007
1.0946
-2.6599
0.3143
1.8056
-1.3570
0.4605
-0.9165
-1.2355
-1.2068
-0.4464
-0.4465
1.9640
-1.1316
-0.1263
-0.3394
-0.7650
-0.2530
0.5458
-1.5052
-0.0706
-0.3312
0.4181
-0.2707
-0.0568
-1.0077
-0.0325
0.5314
-0.0159
0.5209
-0.4485
-0.4578
1.4649
0.3352
-0.3707
-0.6772
-0.6844
-0.7014
0.1592
0.1501
0.2975
-0.3013
0.6218
-0.3436
-0.1548
0.8513
0.0203
-0.0871
-0.1178
-0.0386
-0.1158
-0.0647
0.1017
-0.0501
-0.0598
0.0466
1.2769
-1.2742
-0.9597
-0.4974
-2.1418
0.4526
-0.4536
-0.9580
-2.6053
-1.1697
-0.3750
-1.1164
-1.1805
-1.4287
-1.4486
-1.8077
0.6142
-1.8957
-0.4507
-1.8636
0.7863
-0.5279
1.6433
0.9136
-0.8947
-0.2094
-0.0603
-2.1806
-0.5703
-1.9606
-0.2318
3.4772
-1.6480
1.2518
-0.3690
-0.9374
2.9799
-0.6307
0.4158
0.1979
-0.8392
-0.7281
0.0881
0.4718
-0.3991
-0.1304
0.3790
-0.3231
-1.9190
-0.5002
1.4440
-1.2683
0.8315
-0.2025
0.0557
0.8063
-0.1732
-0.2018
-0.2850
-1.0538
0.3142
-0.4048
-1.1611
-0.0967
0.4748
-1.3724
-0.5281
-0.6210
-0.2462
-0.3927
-0.9042
-1.0535
0.2995
1.1846
0.0693
-0.3302
-0.3448
0.5843
0.7544
0.2436
-0.6109
-0.0788
-0.0071
-0.1095
-0.0511
0.0154
-0.0548
-0.1665
1.0124
-0.8178
0.7560
1.0678
-0.0717
-1.3551
1.9593
0.1950
-0.7941
0.8574
0.7970
-1.5803
-0.4506
-1.1794
1.1578
1.6406
-1.3319
1.5558
-0.2285
2.5589
-1.3562
1.6023
-1.3548
0.8803
1.2273
0.2268
1.4803
-0.3967
0.1217
0.2902
-0.0127
-0.7746
-1.7891
-0.7050
-0.3643
-2.1673
2.3562
-0.0338
0.0643
0.7070
-1.5417
-0.8156
-0.8409
-0.0827
-0.4381
0.3434
0.6661
-0.3384
-1.1176
-0.3075
-0.1060
0.0929
0.1686
0.8350
0.5426
-0.2320
-0.3351
0.4739
-0.3998
-0.3958
0.3310
0.1205
-0.7602
0.3636
-0.4342
0.2448
0.2560
0.2680
-0.1082
0.1877
-0.0422
-0.1300
-0.1029
0.0532
0.5454
-0.2850
-0.2769
-0.4180
-0.1842
-0.0864
-0.1321
-0.2075
-0.1526
-0.0830
-0.0448
0.0975
0.0255
0.0685
1.6333
-2.0866
-0.6570
-1.1589
-0.5232
-0.6218
-0.2154
-0.3528
-0.6561
-1.3075
0.8177
-0.9387
-1.3961
-0.1958
0.5085
-0.5641
0.1525
0.3894
-0.4705
-0.8104
-0.2515
-0.0106
-2.0542
-0.7549
-0.9050
0.4043
-0.5577
0.5335
-0.4049
-0.1141
-0.2744
-1.3419
0.2582
-1.0869
-0.2613
-1.2598
-1.0310
2.0484
2.1596
-0.2256
-0.4052
-0.6300
-0.9455
0.9062
-1.5239
0.8978
0.2799
-0.1381
-0.7494
-0.1736
0.1475
1.4398
-0.8492
0.4580
-0.5857
-0.4599
-0.2359
0.4548
-0.0905
-0.8261
-0.3882
-0.4907
-0.3659
0.9523
-0.6806
-0.1664
0.2757
0.0515
-0.2533
0.6559
0.2490
-0.2403
-0.4704
0.2992
-0.0976
-0.6321
-0.1734
-0.6476
0.1397
0.3808
-0.4431
-0.3330
-0.1786
-0.3043
0.1243
0.0871
0.0408
0.1123
0.4326
1.2243
-0.9895
-0.3438
-2.3302
0.4584
-0.3213
-0.5905
-1.7855
-0.5936
-1.3862
-1.6193
-0.1447
-1.0063
-1.5923
0.3672
0.4636
-0.4018
-2.5235
-1.4836
-0.8258
-1.0350
1.1944
0.2213
-0.9357
-0.1846
-0.4243
-0.8650
0.5208
-0.1662
-0.0115
-2.4891
-1.4931
-1.4839
0.1042
0.8548
-1.8364
-0.9659
0.1140
-0.1910
-1.5966
0.8619
0.9081
-0.1739
-1.1970
0.0454
1.1558
-0.4422
3.1664
-0.3780
0.8220
-0.2560
0.2794
-0.3078
-0.0836
-0.4095
-0.3319
-0.2041
-0.4346
-0.2945
-0.3024
-0.2133
1.5246
-0.3099
-0.4078
-0.0378
-0.0568
-0.4051
0.2162
-0.1749
0.0210
0.5702
-0.1591
-0.3841
-0.0348
-0.3108
0.0231
-0.3260
-0.2112
-0.0618
-0.2261
-0.2270
0.0336
-0.1919
-0.0596
0.0734
-0.0965
0.0438
0.5193
-1.6950
-0.0642
0.1488
-2.0620
-0.1797
-0.7616
0.3815
0.0723
-0.2498
-0.8829
-0.5242
-0.6969
-0.4856
-0.0012
-0.4302
-0.8261
-0.6970
1.0008
-1.5738
1.1463
-0.4954
-2.1734
-1.0560
-0.5443
1.1804
-1.0618
-0.1978
0.2991
-0.9443
-0.5128
-5.3933
-4.6720
-5.5287
-5.2048
4.4850
-3.3269
-0.3475
0.2812
0.7496
0.5705
-3.0849
0.6594
0.7493
-0.1140
2.1044
3.3090
-0.0836
1.2436
0.1421
0.1596
2.1264
1.3169
-0.6283
2.2796
-2.2797
-0.4344
-1.5255
-0.4770
-1.7825
0.4555
-0.2714
0.0825
0.8938
-2.1899
0.5366
0.7625
0.1259
0.4992
0.5035
-0.1964
0.2227
-0.4965
-2.5463
0.8955
-0.8804
-0.1854
-2.0404
-1.1065
0.3332
-1.3733
0.0487
-0.5947
-0.6735
-0.3349
0.0814
0.1372
0.3689
0.4411
0.7204
0.6163
0.7687
-1.8163
-0.9387
-0.2196
1.8446
1.9762
0.5964
-2.1257
-0.6737
1.3036
1.2402
-1.0517
1.7483
1.0369
-1.9363
-0.3475
-0.8071
0.2303
-0.8089
1.5922
-0.5768
-2.5076
-0.0677
0.2955
-2.6451
0.1205
1.1764
-0.0516
-2.2131
-0.6571
-1.5851
0.0473
-0.7141
-1.2467
-1.0230
-1.9105
1.3109
-0.4158
-1.8640
1.7942
-0.4152
-1.3665
0.5101
0.9817
0.7156
-0.1322
0.8703
0.9422
0.6425
0.1452
0.0437
0.2404
0.0257
0.2496
-0.8258
0.4154
-0.0708
-0.0342
0.0656
0.0078
0.4950
-0.0689
-0.4112
0.2085
0.3531
-0.2834
-0.1166
0.6341
-0.1612
0.0507
-0.4898
-0.3284
0.7509
0.6127
-0.2888
-0.0459
0.1124
-0.3396
0.0495
0.4387
0.0812
0.0363
0.0252
0.0194
-0.0417
-0.0366
-0.4052
0.1775
-0.7983
-0.8699
-0.9656
0.3230
-0.1524
-0.2099
-0.1588
-0.8128
-2.1567
0.2545
-0.0238
-0.9880
-0.2051
-1.6086
1.3083
1.7225
-0.1188
-1.7109
-1.1240
-0.6010
1.5503
-0.2381
-1.0296
-0.1599
-1.3629
1.0195
-2.0908
-0.2765
-0.3834
-1.5003
-2.5337
-2.5145
-1.5796
0.7016
0.2171
-0.4761
-0.1501
1.0019
0.1562
-0.7904
1.6132
1.7709
-0.3550
2.4925
-0.9545
-0.5222
-1.0336
1.8852
0.3031
0.3300
-0.4662
1.0820
-1.7195
-0.7468
-0.4185
-0.7950
-0.6670
0.4999
0.6098
-0.9326
0.5035
-1.0387
-0.1048
0.2196
0.4884
-0.3920
-0.2898
0.3234
-0.2369
0.6689
-0.8034
0.7261
-1.4678
-0.3975
-0.3230
-0.4175
-0.0295
-0.5931
-0.2016
-0.5103
-0.5702
0.0124
-0.0267
0.0079
0.0154
-0.3631
-1.2049
-0.8053
0.2661
-1.5361
0.2965
-0.4882
1.0529
-0.6610
-0.6258
0.1433
-2.7331
0.8143
-1.9169
-1.0790
1.3732
-1.7862
-0.3529
-1.8093
1.6671
-0.0861
-0.4149
1.2465
-0.9369
-0.0297
-0.2367
1.4044
-0.6624
-0.9636
1.0792
-0.2200
-3.2626
3.2717
-0.6892
3.1374
-2.7435
-1.9215
-2.0032
1.8963
-0.1875
-0.3878
-1.7115
0.1604
-1.1290
-1.9347
-1.4529
-0.9318
1.6055
1.3860
1.5917
-0.3252
-1.3240
-1.7119
-0.9739
-1.1871
0.2752
1.2339
-0.4210
1.1061
0.4674
-1.1237
-0.5700
0.5446
-0.3268
0.2484
-0.2011
-0.4444
-0.7537
-0.7452
-0.3808
-0.0573
-0.0196
-0.7029
0.1669
-0.0318
0.6840
0.7403
1.1656
-0.1270
0.1988
-0.6153
0.1276
0.4201
0.2561
0.0749
-0.1060
0.1278
-0.0515
-0.4761
0.3796
0.6739
-1.8238
-0.2000
0.4260
0.6878
1.9836
-1.1157
-0.6397
-0.8456
0.9145
1.2055
0.2830
-0.8649
0.4846
-0.1015
0.0032
-0.8083
0.3182
0.2993
0.8859
-1.0147
-1.3398
-1.3351
1.3805
-1.5362
1.3870
-1.4044
-1.2372
-0.1090
-2.3850
-1.4760
-0.8786
0.8179
-2.1537
-1.0927
-1.4262
-0.1256
-1.6743
-0.4367
0.6193
-1.1986
-0.4893
-1.5355
-0.1027
-0.8609
2.6139
3.6862
2.2920
-0.8318
-0.6670
-0.1490
-0.3012
-1.0747
0.5640
1.3273
-0.3014
1.0465
-0.0609
-0.5530
-0.6069
1.8903
-0.8032
-0.0600
-0.4365
0.0155
-0.6572
0.5161
-0.4117
-0.1999
0.5471
-0.2827
0.2433
-0.5643
1.5029
0.7732
-0.6774
-0.2734
0.4234
-0.4332
0.3961
0.3768
0.4089
-0.1043
0.0531
-0.2678
0.0405
-1.1873
-0.1006
0.0066
-0.8660
-2.1826
0.3533
-0.2596
-0.0510
-1.4710
-0.0212
-2.0255
-0.1124
0.4977
0.3761
-0.7375
-0.0752
-0.3884
0.6531
0.7993
-0.4136
-0.3327
-1.0372
0.3204
-0.0127
-0.6833
-1.3862
-0.9050
1.4953
0.6864
-0.7047
0.0121
-1.4453
-1.0234
-2.0112
-2.3091
-0.6655
-1.2214
-0.3140
0.0379
2.4360
-0.6159
-2.5540
-0.8198
3.4880
-0.7932
0.1262
-0.8403
-0.1133
-0.5264
-0.2332
0.0970
1.6685
-0.6556
0.4049
0.4084
-0.8750
-0.1158
-0.1829
-0.2309
-0.7417
-0.3658
0.9231
-0.3468
0.7602
-0.4970
-0.0325
0.0510
0.9185
-0.3667
-0.0032
0.0732
-0.2377
-0.2903
-0.6391
0.0260
-0.1980
-0.3436
-0.3559
-0.7206
-0.2331
-0.5164
-0.1055
-0.0052
-0.0972
-0.0440
-0.0207
0.1433
-0.1754
0.9146
-0.4828
0.9650
-0.2512
-1.4397
1.1760
-0.6698
1.4951
-0.9167
-0.6275
0.8568
-1.5099
0.9382
-0.7546
-0.3559
0.1220
0.9949
-1.2752
-1.0466
0.0980
-0.8888
0.9409
-1.6914
1.2513
-1.1741
1.1808
0.0092
-2.4667
-1.1022
0.2849
-0.0569
-2.4701
-0.1898
2.4443
-0.7269
-0.5135
-1.5751
-0.2508
-1.0252
0.3108
-0.2906
1.2666
-1.2640
-1.0872
-0.9641
-1.4788
-0.0410
0.5691
-0.3056
0.3175
-1.0885
-0.5631
-0.5900
-0.5855
0.8826
-0.6073
0.2199
-0.0476
0.1224
-0.6907
0.4030
0.1209
-0.0837
-0.6203
1.0424
1.2714
0.2369
0.5014
0.3116
-0.4956
-0.2498
0.3321
0.1666
-0.1247
0.5178
0.2525
0.1240
0.6065
0.2120
-0.3459
-0.1689
0.1178
0.0485
0.1089
0.0749
0.3021
0.2049
0.1341
-0.1332
-0.4450
1.7285
0.3400
-0.4185
0.5069
-2.4450
-0.7960
-1.2188
-1.1543
0.8267
-0.3142
-1.6821
-1.0929
-1.4328
-2.3143
-0.2674
-1.6643
-1.1585
0.5381
0.2244
-0.9642
-0.2594
-0.3483
-1.5234
-2.1303
-0.6199
-0.1310
-1.1029
-0.3609
0.0311
-0.6527
-1.7068
-1.2441
1.5103
-1.9892
-0.7600
3.2335
-0.1332
1.9623
-0.8221
-1.4309
-0.3089
-0.1662
-1.0351
-0.5711
-1.0494
-0.9581
3.9338
-0.8930
0.4470
0.1950
-0.2199
0.2759
0.1440
-0.3178
-0.7184
0.1460
-0.6135
-0.3078
-0.7632
-0.2768
1.4588
-0.1223
-0.3298
-0.5979
0.0475
0.4568
-0.0339
-0.5080
0.0243
-0.0684
-0.3706
-0.3226
-0.4778
-0.8627
-0.5921
-0.1025
-0.1390
-0.0257
-0.5967
-0.3937
-0.3656
-0.2951
-0.0388
-0.0836
0.0735
0.0145
-0.0221
-0.2939
-0.7913
-1.3189
-1.0816
-0.9848
-0.2608
0.9880
-1.1967
0.5783
1.5458
-0.9435
0.1898
0.6419
-0.0463
-0.4618
-3.1230
-0.3916
-2.1483
0.6697
-0.7915
-0.3606
-0.5910
-0.2764
-0.3062
-0.8656
-0.5037
-2.3987
0.4193
-0.5238
-0.0025
-2.9211
1.1890
-2.4866
-1.0221
-1.4458
1.2215
0.5041
-1.2299
-2.9526
-0.6949
-2.2326
-0.3516
1.9464
1.5040
-0.3993
-2.9018
1.3239
-0.7655
1.0045
-0.4453
0.0048
-0.2565
-0.3820
0.0843
-0.3787
0.5068
-0.2712
0.4772
-0.1806
0.2722
0.1717
-0.4275
0.4397
-0.8893
0.0498
-0.0278
-0.0256
-0.1588
0.0965
0.0375
-0.0149
-0.1600
-0.0384
0.0824
0.2545
0.3543
-0.1447
0.0189
0.0468
-0.2488
0.1148
0.1294
0.0367
-0.0271
0.0621
0.0474
0.0231
-0.7254
0.7594
1.3087
0.1904
-2.2068
-1.0829
-0.7573
0.3138
-0.7875
0.3408
-1.0339
0.6537
-1.6477
-1.2890
-0.3744
-0.7428
-0.1050
-2.9314
0.8964
-0.0985
-0.8360
1.1154
-1.3728
0.2952
-0.9150
0.4191
-0.7893
-0.6450
1.2895
-1.1412
0.0274
-1.7248
-1.0036
-0.8417
1.5522
1.0495
-0.0147
0.0138
-0.0975
-0.0884
-1.0964
2.4321
-0.4553
-0.1288
-0.2871
-0.8012
0.8406
0.1768
-0.1143
0.0517
-0.3080
-0.5819
-0.1511
-0.2841
-0.6766
0.9914
0.0296
-0.0141
0.2456
-0.5211
-0.4566
-0.3845
0.0722
0.1874
0.2118
-0.1712
-0.1696
-0.6085
-0.3436
0.0699
-0.0877
0.1273
-0.1953
1.0254
-0.0286
0.1683
0.1108
-0.3082
0.1289
0.3222
-0.1117
0.1368
0.1844
0.2345
0.1543
-0.1416
-0.0819
0.0609
-0.3682
0.0831
0.1921
-0.5308
-0.0747
-0.2026
-0.1892
-0.9478
-1.3779
-1.1985
1.2456
-2.7977
-0.4067
0.4380
-0.1533
0.1625
-1.0987
-0.9498
-2.0122
-0.2172
-1.9816
-0.4714
-0.9944
-0.9957
-0.6473
0.3047
0.0058
-0.9027
0.5901
-1.1437
0.0784
-2.6827
0.9008
-0.6737
-2.6289
-2.2332
0.3484
-1.1871
-0.7521
-1.9335
0.4159
1.7120
-0.4718
-0.8862
-0.6010
-0.6185
1.3569
0.4011
-1.0427
0.4127
-0.9055
-1.1178
-1.1555
-0.0375
0.3468
-0.0518
0.7059
-0.8510
0.6786
-0.0449
0.2947
0.1660
-0.6125
-0.0570
0.1205
-0.1979
-0.3426
0.2272
-0.2037
-0.4572
-0.7672
-0.5599
0.2110
1.2955
0.1943
0.5553
0.1052
0.8997
0.5527
-0.2843
-0.1101
0.0099
0.1862
0.3092
0.0111
0.0684
0.1013
-0.0074
0.4158
-2.0488
-0.0884
-0.9007
-3.0463
0.7058
0.2788
0.4204
0.3464
0.6713
1.9620
-1.7495
-0.9471
0.9060
0.2344
0.5440
-0.5423
-0.1374
0.4471
-2.2687
0.8618
1.4723
0.3352
-1.4923
-1.3211
2.1624
0.5809
-2.2711
-0.9076
0.0678
0.0118
-1.0237
0.6997
-1.0222
-0.0519
0.0463
-0.3953
-1.1035
-0.4918
1.3641
-1.5282
-3.5273
1.3434
-0.7592
1.9665
-1.5621
-0.7574
-0.7985
2.2529
-0.8396
1.8274
-1.6588
0.9766
0.2952
1.6302
-0.7969
-0.4605
-2.0080
-0.4419
-0.1465
0.5398
0.5811
0.7665
-0.3588
-0.0001
-0.6936
-0.6294
-0.1796
-0.4480
-1.0934
0.4644
-0.0799
1.4762
-0.8140
0.3319
-1.0729
-0.2602
-0.7155
0.6856
0.2212
-0.4122
-0.0179
-0.2363
-0.3385
0.0508
0.0700
0.0955
-0.0089
-0.1547
-1.9993
0.6477
1.0049
-1.3067
0.0563
-0.1873
-1.2406
-1.9390
-0.8441
1.8549
-4.0590
-0.3118
-0.5889
-2.7848
-0.9103
-0.4084
-0.4486
-2.7781
0.1163
-1.7932
0.9781
0.5178
-0.0334
0.0632
-0.9844
0.2499
-1.7779
-1.4877
1.3250
-0.0424
-5.3352
-2.0882
2.3832
-2.6805
0.3852
-0.1762
0.0164
0.1826
-3.0312
0.2920
2.2653
-2.4067
-0.9682
-2.7909
-0.1834
0.2524
2.2266
-0.7388
2.4106
2.8330
-0.7118
-1.1701
-1.1657
-0.0770
-0.6254
1.6244
-0.4495
1.5939
0.0808
0.2547
-0.2572
-0.2170
-0.0140
-0.7147
0.1947
0.1383
-0.0355
-0.0350
0.1204
-0.1819
-0.0437
0.3232
-0.4249
0.1262
1.6829
1.2131
-0.4276
-0.2667
0.0303
-0.2759
0.7937
0.0082
0.1960
0.2280
-0.0775
0.0486
-0.0178
1.6402
1.3677
0.7439
-1.2483
-0.7724
-0.0764
-2.7211
-0.8438
0.1085
-0.6816
-0.2492
-0.7871
-0.9930
-2.1806
-0.0434
-0.8718
0.8905
-1.0117
0.2373
-0.4054
0.8843
0.0480
-3.4152
-1.3580
-0.4452
0.1923
-0.8769
0.9479
0.6455
0.3299
-0.0041
-1.7167
-1.4734
0.2365
-1.3800
-0.9901
2.5421
-1.3322
-0.5117
3.0834
-1.0686
-2.0766
-0.4107
-0.4023
-1.8328
0.5409
0.5717
-0.5598
-1.1311
-0.4512
-0.1007
1.9040
-0.6602
-0.0564
0.7438
-0.4336
-0.4031
0.1371
-0.4252
-0.3939
-0.3779
-0.0591
-0.9305
0.5780
0.1696
-0.3643
0.4915
0.8602
-0.7015
0.5247
0.2573
-0.2735
-0.3810
-0.9450
-0.1844
-0.8972
-0.3034
0.4469
-0.3263
-0.2474
-0.4352
-0.2208
-0.2075
-0.1162
0.1771
-0.0626
-0.0117
0.0659
-2.7854
-1.1847
1.0124
-1.4919
-1.5668
0.4455
-0.5876
1.4635
-1.4834
-0.6857
-0.9194
-1.1694
-0.1079
-1.1644
-0.1794
-0.5744
-0.4203
0.6721
-2.0484
-0.6497
-1.1063
-0.0001
0.7441
-0.3514
-1.6447
-0.2521
-0.0727
1.0274
-0.5508
-1.0101
0.1360
6.3499
-1.2737
-0.0840
-1.4910
-2.0200
-1.7850
-1.0061
-1.1291
-3.4068
1.6359
-0.1751
0.3762
-2.1379
1.2758
-2.2410
0.8332
-1.2134
0.3830
-1.3823
2.0751
0.7230
1.2566
-0.8026
-0.4739
0.1363
-1.0705
0.2243
-1.0437
-0.1372
-0.1556
-0.2969
-0.3067
0.3976
-0.6260
-0.4120
-0.1190
-0.0770
-0.1617
-0.2322
-0.2090
-0.1120
-0.1655
-0.3006
0.3085
-1.0768
-0.5340
-0.1754
0.1246
-0.0347
-0.0939
-0.3308
-0.1957
-0.3372
-0.1779
-0.0702
-0.2244
-0.0918
-1.6384
-0.7307
0.1701
1.2266
-2.5102
-1.4384
-0.6549
-0.4677
-1.1717
0.8003
0.0526
-1.3948
-0.0009
-0.4540
-0.3511
-1.0480
0.8317
-0.2182
1.9235
0.7539
0.4826
-1.3366
-2.2079
-0.2178
0.7111
-0.9284
0.1926
-1.3692
1.3716
-0.1392
-0.1124
-1.7792
1.1212
-2.1225
0.8970
-1.6956
-1.5979
-1.7739
-2.3744
-0.7286
3.9393
-0.8026
-0.6379
0.2610
0.3959
2.4571
0.2914
-0.4974
0.1676
-0.3782
0.8334
0.0209
0.3466
-0.8742
0.0391
-0.4772
-0.1224
-0.1217
-0.1975
-0.1059
-0.3335
0.3087
-0.1439
0.2638
-1.4457
-0.4381
0.1106
-0.1052
-0.5132
-0.0445
0.1832
0.0562
-0.1695
-0.4421
0.0728
-0.3512
-0.1802
-0.9108
-0.0778
0.1052
-0.4778
-0.0731
-0.1679
-0.1129
0.0454
0.1848
0.0905
-0.1574
0.3722
-0.5773
-0.6506
0.3490
0.6357
-1.8737
-0.3503
-1.1295
-1.0130
-1.0169
0.7864
-1.6380
-0.7576
-0.9294
0.6033
-0.2241
-2.1233
-1.0795
-0.9717
0.2158
-0.9333
-1.5355
-0.0560
-1.2491
0.8237
0.6149
0.2936
-2.4174
-0.2018
-1.3534
-0.2068
-2.0377
1.7814
0.7890
0.4819
-1.2447
-0.8007
-1.6096
-2.1460
-1.5643
-0.5078
-0.1828
0.5123
-0.2423
-1.7919
-0.0333
-0.6426
0.6688
-0.3112
0.4350
-0.9487
-0.2533
-0.2972
0.1196
0.7846
-0.6007
0.4307
-0.1398
0.4009
1.0939
-0.2588
0.6656
-0.0358
-0.5078
0.6886
-0.0959
-0.0456
0.5706
-0.2789
-0.5437
-0.1679
-0.0357
0.4154
0.5654
-0.5945
0.6781
0.3089
0.6209
0.1477
-0.6588
-0.2529
0.1918
0.3657
0.3810
0.1943
-0.0093
-0.1362
0.0275
-0.2541
-0.8135
-0.1354
-0.9050
-0.8548
-0.0174
1.0095
-0.6483
-1.8635
-1.4144
-0.3818
-1.5811
-0.4652
-0.9660
-0.1078
0.2702
-0.1461
-0.4200
-1.5738
-1.8807
-0.4520
-0.8507
1.1268
-1.2094
-1.2486
0.7977
-0.2149
-0.6787
-0.0431
-1.4571
-0.2329
-3.7683
0.5802
-0.9043
-2.4393
-1.0636
-1.8557
1.9575
2.1715
-0.9459
1.4997
-3.8870
-1.0637
-0.3293
-0.8018
-0.3089
-0.2014
0.5319
2.8974
0.2737
-2.3106
0.3766
-1.7360
0.5874
1.0316
-0.9442
0.2712
0.1829
-0.0085
-1.0346
-0.4782
0.1954
1.1457
0.2319
-0.4921
0.4257
0.6223
0.8978
0.1237
-0.2520
0.3390
0.1529
-0.5507
-0.4366
0.0480
-0.1062
0.0475
-0.7057
-0.8073
-0.2609
-0.3690
-0.0295
-0.1124
0.0187
-0.1238
0.1935
0.1886
0.0917
-1.5924
-0.3476
-0.2264
0.6530
-1.1194
-0.2075
-1.0275
2.1555
0.3867
-0.0700
-0.5501
1.5059
2.4196
2.0554
-1.6081
-0.0880
0.5002
-0.8467
-1.8748
0.3781
-0.1415
-0.1314
-1.7955
-0.8331
-1.9970
0.4639
0.3266
-2.8210
0.9765
-0.1546
-0.0251
-0.2476
0.9113
-2.0302
0.9568
0.0455
0.0503
0.5565
0.0473
-0.4901
-1.3216
1.4155
-1.6846
-0.1325
-0.1608
-0.3768
-0.3397
-0.4383
0.2579
-0.2895
1.8232
-0.0487
0.0548
0.0456
-0.3702
0.6234
-0.2000
0.6618
-0.3402
0.2445
-0.0609
-0.1124
0.1510
-0.2689
-0.1388
0.0556
-0.0397
-0.4431
0.2710
-0.1114
-0.5183
0.1767
-0.3151
0.1054
0.1597
-0.8412
-0.0979
-0.0181
0.0523
-0.0667
0.1423
-0.0932
-0.1322
0.0257
0.0027
0.0338
0.0195
-0.0218
-1.4051
-1.6432
-0.9650
-0.4351
-1.7974
0.0057
0.4116
-0.6575
-0.5497
0.0310
-0.3336
-0.9113
-0.1899
-0.9440
-1.3992
0.1231
0.0151
-0.2091
-1.3798
-0.1634
-1.5946
-1.1341
1.1444
0.3835
0.0668
-0.5156
0.2470
-1.2115
-1.7030
-0.8777
-0.1226
-4.4979
-3.5798
0.8666
2.6303
-1.0759
1.3779
-0.5740
-1.7931
-2.3600
-1.7299
1.0340
-2.3429
-0.6989
-0.2291
-2.4151
-2.4509
2.1381
-0.9190
2.0378
-1.9943
-0.5572
-0.5418
-0.4493
-0.2412
0.5167
1.5623
0.2587
1.6608
0.3105
0.1766
-0.7255
-0.3680
-0.4008
0.5593
-0.3013
-0.3472
-0.6794
-0.0612
-0.2247
0.0081
-0.0910
0.3668
0.5919
0.0426
1.5709
0.9093
1.3304
0.1943
0.3238
0.0463
0.5028
0.3415
0.1662
0.3925
0.0330
-0.0762
-0.2103
-0.2183
-0.1443
-1.0559
0.6214
-2.2663
0.8575
-2.3382
0.4443
0.0017
0.6747
-1.4622
-0.3062
0.3040
0.6016
-0.4478
-2.0086
2.1418
-1.3917
0.7082
-0.2419
1.8477
1.8138
-2.3330
-1.2489
-1.9378
0.7215
-1.4130
-1.2538
1.0342
-0.3288
-0.1751
-3.7043
-1.8476
0.3383
-3.1734
1.2854
-1.8429
1.6894
-3.6189
-1.4109
3.9147
-1.2773
-0.0051
-3.7792
-1.2987
-2.0903
-0.0715
3.5950
0.6829
3.7489
-3.1806
-2.0103
-0.6978
-1.8168
-1.0931
0.7151
2.6082
-0.1176
2.3637
0.3191
-0.3148
-0.2119
0.6169
-0.2983
0.4656
0.2365
-0.1248
-0.3481
0.2137
0.1621
-0.1582
0.1433
-0.1336
0.4922
-0.1683
3.6283
1.2484
0.6630
0.1770
-0.1322
-0.1556
0.5898
0.2538
0.1693
0.1641
0.0100
-0.1595
-0.0050
-2.1674
-0.6194
-1.2968
0.6637
-2.5390
-0.3365
-0.9249
-2.3564
-1.2623
-1.8620
0.0136
0.8225
0.0397
0.7715
0.6981
0.3938
0.1598
-0.1602
-1.0847
1.1413
-1.3938
1.5130
-3.2307
-0.4216
1.9922
-0.8687
1.9662
2.0482
-1.8133
-0.9804
-0.1664
-1.4710
-2.2329
-0.0535
-3.2557
3.0910
1.0595
-0.7444
-0.6478
0.0891
-1.8770
-2.1475
4.4543
0.7300
4.4718
-0.0389
1.3885
-0.9014
0.7417
-0.9136
-0.4709
1.9227
0.1765
0.9469
0.1376
-1.8257
-0.7076
0.0594
-0.5599
-1.9803
0.1368
-0.7561
-0.0155
0.4894
0.4653
-1.4153
0.3503
0.3565
0.2298
0.2176
0.2681
-0.6666
0.0776
-0.8444
-0.6433
-1.7174
-0.3254
-0.8474
-0.0134
0.4216
-0.7761
-0.1855
-0.7974
-0.6834
0.0836
-0.1731
0.0851
-0.3254
0.2115
-1.4096
-1.5213
-0.9883
-1.5551
-0.1826
-0.4421
-0.0599
-0.3974
-1.1094
-0.3631
-2.1986
-0.9343
-1.4246
-0.7598
-0.3409
-0.5038
1.4338
-1.3382
-0.2845
-1.4551
-0.3657
2.0332
-0.0300
-1.3010
0.6554
-0.3445
2.2457
-1.4534
-1.0708


Weights 1->2:
-0.5602
-0.5352
-0.7333
-0.4689
-1.4674
-0.6852
-0.3095
-0.5670
-0.6699
-0.4745
-0.5389
-1.1592
-0.4327
-0.6519
-0.3770
-0.6383
-0.4225
-0.1462
-0.9523
-0.4836
-0.6245
-0.4641
-2.0547
-0.3585
-0.3559
-0.7723
-0.3463
-0.6919
-0.6598
-0.5258
1.0661
4.5160
-0.1932
-0.2310
1.4065
-0.8119
-1.1091
-0.0713
2.0099
4.0298
-1.5634
2.8140
3.8217
0.7897
0.8430
-1.5271
1.3581
1.2605
2.1813
-1.1445
3.0893
-1.3910
-4.5874
0.5431
1.7724
0.2666
-1.2941
2.4344
3.8220
-0.5468
3.3324
1.0517
0.8918
-1.1219
2.5903
1.4904
1.7913
0.6518
4.2266
1.1049
0.9265
0.8389
0.7150
1.9049
-0.2033
0.6817
1.3269
-1.4113
-1.9015
-1.4460
0.8143
1.8359
0.4594
1.2743
1.0549
2.8389
-0.8378
-1.3273
-1.9645
2.6895
3.0147
1.0486
0.6710
0.3904
2.4624
0.0065
3.3722
1.1703
4.7826
1.0875
1.6348
2.5839
1.0767
1.0594
-2.3101
0.6777
1.1244
1.3922
-1.8256
0.1553
-0.4492
1.8114
1.1750
2.1224
-3.0112
1.3374
-0.6083
0.2452
-2.5805
1.9150
1.9898
0.4908
-1.2743
0.3911
1.4441
1.5246
0.0487
1.7205
4.4070
0.0410
2.5376
1.9022
-1.6273
2.4827
0.7317
0.9201
1.3819
-1.6630
-0.0327
0.6690
1.2924
0.3629
1.8342
1.2148
1.2011
2.2611
-0.7036
-2.7144
-1.3015
1.7219
-1.5469
3.5344
1.7189
1.9985
2.3437
0.4325
-0.9287
0.8046
-0.6739
-0.4930
0.6371
4.5347
-1.3692
1.6196
1.2920
2.5161
0.5435
0.1401
0.7549
-1.1607
-0.4967
1.3532
0.1324
-2.7275
1.6040
0.0203
-0.3080
2.1967
0.8316
2.8635
1.4574
0.7703
2.8923
0.6223
1.5477
-1.0600
0.0695
2.6102
4.0579
-0.0116
-0.8387
1.9547
2.2788
1.6671
-1.3392
3.3866
-1.3886
-0.8455
0.1443
0.7035
0.4175
0.0845
0.3726
1.7825
1.2451
2.0623
-0.0415
-0.9352
-0.9596
2.4561
-1.9176
2.7737
0.2377
0.9282
2.3218
0.7172
-1.2401
0.2747
0.2727
-0.2080
0.3701
2.6317
-0.7832
-1.0798
2.3271
1.0074
3.7546
0.4306
2.8337
-0.2668
0.6009
2.7631
1.2142
-0.5044
-0.7289
0.2126
-0.2356
2.3363
1.1020
-1.3022
-0.3231
-1.8887
1.4012
0.1628
2.7935
-0.1119
-0.2804
0.3590
2.8812
0.3829
1.0428
1.6635
1.0644
-2.0896
1.6521
-0.6666
0.3668
1.0686
0.8476
4.0406
2.2718
-1.4728
-0.2488
-0.3542
-1.4918
-1.4633
1.1960
3.0139
-0.2463
2.5715
0.9400
-2.9554
2.9588
3.9657
2.0343
-1.2650
-0.5362
-0.2494
-1.8093
1.9761
1.7978
2.6556
-1.1499
0.0367
-0.1340
1.1132
-0.5848
-0.7292
2.5543
0.1510
2.3595
3.2802
1.0356
1.7715
0.4034
-1.2880
0.8824
3.0021
0.7166
-4.4154
1.6503
-1.4062
1.3957
1.2844
3.1181
1.7525
0.3117
-2.3354
-1.3514
-0.5116
1.3438
1.4174
0.5216
-1.6803
0.6660
-1.6043
1.1768
-0.0542
1.2122
-1.7191
0.2283
-1.2263
0.0937
1.7753
1.2437
1.5790
2.3498
4.3126
-0.5352
-2.2022
2.1479
-0.1470
-0.0925
0.0872
1.0150
0.3989
0.0049
-1.0502
3.6925
1.7671
2.2622
0.8426
-1.6657
2.6707
-0.0685
1.5393
1.2977
-2.2904
0.2638
1.3769
2.2258
1.3241
0.9679
1.2354
1.3457
3.4603
-2.5052
-3.3513
-1.6702
2.7483
-0.2711
1.5112
0.0801
-1.0315
2.8410
1.2696
1.6328
0.1400
-2.0339
1.2617
-1.0636
2.0249
0.5507
0.3680
2.1461
1.7858
-0.2285
1.4240
2.4521
1.3047
-0.4977
-0.2756
0.3760
-0.7896
0.7216
0.7023
1.3531
-0.1368
1.5644
1.1710
-1.8370
-1.5631
3.3100
0.7630
2.8237
1.8912
-0.3479
0.6187
0.8359
0.4564
0.6120
1.3887
-0.1480
1.2767
-0.4751
0.0031
2.8806
0.7361
0.8006
1.5344
0.2707
-0.8321
-0.7281
1.6366
1.4273
-2.4002
0.5646
1.6982
-0.9131
1.4011
2.2292
1.6097
1.1504
-0.4860
2.1465
0.5316
1.5190
-1.2778
-2.4294
-1.9561
1.1208
0.2496
0.8597
-1.3754
0.3808
1.0531
0.8467
0.9407
1.1311
-1.1859
0.4880
-0.7871
1.2268
2.1424
1.1760
1.8976
2.1168
-0.3646
-0.5280
1.3791
-2.2130
1.2509
-0.0071
-1.7240
2.1464
2.9920
1.5548
0.3909
-2.2838
-1.0343
-0.9755
2.0637
1.5963
1.4346
-0.2400
-0.4791
-0.0283
1.4603
2.0793
2.0829
1.9135
3.3077
0.6487
1.6435
1.4759
-1.1227
0.2060
-1.2054
1.8623
-1.6587
1.7072
-1.1290
-0.2304
-0.4913
2.3120
-0.1069
-0.0039
0.2241
-2.8924
-0.7852
2.4790
1.0699
0.5867
0.8436
1.5196
0.6382
-0.1325
0.5270
1.8850
2.5053
-0.1462
-0.5536
-1.0403
1.3571
0.4260
2.5825
0.6249
1.2452
-0.5365
-1.5144
1.0005
2.1257
-0.7506
-0.1470
-1.5697
-0.2711
-0.0939
1.4870
1.7990
-0.8453
-0.0225
1.8884
0.6701
-0.7364
1.5247
-0.6278
0.8700
0.2140
0.1869
-1.5401
2.6731
-0.5629
-2.8013
-0.5245
-0.2105
0.3528
-0.5632
1.9352
3.3409
-0.3585
0.3180
0.5767
-1.8055
0.2792
0.4039
0.5648
-0.5334
0.3006
-0.3206
1.1443
-1.8520
0.7184
0.1911
2.0700
0.6412
0.0505
-1.3689
2.0119
1.8121
0.0164
0.9785
0.2712
2.3853
0.7198
0.7072
0.2517
0.4047
-0.1852
3.0194
0.4083
1.4295
1.8854
-0.1095
1.2710
-2.4434
0.0667
0.3751
1.4057
1.7525
-0.2612
1.4972
1.5938
0.4080
0.0421
1.4198
-1.4105
1.1846
0.1888
-0.4555
1.6785
2.3804
0.4442
-2.5926
-0.2067
-0.3414
0.6344
0.0546
2.1027
2.8314
0.2274
-1.2011
-1.3183
0.5802
-0.0035
2.6747
0.8955
0.5029
0.6569
-1.7573
2.4353
0.2569
0.9010
0.7267
1.1986
0.7729
1.1671
-1.2817
0.3426
1.3048
1.6547
-0.7992
1.4055
-1.3107
0.1035
0.8104
1.2674
0.6821
0.4281
0.3871
-1.2198
0.1422
-0.9164
0.1329
-0.3210
2.1096
0.0658
0.3634
0.3321
-0.9856
1.0245
-1.1228
1.0673
0.5067
1.3980
-0.2532
0.6917
-0.4269
1.4064
1.2190
0.4352
-0.5498
-0.0497
0.1543
0.2457
-0.1349
0.2275
-0.1180
1.3818
1.2378
-1.0148
0.6243
0.0967
-0.2521
0.4533
1.8097
0.8949
0.2977
0.4130
-0.4146
0.8158
-0.0150
-0.1573
0.9455
0.7906
0.9312
0.3705
-0.7131
1.1696
0.6535
0.3190
-0.6490
1.3886
0.8103
0.4113
0.7532
0.0968
1.2665
-1.7992
0.9178
-0.7231
-0.7991
-0.9047
1.0225
2.3564
2.4839
-1.1780
-0.3448
0.1021
-2.0939
0.0419
-1.0267
-0.6393
0.0576
-0.6101
1.7913
-0.0632
-0.2666
0.9252
2.5434
0.6819
-1.5118
1.2685
-3.1207
-1.8208
1.4088
-1.5517
-0.2181
1.6149
-0.1486
0.7384
0.3974
0.1825
0.3133
0.6147
1.6955
-0.0188
0.0966
0.4683
1.8696
0.6507
-0.9343
-1.0270
0.1579
0.6367
-0.8269
0.0028
0.6390
-0.3942
2.2283
1.4360
-1.1441
-1.1251
0.5723
-0.0448
0.0916
0.0485
0.7050
-1.0917
-0.3720
2.1112
-0.5817
-0.6170
-0.4129
-0.2783
-1.4889
1.0217
-0.1703
-0.4360
-0.9335
-0.1231
-0.4364
-1.2875
-0.2632
-0.1288
-0.7538
0.1564
-0.4692
-0.0639
-0.1970
-0.4102
-0.7116
-0.4648
2.4699
-0.2266
-0.4428
-0.5678
-0.0893
-0.5221
-1.2287
-0.3383
0.9669
1.3220
-0.8149
-0.4494
-2.6340
-0.6059
0.0114
1.0573
1.0713
-0.8309
-0.3343
0.6343
0.5623
-0.4187
1.0630
-0.0788
-0.0137
-0.0839
-0.2247
-0.7855
2.2139
-0.4541
-2.3523
-1.0209
-0.3944
1.2870
-0.4855
1.9542
2.8559
0.0904
-0.3798
-0.7568
-0.3867
-0.3863
-1.4003
-0.3523
-0.4998
-0.4031
-0.5811
-0.3960
-0.2792
-1.2236
-0.6366
-0.1006
-0.5663
-0.1626
-0.6980
-0.0664
-0.7603
-0.3214
-0.7924
-0.4865
2.3363
-0.3008
-0.4535
-0.5699
-0.0905
-0.5384
-0.8012
-0.4339
0.3111
1.2779
-0.6952
0.1468
-2.8276
-0.6715
0.2026
1.2753
0.7140
-0.1758
-0.4703
0.6869
0.4546
-0.4806
0.7975
-0.4524
0.4912
-0.1533
-0.7511
-0.7721
2.0492
-0.3380
-2.2124
-0.7648
-0.1465
1.0425
-0.1679
1.2987
3.6506
0.2459
-0.1830
-0.4108
0.1511
0.3238
-0.8269
0.1700
0.0775
0.0036
-0.0210
-0.0011
0.4542
-1.1680
0.3586
0.1348
-0.3759
-0.0314
-0.0131
-0.0490
-0.1388
0.1414
-0.3858
0.0352
1.4345
0.1457
0.2440
-0.2698
0.2401
-0.3960
0.0896
0.0681
-0.5151
-0.5729
-0.3500
-0.4174
-0.9144
-0.0260
-0.4828
-0.4316
-0.9169
-0.4952
-0.6519
-1.0309
-0.1659
-0.5367
-0.6907
-0.3854
-0.5843
-0.2700
-0.7265
-0.6118
-0.7841
-0.3999
2.0056
-0.2423
-0.5464
-0.6084
0.0086
-0.5973
-0.6098
-0.2437
-0.4791
-0.5996
-0.3231
-0.3652
-0.9840
-0.0063
-0.0622
-0.2368
-0.6991
-0.2032
-0.2097
-1.2643
-0.4044
-0.2170
-0.5376
-0.1125
-0.3543
-0.2047
-0.5637
-0.4550
-0.6899
-0.3297
1.8196
-0.1744
-0.4370
-0.4600
-0.0705
-0.2767
-0.6950
-0.3629
-0.5497
-0.4277
-0.4065
-0.4243
-2.4124
-0.3733
-0.0780
-0.3900
-0.6662
-0.6205
-0.6028
-1.1674
-0.5886
-0.4969
-0.5551
-0.5073
-0.2658
-0.0914
-0.6095
-0.3489
-0.7743
-0.3298
1.9978
-0.6300
-0.4959
-0.5778
-0.2123
-0.4791
-0.8264
-0.5510
-0.7707
-0.7229
-0.6036
-0.3273
-1.0753
-0.1282
-0.4183
-0.6091
-0.6868
-0.2878
-0.5048
-1.1602
-0.4417
-0.4102
-0.4640
-0.4057
-0.4851
-0.3748
-0.7272
-0.4927
-0.5827
-0.3486
1.5462
-0.3053
-0.5186
-0.6285
0.0147
-0.4853
-0.6226
-0.3838
-0.6633
-0.4646
-0.5061
-0.2359
-1.7031
0.0696
-0.1677
-0.2272
-0.7306
-0.5365
-0.2030
-1.0139
-0.3329
-0.5101
-0.6121
-0.4676
-0.4793
-0.1230
-0.4640
-0.4951
-0.6584
-0.5137
1.4919
-0.6394
-0.4499
-0.6429
-0.2742
-0.4738
-0.6911
-0.1821
-0.6164
-0.5848
-0.4846
-0.3529
-0.8179
0.3135
-0.1575
-0.4719
-0.7681
-0.5731
-0.5552
-1.1353
-0.4293
-0.2638
-0.4259
-0.2683
-0.3488
-0.3490
-0.8997
-0.3156
-0.7719
-0.4450
1.3428
-0.3776
-0.4784
-0.6662
0.0276
-0.6683
-0.8006
-0.3739
-0.4331
-0.7589
-0.5671
-0.4902
-0.7994
-0.1836
-0.1623
-0.6176
-0.6567
-0.5680
-0.4922
-1.1048
-0.2424
-0.5171
-0.5728
-0.4858
-0.6699
-0.3585
-0.8971
-0.5232
-0.8985
-0.3515
1.2000
-0.4658
-0.4933
-0.6062
-0.0281
-0.6139
-0.4355
-0.3757
-0.7422
-0.6446
-0.4714
-0.3001
-1.5671
0.0281
-0.0933
-0.3159
-0.5318
-0.3891
-0.3216
-1.1691
-0.4021
-0.5353
-0.5485
-0.2808
-0.3362
-0.2940
-0.6456
-0.4930
-0.8343
-0.4640
1.3835
-0.3597
-0.4643
-0.6268
-0.1950
-0.4704
-0.6894
-0.3389
-0.4076
-0.6587
-0.7352
-0.3956
-0.7018
0.2182
-0.5089
-0.2512
-0.8029
-0.3662
-0.2742
-1.3153
-0.3313
-0.2238
-0.4643
-0.2142
-0.3382
-0.2509
-0.8664
-0.3557
-0.6887
-0.2584
1.1169
-0.5107
-0.3520
-0.7410
-0.2844
-0.5780
-0.7594
-0.3798
-0.4162
-0.5534
-0.3811
-0.1180
-0.7935
0.0067
-0.1020
-0.0913
-0.4735
-0.1267
-0.1335
-1.4495
-0.1941
-0.3755
-0.3581
-0.4928
-0.2732
-0.2281
-0.5325
-0.0768
-0.8508
-0.2181
1.0631
-0.3471
-0.2282
-0.3209
0.0571
-0.5033
-0.3059
-0.0704
-0.6628
-0.5950
-0.1267
-0.4822
-0.4973
-0.3331
-0.4378
-0.4571
-0.7987
-0.2996
-0.3717
-1.0872
-0.2232
-0.5255
-0.5763
-0.3326
-0.3911
-0.4235
-0.9554
-0.3620
-0.7625
-0.4872
0.7671
-0.4600
-0.5188
-0.5560
-0.1444
-0.7399
-0.6781
-0.3335
-0.5016
-0.5006
-0.5202
-0.3124
-0.6365
-0.2844
-0.3602
-0.4015
-0.7872
-0.4026
-0.2173
-1.1970
-0.5285
-0.4056
-0.6451
-0.2723
-0.3544
-0.2121
-0.5790
-0.4426
-0.8183
-0.3640
0.8501
-0.3749
-0.4912
-0.6364
-0.3281
-0.6669
-0.8832
-0.5147
-0.7089
-0.6657
-0.2046
-0.3362
-0.5185
-0.1816
-0.1371
-0.3236
-0.7970
-0.3887
-0.2366
-1.3314
-0.2430
-0.4085
-0.3672
-0.1394
-0.4750
-0.3041
-0.8215
-0.3304
-0.6821
-0.4917
0.6353
-0.3452
-0.4028
-0.5509
-0.2600
-0.6167
-0.7659
-0.5543
-0.4682
-0.7463
-0.4750
-0.3484
-0.9212
-0.1206
-0.2716
-0.2432
-0.7432
-0.2553
-0.4494
-1.2357
-0.3741
-0.3798
-0.5871
-0.2405
-0.2291
-0.0982
-0.7149
-0.4471
-0.9098
-0.3416
0.7194
-0.3348
-0.2047
-0.5577
-0.1005
-0.6628
-0.6147
-0.5745
-0.5298
-0.5081
-0.4114
-0.3403
-0.2800
-0.1291
-0.1269
-0.3824
-0.5468
-0.4434
-0.2201
-1.2846
-0.3614
-0.2135
-0.4550
-0.4312
-0.4299
-0.3168
-0.7503
-0.4497
-0.8070
-0.3852
0.5842
-0.2874
-0.4624
-0.4879
-0.0761
-0.6122
-0.7271
-0.3349
-0.4093
-0.8049
-0.5469
-0.3756
-1.2972
-1.0406
-0.3647
-0.1720
-0.5443
-0.5573
-0.5529
-0.5163
-0.2072
-0.6180
-0.4732
-0.5508
-0.4848
-0.4382
-0.8762
-0.4025
-0.7769
-0.4757
1.0386
-0.5658
-0.5851
-0.5415
-0.3692
-0.5077
-0.5342
-0.4286
0.8355
1.7260
-0.1670
-0.4852
-2.3821
-0.4647
0.0927
-0.2068
0.0141
-0.3070
-0.2248
0.1450
-0.2304
-0.3881
0.0983
-0.1303
0.2046
-0.2976
-0.5779
-0.4375
0.4152
-0.2284
-1.7502
0.0394
-0.3327
1.0969
-0.4138
-0.1446
2.4127
-0.6447
-0.5982
-0.4199
-0.5693
-0.3366
-1.9307
-0.6093
-0.2698
-0.4611
-0.5438
-0.4601
-0.3750
-1.0808
-0.3934
-0.5587
-0.5412
-0.6200
-0.4734
-0.2364
-0.8321
-0.3825
-0.6117
-0.4137
0.6408
-0.5187
-0.3801
-0.6086
-0.2977
-0.4927
-0.7334
-0.6234
0.2184
0.0148
0.3915
0.2601
-1.0991
-0.4648
0.6265
-0.0075
1.1830
0.1272
0.9059
-1.2291
-0.0549
0.3875
0.0968
0.0850
-0.1085
0.1833
-0.8397
0.9127
-0.2390
0.3409
-1.9309
0.4820
0.3374
-0.1187
0.7934
-0.7893
-0.3368
0.5901
-0.5795
-0.3404
-0.4323
-0.5236
-0.8743
-0.5004
-0.4470
-0.5464
-0.6195
-0.5421
-0.4063
-1.0054
-0.4838
-0.5625
-0.6022
-0.7070
-0.4345
-0.3558
-0.9349
-0.3988
-0.7497
-0.3993
-0.5213
-0.3388
-0.5280
-0.5829
-0.3027
-0.6219
-0.6080
-0.3817
-0.5974
-0.6027
-0.4457
-0.3275
-0.9711
-0.2497
-0.1539
-0.5244
-0.3995
-0.3058
-0.1421
-1.1246
-0.5531
-0.5392
-0.5039
-0.4677
-0.3784
-0.1566
-0.6268
-0.0402
-0.7091
-0.4443
-0.9477
-0.3963
-0.3478
-0.5488
0.0706
-0.5871
-0.7207
-0.2422
-0.3054
0.5327
-0.2976
-0.3123
-1.1681
-0.6854
-0.2160
-0.1632
-0.4271
-0.4984
-0.4203
-0.9050
-0.3290
-0.4469
-0.0779
-0.0196
-0.2232
-0.1576
-0.5911
-0.4380
-0.1023
-0.4470
-1.9489
-0.4695
-0.5221
-0.3117
-0.3646
-0.0217
0.4295
-0.2715
-0.4930
-0.5253
-0.4201
-0.5370
-1.1567
-0.4764
-0.3315
-0.4641
-0.5190
-0.4905
-0.2632
-0.9288
-0.2691
-0.6337
-0.6857
-0.7389
-0.4812
-0.4158
-0.9937
-0.3483
-0.6617
-0.5176
-1.3595
-0.5156
-0.4159
-0.4821
-0.2841
-0.5812
-0.6937
-0.5935
-0.7812
-0.6645
-0.5244
-0.4437
-1.2458
-0.8014
-0.2927
-0.3084
-0.5354
-0.2939
-0.2620
-1.1210
-0.3975
-0.4066
-0.5187
-0.5891
-0.4907
-0.3694
-0.8819
-0.4590
-0.7653
-0.5989
-1.2846
-0.2833
-0.4937
-0.3766
-0.3516
-0.4752
-0.5496
-0.4701
-0.4101
-0.7622
-0.5105
-0.3633
-1.3446
-1.0135
-0.1863
-0.2657
-0.4819
-0.3576
-0.2755
-0.5325
-0.1720
-0.5982
-0.6832
-0.6871
-0.5102
-0.4368
-0.9932
-0.3011
-0.5481
-0.4065
-1.9362
-0.5194
-0.5601
-0.6174
-0.4006
-0.5951
-0.6504
-0.3215
-0.5224
-0.3891
-0.4328
-0.3895
-1.3315
-0.7932
-0.4605
-0.4434
-0.6266
-0.2769
-0.4689
-1.0363
-0.3725
-0.6782
-0.5312
-0.5285
-0.4724
-0.3994
-1.0444
-0.6505
-0.6617
-0.4734
-1.6756
-0.2775
-0.3946
-0.8513
-0.2230
-0.5438
-0.5742
-0.4920
-0.5149
-0.5673
-0.3748
-0.4389
-1.0576
-1.0126
-0.3978
-0.4240
-0.6843
-0.6382
-0.2707
-0.9732
-0.3624
-0.6633
-0.5356
-0.3968
-0.5916
-0.1478
-1.0344
-0.2682
-0.6453
-0.3905
-2.0888
-0.2979
-0.5865
-0.5719
-0.5099
-0.3628
-0.7012
-0.5292
-0.6451
-0.6594
-0.5857
-0.3477
-1.3561
-0.8660
-0.4321
-0.3512
-0.3579
-0.3898
-0.3954
-1.0912
-0.3323
-0.6771
-0.4640
-0.5236
-0.4507
-0.3780
-0.8771
-0.2963
-0.7830
-0.4828
-1.6602
-0.4723
-0.5830
-0.5322
-0.4134
-0.5893
-0.5732
-0.4672
0.1414
-0.0497
0.0046
-0.1135
-0.0531
-0.0354
-0.1055
-0.0672
-0.1673
0.1204
-0.0800
0.0535
-0.0520
-0.0177
-0.2404
0.0270
-0.1063
0.0564
0.0005
-0.0742
0.0390
0.1213
-0.1387
-0.0011
0.0239
0.1088
0.0144
-0.0384
0.0433
-0.0231

Direct connections:
