version: 10
file format: 0

training data file: /experimental/Erwan/tmp/tmp.train-lm-from-UD-corpus.sh.9kBdKfm66.train
validation data file: /experimental/Erwan/tmp/tmp.train-lm-from-UD-corpus.sh.9kBdKfm66.valid

last probability of validation data: -19525.257739
number of finished iterations: 13
current position in training data: 0
current probability of training data: -19499.888867
save after processing # words: 0
# of training words: 82557
input layer size: 136
hidden layer size: 30
compression layer size: 0
output layer size: 107
direct connections: 0
direct order: 3
bptt: 0
bptt block: 10
vocabulary size: 106
class size: 1
old classes: 0
independent sentences mode: 0
starting learning rate: 0.100000
current learning rate: 0.003125
learning rate decrease: 1


Vocabulary:
     0	         0	</s>	0
     1	     13334	32	0
     2	      9359	101	0
     3	      5104	115	0
     4	      5027	110	0
     5	      5010	97	0
     6	      4670	116	0
     7	      4601	105	0
     8	      4299	114	0
     9	      3643	117	0
    10	      3622	108	0
    11	      3438	111	0
    12	      2706	100	0
    13	      1956	99	0
    14	      1867	112	0
    15	      1828	233	0
    16	      1747	109	0
    17	       881	118	0
    18	       767	44	0
    19	       687	113	0
    20	       681	103	0
    21	       661	46	0
    22	       632	102	0
    23	       544	39	0
    24	       513	98	0
    25	       485	104	0
    26	       286	232	0
    27	       272	120	0
    28	       250	224	0
    29	       216	76	0
    30	       200	121	0
    31	       199	8217	0
    32	       192	67	0
    33	       179	106	0
    34	       140	48	0
    35	       139	65	0
    36	       135	45	0
    37	       126	49	0
    38	       112	83	0
    39	       108	77	0
    40	        91	73	0
    41	        90	68	0
    42	        90	69	0
    43	        86	80	0
    44	        84	234	0
    45	        71	84	0
    46	        68	66	0
    47	        66	122	0
    48	        65	78	0
    49	        62	187	0
    50	        62	171	0
    51	        61	107	0
    52	        58	50	0
    53	        48	74	0
    54	        47	244	0
    55	        47	71	0
    56	        47	57	0
    57	        45	72	0
    58	        45	82	0
    59	        40	75	0
    60	        40	53	0
    61	        37	51	0
    62	        36	79	0
    63	        36	54	0
    64	        36	85	0
    65	        34	40	0
    66	        34	41	0
    67	        32	231	0
    68	        28	70	0
    69	        27	119	0
    70	        27	56	0
    71	        24	55	0
    72	        23	52	0
    73	        23	249	0
    74	        21	87	0
    75	        20	59	0
    76	        19	37	0
    77	        17	226	0
    78	        16	239	0
    79	        16	238	0
    80	        14	81	0
    81	        13	58	0
    82	        10	163	0
    83	        10	201	0
    84	         9	89	0
    85	         9	86	0
    86	         9	63	0
    87	         8	251	0
    88	         7	339	0
    89	         6	90	0
    90	         4	33	0
    91	         4	225	0
    92	         3	192	0
    93	         2	176	0
    94	         2	237	0
    95	         2	88	0
    96	         1	8216	0
    97	         1	8230	0
    98	         1	206	0
    99	         1	47	0
   100	         1	228	0
   101	         1	243	0
   102	         1	539	0
   103	         1	235	0
   104	         1	199	0
   105	         1	333	0

Hidden layer activation:
0.0007
0.0028
0.1169
0.0113
0.0606
0.0001
0.8942
0.0000
0.0191
0.0000
0.0108
0.0102
0.0037
0.0006
0.0001
0.0001
0.0208
0.0002
0.0320
0.0000
0.9988
0.9762
0.0024
0.0004
0.0001
0.0062
0.0000
0.0096
0.0001
0.0029

Weights 0->1:
-0.3759
-4.7996
-0.8287
-3.0453
-2.4941
7.9739
-3.2796
1.8273
-0.3874
3.9962
-1.8881
5.7330
-1.9625
-2.5591
-3.1525
2.0328
-4.0154
-2.9903
-0.1944
-2.0433
0.3525
-0.3435
-1.5253
-2.4760
-0.0348
-0.3018
2.8999
1.1974
0.7266
-2.0900
-3.6118
-1.9114
-1.0777
-3.4341
-1.7409
-1.6971
-0.7516
-1.6529
0.1431
-1.8815
-0.0868
-1.2025
0.1050
-0.7435
-1.2883
-0.4705
-0.8349
-1.7080
-1.7740
-1.4352
1.1167
0.5144
-1.2580
-1.9455
2.2992
-0.9078
-1.5847
-0.6359
-1.3520
0.5791
-2.1646
-1.4961
0.4448
-1.3899
0.4018
-1.5244
-0.9654
-2.4818
-0.4134
-0.7035
-1.1704
-1.3009
-1.3145
0.5444
0.2277
1.0522
0.0837
1.1423
0.1124
1.4470
0.4215
0.8100
-1.4266
0.8134
-1.1469
-0.9281
0.8396
1.1478
-0.1947
-0.3063
0.4743
0.4365
0.5172
-0.2990
0.5732
-0.1511
0.2131
0.1302
0.5292
-0.0217
0.4271
0.3633
0.0145
0.1815
-0.3647
0.0098
-0.3379
-1.1491
1.8260
-1.1847
0.1362
-0.0065
0.7337
-0.7391
-0.8361
1.0796
-1.2104
-0.1822
0.5318
-0.0107
-0.4587
-1.3299
-1.1462
2.1935
-0.0020
-2.4142
-1.0384
1.3520
-1.4426
0.1587
-0.5648
-3.5053
-1.2789
-1.8722
-0.7984
2.9887
-0.2343
-4.3005
0.1704
-1.6481
-2.5032
-2.7961
1.6366
-2.4785
2.3156
-0.4174
-0.8363
-0.6202
1.2636
-3.1933
-1.8373
-0.2609
-0.8684
1.7276
-0.8687
-0.2025
0.6334
1.2209
-1.9835
-1.9155
-0.3049
-0.5615
0.3162
-0.0016
1.7068
0.0736
-0.9782
-1.5273
0.5120
-0.6097
0.2535
-0.7023
-2.5628
-0.3931
0.2093
0.5306
0.5158
0.3237
0.0999
0.1504
-1.9910
0.1908
0.6859
-1.2682
-0.3480
1.9419
0.6105
0.1171
0.7296
-0.2735
-2.1629
0.2253
-0.9493
-0.3587
0.0532
-0.0889
0.4268
0.3518
0.2107
0.2262
0.7182
-0.4576
1.4705
0.7075
0.4437
0.1458
0.6249
0.3882
-0.0233
0.1130
0.6763
0.3815
1.0756
-0.3187
-0.0167
-0.3245
0.2236
0.5839
-0.3285
-0.4646
0.0033
-0.3762
0.4379
0.0908
-0.3525
-0.0392
0.0168
-0.2439
0.1500
0.0914
0.4344
-0.2462
0.1078
0.3068
0.0311
-0.4028
-0.1892
-0.1010
0.1477
0.0889
-0.0003
0.1300
-3.5827
-1.2160
0.8810
1.7779
0.2380
2.5664
-0.6932
-0.3571
-0.0111
-4.0461
0.3608
0.9432
-2.0626
-0.2226
-1.8533
-1.9894
-0.6410
-1.1486
0.6452
0.2150
-2.2603
-0.2732
-0.7802
-0.8295
1.2875
-2.3211
-0.3018
0.9308
-1.0580
1.3983
-0.1160
-2.5638
-0.5458
-2.1328
-5.7140
-3.7326
0.4410
-3.9351
-0.3664
2.0307
-1.5328
-1.6548
0.9387
0.9775
0.5103
-1.2126
6.6637
5.8108
0.0344
-1.0956
-0.3044
0.3830
-1.1901
-1.7734
-3.5265
-2.4090
0.4536
2.2246
0.4827
1.7593
-0.1205
-1.0664
-0.6524
0.5101
-1.8571
0.2445
1.2107
-0.8938
-0.3146
1.4311
-0.6507
1.2970
-0.8420
0.1062
-0.4597
-0.2798
-0.4334
1.3143
-0.3158
-0.0136
0.4021
-0.9156
-0.7464
1.3228
-0.4659
-0.3793
-1.0724
-0.0867
-0.3901
-0.2765
-0.5176
-0.7180
-0.2265
-0.8782
-0.9424
-0.5198
-0.4266
-0.8208
-0.1538
-0.4350
-0.4232
-0.5135
-0.4683
0.6889
0.0489
0.1125
-0.1569
-0.5718
-0.8730
-1.4816
-0.2178
0.0468
-0.1723
-0.2415
-0.0975
-0.0589
0.1487
-0.6180
-0.2912
0.2738
-0.0708
-0.4858
0.1271
-0.4344
0.1408
-0.0066
0.0012
-0.0926
-0.1175
-0.0646
-0.5692
0.0431
0.0761
-0.0044
-0.1391
0.0425
0.7474
0.8603
-1.8217
-1.7261
-0.8562
0.5666
-1.8433
0.1561
1.6953
-1.4581
-0.1339
1.8381
-0.0791
0.7341
1.1280
-0.3898
-1.2228
-3.0824
-3.7335
1.6832
-2.3697
0.9898
-0.9338
3.1292
-1.7316
0.5484
0.1059
-2.0698
-0.8950
-1.1412
-0.0169
-3.7912
-1.3216
-1.9636
2.4061
-2.4250
2.4951
-1.5306
2.3506
-2.3558
-2.7899
-2.9845
-0.5604
0.6184
-2.1055
-1.7345
-3.5355
-2.1567
-0.5764
-0.8188
-0.8793
0.1742
-0.8725
-1.7613
-0.7727
2.4778
0.2654
-1.9594
-0.1724
-0.2960
-1.6007
-0.9341
-0.0121
-0.9712
-0.3478
-1.0584
0.1064
-0.2793
-0.3840
1.6512
-1.0795
0.1976
-0.3644
-0.3542
1.5505
0.2446
-0.0765
0.4634
0.2800
-0.0642
-0.1115
0.1847
-0.2083
-0.2618
0.9884
-0.3331
-0.4294
-0.1448
0.1285
0.8703
0.1899
-0.3426
0.0896
0.1748
0.3602
-0.3563
-0.0177
-0.4964
0.1751
0.3067
-0.1365
0.1094
0.2079
0.2931
0.6310
-0.1366
0.4984
0.6704
-1.2354
0.7653
-0.3530
0.0351
0.0612
0.2570
-0.0236
-0.0805
0.0492
0.8870
0.0951
0.0948
0.1506
-0.2845
0.1950
0.1924
0.0054
0.1242
0.0532
0.0335
0.0701
-0.1244
0.2103
0.0048
0.0072
0.1176
0.1884
0.0141
-2.0788
1.7466
-3.9851
-2.8192
-2.3971
1.6615
-0.5424
1.1470
2.8744
-2.2297
-1.7062
0.9229
1.0079
-0.6851
1.5962
1.8217
-3.0800
-2.0064
-1.4352
1.2990
-2.4570
0.6546
1.1902
-0.3586
-3.2281
1.3269
-2.2070
-3.8493
-0.2831
0.4408
0.2665
2.6522
1.4238
-0.9194
3.1318
-4.1372
-2.5065
-1.2372
2.2048
2.7281
1.8399
-2.1042
2.0472
-0.8103
-2.8767
-1.3639
-3.3748
-2.9845
-0.0508
0.8613
-2.0468
-0.4316
-3.0846
-0.2836
-1.2300
-1.7198
1.0228
-0.0853
-1.3652
0.9486
-2.8213
0.2093
-0.0681
1.7311
-2.2702
-2.0697
-1.7983
-0.1589
0.6997
-0.4384
-2.7276
0.8842
-0.2730
-1.2390
5.3376
-1.1932
-1.4956
-1.0258
-0.2060
-1.3410
-1.2634
-0.5107
-0.7475
0.3979
0.8154
-1.2003
-0.5794
-0.6317
0.1480
0.5225
-0.4109
-0.9938
-0.6027
-0.1038
1.6435
-0.5361
-0.4752
0.0169
-1.5677
0.2345
-0.3375
0.1298
0.1856
-0.1459
0.0746
-1.1591
-0.8284
0.8506
-0.2167
-1.3271
0.0380
-1.0982
-0.3148
0.7002
0.2418
-0.0399
-0.9463
0.3344
0.2749
0.2108
-0.9862
-0.0090
-1.1171
-0.3973
-0.2117
-0.2686
0.1923
0.0424
-0.5094
0.0254
-0.0835
-0.2005
0.0877
-0.1209
0.0080
-0.1076
-5.8542
-0.7916
-1.4476
0.3938
-2.8118
-1.6759
-0.2745
2.8139
0.4210
1.1042
-3.1273
1.7910
-1.0765
-0.9269
0.5944
1.0994
-2.9246
-2.5707
-0.2466
-0.6857
0.6561
0.6768
0.2434
0.0796
0.1394
-2.7703
-3.0847
-3.0185
2.3235
1.5471
0.1116
-2.7619
-2.5033
-3.3713
0.3845
-4.2768
-0.0979
-0.9452
0.7287
0.7185
-2.1140
-2.0588
-0.1215
-2.4326
-2.2754
-3.0461
-3.2136
-0.9273
6.9307
-1.2034
-1.2949
2.5075
-1.9071
-3.1068
-2.4186
-1.9039
0.2938
2.5597
2.2962
-0.7812
1.6567
-1.5640
0.3528
-1.7310
3.5318
-1.0054
1.9753
4.2761
0.0835
0.4338
-1.5530
-0.4320
-1.4066
-0.4299
-0.3501
0.4594
-1.0235
0.3675
0.8275
0.9337
1.9957
0.1733
3.3804
0.1060
-0.7049
-0.4414
2.6219
-0.3491
-0.2622
-0.3013
3.1569
3.0410
-0.4817
2.2073
-0.2475
-0.5714
1.4366
-0.5965
-0.0795
-0.1168
2.1261
2.4667
2.6107
0.4512
-0.1550
2.1470
1.4809
0.3310
-0.0390
-0.3552
-0.5371
2.1331
1.8236
-0.2236
-0.6961
0.0149
1.8480
0.4366
-0.6388
0.0016
1.6081
-0.2231
1.3239
1.3074
-0.6522
0.1493
-0.0173
0.1665
0.0348
-0.0380
0.0081
-0.1485
-0.1296
0.0525
-0.0522
0.3210
-2.1686
-0.7130
3.0665
-1.5057
-0.1084
1.2464
-0.2579
0.0618
1.8225
1.4134
-1.6049
-0.6492
0.6480
0.1920
-1.6113
-0.0806
0.8998
1.2099
-2.4729
-3.0487
-1.1326
-0.7938
-4.9764
-0.5991
-0.6350
-3.4429
-1.0087
-3.0964
-0.0951
2.1363
0.0304
3.3916
-5.9624
-3.8253
-2.9475
-4.8775
1.2928
-1.0477
0.6941
1.8826
1.5912
3.1123
-2.1748
-0.2650
-4.1149
-1.0805
3.2242
-0.1688
-2.0414
1.3487
0.4447
-1.9709
-0.6860
2.4533
2.1740
-0.8817
0.6710
3.8443
-1.3463
0.0248
0.5460
2.3765
-2.1530
0.9340
-3.0659
-0.7107
-1.1560
-2.8676
-1.2610
1.7630
0.3919
-0.2457
0.4625
-0.0467
0.3684
-0.9013
-0.6006
-0.8782
-1.1955
-1.6462
-1.1534
-0.2935
-1.7273
-0.7743
-1.3399
0.8703
-2.7349
-0.3593
-0.1604
-0.5427
-1.7522
-1.5110
-0.0757
-2.0544
-0.7158
0.3915
-1.2342
0.9421
-0.2269
-0.0303
-2.1410
-1.4318
-1.8187
-1.6297
-0.8611
-1.0121
-1.8154
-0.6372
0.5018
0.2845
-0.1107
-0.8658
-0.8002
-0.4987
0.2336
-0.0399
-0.8188
-0.9246
0.7740
-0.0969
-0.5742
-0.2353
-0.8147
-1.1203
0.7897
-0.1351
-0.1491
-0.3654
0.0515
0.0380
0.0258
0.1236
-0.0744
-0.3795
-0.0200
-0.1167
-2.7334
1.5497
1.9229
0.0812
0.7729
1.0025
1.8985
0.7024
-1.1120
0.3421
0.0478
-0.4852
0.0005
-1.4344
0.4801
1.9808
-1.8733
-0.9486
-0.7863
-0.6456
-3.5597
0.4582
0.3779
3.3803
-1.8001
-2.2869
-2.5870
-0.2706
0.2276
0.0846
0.0289
-3.4791
-0.0350
-0.9113
0.3940
-1.8340
-3.1459
-0.1860
-2.7665
-0.5194
1.0201
-2.3522
0.6298
-1.6953
-2.4475
-1.4592
2.2165
-1.4312
0.2443
0.4720
0.6017
-0.5009
-1.4014
-0.2316
1.5647
0.9299
1.7880
0.0707
0.4970
0.1150
0.0284
0.2776
0.6039
-0.1215
0.0125
-1.3092
0.1358
-0.0596
-0.1691
1.6758
-0.3597
-0.2009
0.4121
0.9244
-1.1127
-0.3431
0.0002
0.1500
-0.0523
0.6063
0.3822
1.3001
0.2983
0.0839
-0.4985
-1.1656
0.3270
0.6647
0.3604
0.8786
0.3856
0.5904
-0.2906
0.4998
0.3265
-0.3496
0.5546
1.6087
-0.7198
0.1600
0.2992
0.4599
0.4885
0.0190
0.8049
0.2653
0.3419
0.2041
-0.0041
-0.7440
0.2597
0.0136
0.1690
0.0020
0.3015
-0.6507
0.2187
-0.1998
-0.0686
0.0169
0.3202
-0.4597
0.3301
0.0199
0.0500
0.0040
0.0163
-0.2105
-0.0541
0.1017
0.0505
-0.1550
0.2425
0.1957
-0.0027
0.0589
-2.9536
-3.9904
-0.8673
1.3774
-0.8295
1.8400
0.4999
-2.0499
-1.9817
2.0011
-1.8596
0.0961
3.9539
-2.9870
0.7295
-2.0693
-3.2298
2.4021
-1.5590
-1.1864
-3.2223
-1.4791
0.9866
-0.2519
-1.1329
-1.9348
-1.3645
-1.0107
0.1651
0.0873
-0.1753
-5.0616
-0.8415
2.4076
-0.9778
0.5167
2.8853
-4.8649
-3.9573
-2.2904
-2.9145
1.1742
4.2150
-0.5774
0.3520
-2.1164
-2.0715
-0.5407
-0.1095
7.9223
0.1193
0.3914
1.8244
0.2102
-0.6807
-0.7286
-1.4935
0.1194
0.1440
-1.4317
-1.0635
0.9820
-0.0909
2.6457
-0.7771
-0.1302
-2.4636
-0.8779
-0.4973
-1.9226
-2.0234
-0.6852
-1.5791
-1.6656
0.4716
0.1470
0.0068
-0.6055
0.1584
-0.4301
0.0461
-0.0808
-0.7382
0.9194
0.4100
1.1379
-0.3365
0.3014
-0.5539
-0.9297
-0.2268
-0.7047
-0.8052
-0.5040
-0.9655
-1.0070
-0.3417
-0.0041
-0.4138
-0.7782
-0.5135
-0.0536
-0.0339
-0.1413
-0.5735
-0.0052
0.1195
-0.8044
-0.6052
-0.4152
1.0636
0.0457
-0.4166
0.4052
0.9742
-0.3213
-0.1086
0.6047
1.4709
-0.1253
0.0155
-0.0692
-0.1290
-0.2463
-0.0309
-0.3516
-0.0307
-0.1313
-0.3375
-0.0596
-0.4096
0.0875
-0.1436
0.1087
-0.0193
-0.0435
-2.5457
0.9863
0.1939
-1.5426
-2.2842
0.8712
0.0132
-0.2236
3.0959
0.1391
-0.6147
1.8256
-0.4518
0.5294
0.9066
0.6466
-2.3054
-1.7455
-1.7062
-0.4761
-1.1899
1.3637
0.3591
-0.4885
-2.7006
3.3754
-0.8309
-5.2385
1.1540
-2.1507
-0.1406
-2.5291
-2.7853
-2.6927
-1.0933
-5.8439
1.4554
-5.6648
0.9621
-3.8403
-1.9782
-4.4037
-0.9977
0.7968
8.2173
-4.4853
1.1611
3.6680
-0.0278
2.6178
-0.7932
0.1645
1.7208
2.2969
3.0668
1.3556
-1.1770
2.5284
-1.4281
-0.4475
-3.7533
2.0270
0.2797
-0.6228
-0.8002
-2.6405
-1.2473
-2.2953
0.0029
0.0072
-0.9825
-0.2504
-0.9664
1.5453
-3.2809
2.6372
0.9641
1.0202
0.1080
-1.9885
-1.5310
1.2793
-0.9908
-2.0047
-1.1606
1.3189
-1.5493
0.4975
1.2989
1.1698
-1.5569
-1.6714
-1.3315
-0.9184
-1.7220
-1.4300
-1.2688
4.1326
1.9484
0.3086
-0.9882
-1.3238
-1.4746
-0.7204
0.8199
-1.4982
-1.3482
-1.9156
-0.8116
0.0930
0.3073
-1.3567
-0.1636
-0.9262
0.9557
-0.2992
-1.0847
-0.4128
0.0504
-0.0772
-1.1484
0.2599
-0.9824
-0.6964
0.6742
-0.5600
0.2880
-0.0531
-0.0034
-0.0709
-0.1079
0.1728
-0.1690
0.0371
0.2273
-0.1756
-2.6371
-3.0307
-2.9681
-0.6292
0.1022
-1.1770
-0.2595
0.8258
-1.9740
1.0141
-0.9698
-0.2247
0.8626
-3.1297
0.4245
2.2135
0.7068
2.7278
0.6849
-1.3848
0.6084
-0.5113
-1.5494
-1.2834
0.4811
-4.4664
-2.4916
0.9236
0.1652
2.1394
-0.2457
-4.5860
0.1355
-4.3976
-0.9989
-5.1683
1.0187
1.1060
-2.9867
1.3188
-2.1713
-3.5283
-3.0279
7.1135
0.4124
-0.0451
-0.7903
4.3483
-0.2714
-1.0949
1.5467
-0.7114
-2.8130
-1.5222
-0.3741
-1.6654
0.9278
-1.1746
-0.2870
-0.9579
-2.7254
-1.1297
0.3218
0.9127
-1.0791
-1.9667
-2.1937
-1.3021
-0.3546
-0.9556
-1.4617
-0.6907
-0.2428
-0.8689
1.0461
2.1963
-1.4834
0.8378
-0.0251
-1.2781
-0.3001
-0.6901
-1.1436
-0.7742
2.8174
-0.8926
-1.1798
-0.5489
-1.2682
1.8320
-0.8475
-1.0002
0.4545
-0.3911
-0.3084
-0.4076
-1.2585
-0.7498
0.1231
0.1166
-0.9906
-0.9586
-0.4299
-0.2697
-0.7397
-0.2692
-0.5115
0.7970
0.1645
1.8993
-0.7330
-0.0376
-1.0964
0.8600
-0.5395
0.0504
-0.1862
0.7119
-0.0971
-0.4024
-0.3352
0.9428
-0.2415
-0.4553
0.1778
-0.2821
-0.0440
-0.0791
0.1380
-0.1587
0.2483
0.1467
-0.1235
0.0352
-0.1146
-0.2484
-0.2584
0.2003
1.5470
-1.0924
-5.8932
0.1295
-1.6062
-1.5591
0.6428
1.6151
-1.5437
1.3570
0.6563
0.9737
-1.4100
1.9128
-2.1398
-0.5016
-0.9406
-0.0631
-0.0164
-0.5455
1.0510
-0.5511
-0.2905
1.5541
-0.6670
-0.7913
0.2450
-2.1964
0.0409
-2.3977
2.5357
-4.1214
-0.0808
-4.2025
-0.1156
-0.7027
0.1191
5.0172
-3.7189
0.5579
-3.0655
-3.1367
0.7593
-0.4305
-1.3792
-1.7697
-0.2077
-0.3748
-0.4620
-0.6731
-1.9245
-0.1386
0.8407
1.7110
-1.3023
-0.4980
-0.8381
-2.0729
-1.7358
-0.2261
-1.6834
-1.4413
0.9186
-2.6084
-0.7322
-0.0172
-2.0674
-1.2469
1.9074
-1.2017
0.7617
0.6626
0.3056
-1.1288
-0.6738
-1.2270
-1.7532
1.1464
-0.7940
0.2105
2.0678
-0.0455
-0.2393
0.1035
1.2720
-1.2489
-0.7570
0.2197
1.4634
0.6997
1.0812
0.6952
2.3910
-0.0920
0.7901
-0.3017
0.5368
0.3391
1.0850
0.9975
0.4815
-0.2363
-1.3003
-0.5400
0.1240
-0.3624
2.1790
1.4654
-0.6256
-0.4316
1.0812
0.8669
-0.5563
0.2004
-0.4550
0.3652
0.1081
-0.2155
-0.2805
0.2087
-0.6485
-0.1423
0.1667
-0.1385
-0.0031
0.0239
0.3860
-0.0089
0.3611
-0.0325
-0.2520
-0.1484
-0.1726
-0.1429
-2.1480
1.5681
0.3431
-0.1916
-2.8678
2.0540
0.1368
1.0613
-1.4812
-2.0820
0.3325
0.2756
0.7292
0.1042
-1.3601
2.2616
-0.3196
0.7670
-1.1374
2.7662
-0.0277
1.2568
-2.9305
2.2583
-0.7836
-0.1249
-2.3480
-5.4941
-2.8203
0.8633
0.0636
0.0531
-2.9983
1.1509
-2.8393
1.8537
0.1076
-4.3769
1.3681
-4.0143
1.0223
2.6764
-0.2464
-1.5087
1.1144
0.2735
1.3194
-0.5604
0.9242
0.5365
-0.7877
-0.0684
-0.1667
-2.0008
-0.8460
-1.8293
5.7604
-0.6104
-0.4755
-0.4017
-1.4994
-1.0920
-0.8692
0.0617
-0.4436
-0.0957
1.8809
-0.5674
0.1786
-0.2341
-1.2149
0.0912
0.3437
-0.1062
0.9197
-0.0707
1.3118
-0.9813
-0.4335
-0.4377
-0.4283
-0.0151
-1.1336
-0.4743
-0.7735
0.3070
0.2267
-0.1706
0.0897
0.0482
-0.0927
-1.2111
0.2707
-0.6531
0.1367
-0.0435
-0.8883
0.7359
0.4427
-0.7272
-0.1399
-0.1844
-0.3177
-1.4548
-0.1551
-0.1222
-1.1558
0.5965
1.5894
0.5410
-0.0321
-0.1092
0.1039
0.2207
0.0182
0.0257
-0.0969
0.0410
0.1256
0.0407
0.0915
0.1275
0.0078
-0.0248
0.1114
0.0707
0.0410
-0.0194
0.1622
-0.0041
-0.0432
-0.0505
-0.1321
0.0963
-0.1880
0.2501
-0.7490
-2.1406
-1.6020
1.9114
-0.8261
0.3649
-0.2792
0.2192
-0.5229
-0.4180
1.2362
1.4416
0.0705
-2.3722
2.2985
1.6519
-0.6030
0.6661
-4.8694
3.7880
-5.4338
2.2471
-2.3637
1.9418
1.1966
-0.3863
-0.8977
-4.7585
2.8564
-2.9234
0.0539
-4.9419
-2.5236
-2.1125
-3.7150
-3.0372
0.0350
4.2142
-0.7036
2.8649
3.0889
-2.9887
-1.7021
-1.0385
-0.2869
-1.6619
-3.1789
-0.6731
0.5817
-1.6668
-0.9696
1.7776
2.5422
-3.0930
1.3283
-0.3931
-0.9903
-1.8714
1.1338
-0.6843
-0.2126
-2.6122
-0.5905
1.4985
-1.0482
-0.4498
-2.7289
-0.7880
-0.4347
-0.0866
1.5602
-0.3350
0.2361
0.3094
-0.6362
0.3533
-0.1050
-0.0610
1.2655
0.4368
0.9384
0.3247
-0.4312
-0.4046
0.5622
-0.5116
-0.7426
-0.3885
-0.3935
-0.1928
-0.2983
-0.3291
0.2850
-0.1123
-0.0926
-0.0843
-0.0173
-1.3339
0.5454
0.0865
-0.4733
0.0554
0.0321
0.7692
-0.0760
0.4620
0.2583
-0.2248
-0.2428
0.3581
-0.4171
0.3867
-0.0820
0.1074
-0.1297
0.0524
0.2661
0.0917
-0.7530
-0.1028
0.1258
-0.0472
0.1334
-0.0511
0.1468
0.0490
0.0849
-0.1049
0.0429
-0.0825
-0.2137
0.1978
0.1727
0.0238
-0.1125
0.1329
-0.8257
-0.5163
2.4497
0.5096
-1.0733
-0.6925
-0.1539
0.7297
1.7146
-5.6481
-0.3441
1.9911
-1.9899
-0.2554
0.0934
1.7544
-2.5523
-0.1694
-0.1439
-1.7712
-4.8473
-0.4999
-0.5256
0.5169
-2.5142
0.8985
-0.0288
-2.1277
0.8351
-0.5236
0.0316
-2.6135
-3.6022
1.5225
2.8213
2.7869
-3.3538
-1.5308
0.3063
-2.7335
-0.5476
2.4173
-2.6491
-0.8699
-3.2360
2.0745
1.7878
-0.2535
0.6987
3.3222
1.5234
0.0965
-1.7254
0.3717
-0.1601
1.4318
-1.6499
2.1812
-0.5105
-0.5682
-1.3698
0.5491
-2.1127
1.3410
-0.5907
-0.4226
-0.5628
0.3086
0.4490
0.1803
-1.4385
-0.7675
-1.0335
-1.1117
-0.4468
-1.4176
-0.8316
1.1645
0.1911
-0.4045
-0.4326
0.4931
1.7271
-0.1893
-0.8513
-1.3791
-0.0379
0.3465
0.6064
-0.7733
0.0184
-0.5030
-1.3868
-0.4669
-0.1838
-1.1414
-0.0820
-0.4756
-0.2957
-0.1851
0.0516
-0.1371
0.1347
-0.2294
-0.5734
-0.6842
-0.3490
1.9060
0.8317
-0.6186
0.5870
-0.5417
0.0753
-0.2211
0.6207
-0.1626
-0.4250
-0.3894
0.3251
-0.4626
-0.2892
-0.0482
-0.2570
-0.2590
0.0522
-0.0315
0.0779
0.1012
-0.4855
-0.1638
0.0759
-0.2308
-0.0200
0.1171
-0.1265
0.0333
-3.3719
-0.7477
-2.3693
2.5013
2.3052
-0.4984
0.2310
-1.3136
-0.6978
-0.3560
-4.0727
-1.5764
0.9531
-2.1641
0.9760
-0.7128
-0.9073
0.0139
-0.8953
-0.3579
-0.1157
-0.9115
-0.2373
-1.1097
-0.0102
-2.2762
-1.8528
-2.4590
-0.4575
1.9265
0.1264
-0.1255
-2.6958
2.0188
1.5707
-2.1119
1.8174
2.5860
-2.0090
-1.5976
0.2935
-2.9626
0.4878
1.6572
1.1145
-2.2707
-1.9833
-0.4247
-0.4158
-0.0870
0.4460
-0.5768
1.3238
0.1347
-0.1869
-1.0437
-0.2921
0.1053
-1.4706
0.6896
-2.4928
0.0711
0.9104
1.4908
-0.5176
-0.2273
-1.7197
-0.8908
0.5246
-0.0825
1.1524
0.2475
-0.9961
0.0288
-1.5432
-0.5784
0.4484
0.9065
0.9430
-2.1546
-1.2269
-0.5439
-1.0203
-0.9251
-0.1435
1.0507
-0.8340
-0.7149
-0.2410
0.5708
-0.8887
-0.9849
-0.8094
-0.7763
-0.5819
-0.2964
-0.1819
0.8188
1.3976
-0.0942
-0.3306
-0.8519
-0.8674
-0.1440
0.1443
-1.1472
-0.2641
-0.6338
-0.0767
1.0398
-0.2801
-1.1322
-0.5318
-1.6410
0.5238
0.1820
-1.1261
-0.2223
-0.3541
0.0826
-0.8365
0.0394
-1.1146
-0.1144
-0.0003
-0.3418
-0.1334
-0.0289
0.4385
-0.0748
0.0390
0.1878
-0.1454
-0.0571
0.0903
0.1065
-6.6884
-2.3721
-0.2233
-1.4331
-1.5135
0.0547
0.5842
0.0757
-1.6248
0.2595
-4.7683
0.5364
-0.7885
-1.0080
1.8029
0.1388
-2.0966
-2.0527
-2.3266
-3.4317
0.3980
0.1812
-1.6112
-2.8482
0.7757
-0.7954
-4.2922
-3.9000
-1.1677
1.9240
-0.4323
-1.6216
-5.0413
-0.7365
0.9699
-2.1778
-3.1848
3.6938
2.2330
0.0854
-0.5175
-2.2198
-1.6484
-2.4641
2.3121
2.8830
2.7589
0.4055
-0.9233
-2.6801
-1.2194
-0.7172
-0.6408
-3.0963
-0.2165
0.4440
1.6458
-1.6013
-1.1184
-0.5525
1.3443
-2.5616
-2.5186
0.9152
-2.4619
-0.8258
-1.6086
-2.2239
-0.8191
1.0118
-1.9538
-0.5474
-1.0976
-0.9806
2.3853
-1.9486
-1.0756
-0.6234
0.5734
-1.9039
-0.0975
-0.8886
-1.8432
-1.0761
1.8457
-0.6680
-2.1851
-0.6128
-1.3196
-1.0917
-1.6723
-2.1223
-0.5321
-1.2473
-1.3131
-0.6830
-1.8410
-0.1289
-0.4153
0.4773
-1.9762
-1.5290
-1.5637
-0.9417
-0.3626
-0.1437
-0.8444
1.5431
0.5923
0.5445
-0.4863
-0.1272
-0.8772
0.8394
-0.1198
-0.1562
-0.2582
0.5235
-0.7412
-0.1399
-0.1707
-0.2291
0.0739
-0.2206
-0.3226
-0.1018
-0.0456
-0.0365
0.0293
-0.5992
-0.0294
-0.2080
-0.0154
0.0624
0.0232
-0.4693
-0.6402
-1.2035
-0.8405
-1.3999
0.1627
-2.0339
0.8668
0.0046
-0.4314
-1.2518
1.1127
0.5124
0.8281
0.3083
0.3553
-0.7451
0.3951
0.7859
-0.7288
0.5066
-2.2667
-1.1666
-0.0489
-0.5180
-0.9877
-1.0540
0.4705
-0.4394
0.6393
1.3791
-0.2317
-3.6143
4.5029
-1.2577
1.8019
1.9377
-3.5715
-2.0817
-3.7273
3.0669
-0.2755
-2.9630
-0.6572
-0.8632
-2.2443
0.6660
-1.4946
-1.3815
-0.6752
0.1516
-0.1865
-0.0323
-0.6135
-1.8833
-1.1246
-2.0405
4.9933
-0.6506
-0.0116
0.0420
-0.5472
-1.5662
-0.8047
-0.9438
-1.5422
-0.5298
-1.1788
-0.9683
-0.2517
-0.6093
-1.4141
-0.1073
0.6866
0.1380
-0.6628
-0.3371
-0.1124
0.0648
-0.6371
-0.3171
0.0813
0.1499
-0.9473
-0.2972
-1.4766
0.1550
-1.1959
-0.4000
-0.4635
-0.1884
-0.7854
-1.0021
0.4853
-1.3080
-0.5784
-0.2352
-0.5207
-0.1532
0.2772
-0.0086
-0.8994
-0.4547
-0.6768
-0.1705
-0.1886
-0.1608
-0.6311
-0.2910
0.1001
-0.0505
0.1154
0.1391
-0.1081
0.0024
-0.1604
-0.0123
0.1651
0.1855
-0.2558
0.0141
0.0401
0.0167
0.1013
-0.2336
0.2064
-0.2386
0.0813
0.1008
0.1821
0.1109
-0.2947
0.3868
0.1827
0.0340
-0.1789
0.0159
-2.5874
-1.6927
2.8964
-2.3242
-1.8285
1.5576
-0.6637
0.7891
0.3294
1.4757
-0.3860
-0.0853
0.3919
0.4178
-0.6214
2.8952
-1.4867
1.6720
-2.5942
-1.0912
-3.7681
-1.5977
-1.1728
-2.2615
-1.9964
0.4012
-0.5756
-4.3548
1.0393
1.8277
-0.2409
-3.1125
0.4992
-0.9584
-1.0838
-4.6181
-5.4351
-0.2340
-1.5981
-2.2425
-2.9816
1.3401
-2.5969
-2.0227
0.3312
3.5801
-1.2739
0.8797
-0.3516
-2.6246
-1.2139
0.5456
-3.5428
-1.7409
-4.6333
-1.8480
0.0271
-1.0046
2.2628
-0.4711
0.7629
-1.5403
1.3643
-4.2434
-1.3499
-0.8527
-2.6789
-1.0432
1.0922
0.9445
-0.5363
-1.2606
0.1564
0.7634
-0.7464
1.1397
0.4671
-0.7761
-1.0626
3.0108
1.3913
-1.1777
0.1945
1.0189
0.4468
-0.2046
-0.4657
-0.7596
-0.5528
-0.5334
-0.6047
-0.2149
0.3797
-0.3655
-0.0569
-0.2634
2.1619
-2.2462
-0.3239
-0.3609
-0.4427
0.7160
-0.5530
1.0353
-0.3326
0.8444
1.2856
0.1541
-2.4659
-0.0632
-0.0074
0.7719
-0.6590
0.2389
-0.3403
-0.2340
1.0157
-0.3053
-0.5628
-0.0446
0.4823
-0.0845
0.1506
0.2479
-0.0281
-0.3926
0.1340
0.1858
0.0099
-0.2357
-0.0584
0.0068
0.1229
0.0572
0.0600
-0.1243
2.1074
0.1397
-0.3430
-2.0815
-1.2114
-0.0329
-0.5675
-1.0648
0.5260
-0.3917
0.4448
2.2693
-0.5153
-0.2723
-0.6948
-6.5063
-0.7445
-1.6863
0.2481
0.9028
-1.3168
-0.2567
0.0422
-0.4338
-0.7852
2.5500
0.2256
-0.9997
0.2994
-4.1418
-0.0839
-4.0487
3.9135
-1.3628
0.7357
1.9751
-0.6425
-0.0178
-2.6124
1.0667
0.4377
-2.7050
-1.4442
-2.7025
-0.4868
0.4446
-4.2143
-2.2267
1.0578
0.0944
-2.6424
1.4290
-0.6265
-1.8035
-2.0033
-0.7734
1.7445
-3.5237
2.1008
-1.0810
-1.7366
-1.2823
-0.4509
-0.3328
1.2174
1.6496
-1.5180
-0.9935
-0.1926
-0.9073
-0.6575
-0.7637
1.5018
-0.9817
1.1465
-0.5834
-0.9508
-0.3993
-0.8041
0.7163
2.0663
-0.5849
0.0982
-0.7347
0.5360
-0.0185
-0.4055
-0.5622
-0.9144
-0.2580
0.0735
-0.3379
0.4869
-0.3178
-0.4661
-0.9393
-0.5910
0.1663
-0.1954
-0.0828
-0.1300
0.0005
0.3796
1.2929
-0.5834
0.9688
0.7380
0.3808
-0.7408
0.2543
0.5145
0.4752
-0.5652
0.2261
0.3460
-0.3451
0.9722
-0.1383
0.2168
-0.4054
0.4551
-0.0445
0.3535
-0.1069
0.1053
-0.2437
-0.2115
0.2135
0.2746
0.0242
-0.1995
-0.1048
0.1749
0.2796
0.1705
-0.1501
-1.0792
1.4746
-1.5367
-2.1304
1.5203
-3.0671
-1.2102
-0.3489
0.7474
-4.6945
-6.4973
0.9804
-0.8742
-4.5890
0.9487
2.4892
-3.4966
-0.9411
1.2565
1.4036
-1.1746
1.2325
-5.4216
1.3075
2.4823
-0.3286
-2.0732
-4.6051
1.6863
-0.1380
-0.1575
5.8738
-5.5992
-6.0517
0.4012
0.0830
-1.7533
-2.7890
-4.2158
-3.9967
-1.4448
-1.0741
-1.1015
0.1171
-2.0860
-2.2094
-0.5842
-1.0882
-2.3374
0.6473
-1.1743
-2.8292
0.5584
-1.3094
0.3812
-1.2347
1.2042
-0.5211
-1.0342
-0.2034
-0.2489
-0.4429
-1.5028
0.3484
-1.9123
0.7407
2.5353
-1.9584
0.6374
0.6165
-0.4840
-0.5648
-0.2520
-0.1132
1.5826
0.1660
0.7033
-1.0921
-0.9186
-0.8395
-0.7539
0.0209
-1.1347
-0.3293
3.3238
-0.2285
-1.0177
-0.1575
0.5989
0.1113
-0.8133
-0.9167
0.3491
-0.5532
-0.0818
1.2384
-1.0334
0.2093
0.3664
-0.1349
-1.0748
-1.0691
-1.4473
-0.7772
-0.1104
-0.4318
-1.2438
0.9359
-0.0842
1.2721
-0.0330
-0.3775
-0.1861
0.3770
0.2583
0.1464
-0.3992
-0.5746
0.3097
-0.1153
-0.3984
0.7738
-0.2834
-0.1255
-0.0100
-0.4594
-0.1550
-0.5744
0.0894
0.4491
-0.1115
-0.1497
-0.3635
-0.4108
-0.0630
-0.4642
-0.4369
1.5890
0.7199
1.1923
0.7557
-0.0386
-2.6439
-0.8123
1.2955
-0.1604
-3.0256
-1.9473
-0.6746
0.0896
1.0742
1.2426
0.2233
0.5530
-1.1412
-0.2217
-1.2595
1.0199
-0.9526
-0.7375
0.6259
0.6534
0.2912
-1.9380
0.4198
-3.9049
-0.0436
-5.4940
-5.0551
-1.1532
-4.2918
-3.5711
-3.6694
-3.0143
-5.0418
-4.7295
-3.5951
1.5744
-2.0535
0.6098
-3.0221
-0.4181
4.0506
-1.3370
2.3106
-1.4101
-0.3491
3.4801
-0.4645
-1.3806
-0.3870
-1.6094
-0.8419
2.3895
2.2187
-0.9098
-1.6215
-1.2773
3.0587
0.3995
0.9394
-0.9046
-0.7866
-0.6016
1.4797
-0.3672
-1.0512
-0.3363
-1.5705
-0.0293
-1.1875
1.7470
1.6050
0.4759
2.1926
2.7172
1.4300
0.9636
1.0784
2.4424
-1.8505
0.5272
0.3190
-0.2267
-0.0816
1.2064
0.7063
0.7133
-0.2134
0.5730
-0.0188
-0.0575
1.8837
-0.9725
-0.0836
0.1761
0.7823
1.5152
0.9202
0.2359
0.0205
1.2606
1.2829
-0.3387
0.5464
-0.5593
-0.0186
1.4047
-0.2816
-0.5714
-0.2898
0.1381
0.7540
-0.5977
-0.6264
-0.2308
0.8394
-0.8743
0.8537
-0.0010
-0.1964
-0.0364
0.0357
0.1722
-0.1126
-0.0495
0.1678
-0.0652
0.3501
0.1984
-0.0609
0.1342
-1.6237
3.9243
1.1103
0.3176
-3.3732
-2.5977
-0.8298
0.7169
-1.0579
0.7006
-2.3899
-1.0344
-0.8487
2.6605
-1.8712
-2.4932
-2.2821
-0.2404
0.2013
1.7226
-2.3706
4.9039
-0.2770
0.8718
-1.9807
2.2716
0.5768
0.0454
0.9897
-4.4556
-0.2667
-5.2450
-2.9158
2.1873
4.2417
-1.0711
-1.0796
-0.8297
2.2522
-3.1634
1.5382
-0.4569
-2.0096
1.3084
-3.1879
-5.2014
-2.2078
6.3956
-1.9619
0.9090
-0.5344
-2.1394
0.8325
0.5309
-3.3960
-0.0470
-2.6251
-1.4877
-0.1609
0.1053
-2.2266
0.4997
-0.2532
3.8466
-2.0408
-0.7993
-0.2045
-2.2257
-0.5058
0.6770
-1.4247
-0.1164
-0.9610
-0.8753
-2.2129
-0.5491
-1.4237
1.2067
2.0442
-0.0029
-0.3112
-0.2163
-1.4634
1.5360
-0.3640
-0.3421
-1.2787
0.0063
0.3124
0.8554
-1.7032
-1.2523
-0.9349
-1.4126
-0.4957
-0.6826
0.0816
2.0400
-0.6153
1.2863
-0.9169
-0.9723
-0.7198
-0.1997
0.8259
-0.2637
-0.4556
-0.4062
-0.8510
-0.4120
0.7806
-0.3981
-1.0238
0.0090
0.2650
-0.2115
-0.2677
-0.0423
0.6872
0.1026
-0.1923
-0.4792
-0.2484
-0.0481
-1.0401
-0.0626
-0.0933
-0.2976
-0.1453
-0.1851
0.0780
-0.2740
0.2526
0.1152
-0.0488
-0.5023
-0.5783
-0.5707
2.5596
-0.4150
-3.2934
0.0846
-0.0092
-1.2785
1.3725
-0.1355
0.1682
-0.1374
-0.5356
-0.7331
-1.0452
-1.0033
-0.5246
-0.0002
0.1364
-2.4758
-2.7609
0.3022
-0.4024
-0.1382
0.1178
-3.3195
0.2365
0.5647
1.9135
-0.9454
-0.1355
-6.2143
0.0585
-2.4153
-2.1989
-0.0195
-0.9743
-1.1722
-3.0700
-3.2152
2.0046
2.4505
-1.1108
-0.5865
2.8622
-0.9419
0.8570
-3.9336
-0.8865
5.9402
1.3986
-0.5956
-0.6485
-0.3692
1.5145
-1.3879
-2.4172
-1.0073
-0.0860
0.0246
-2.8657
-0.1919
-0.6983
-0.9198
-1.5863
1.2632
-1.8035
-1.1138
0.2347
-0.2222
-0.3858
-0.5887
0.1798
0.0436
1.2782
-0.3358
-0.7822
-0.3732
-0.6608
-0.2318
0.0950
-0.4470
-0.7609
-0.1057
4.3808
-0.0636
-1.2903
-0.2480
-0.4385
-0.0234
-0.6842
-0.7754
-0.4163
-0.5714
0.4752
-0.0999
0.2696
0.3256
-0.4596
0.3061
-0.6555
-0.2459
-0.4093
0.2736
0.0940
0.0747
0.1101
-0.6297
0.4010
0.8639
0.4273
0.0701
-0.3108
-0.0485
0.0914
-0.2551
-0.1228
0.4101
1.3420
-0.0123
-0.0477
0.3616
-0.0722
-0.0209
-0.0683
-0.1495
0.0477
-0.0430
0.0268
-0.1381
0.2900
0.0506
0.0359
-0.0874
0.0700
-0.0922
1.1269
0.2202
-1.6837
-0.5158
0.5981
-3.2598
-0.6418
-0.0884
0.5931
-2.7212
1.5467
1.9155
-1.1422
0.9384
0.9294
0.4820
-1.1601
-0.8510
-1.3157
-2.1375
-4.9071
-1.8721
0.5953
0.3689
-3.1563
2.0726
0.4314
-1.8749
-0.5747
-2.3615
-0.0047
-1.2921
-3.3120
-3.6805
1.2156
-0.4862
-0.6976
-2.4669
-1.2626
0.9111
3.5256
-3.0676
-2.7069
-1.2569
-2.8867
-4.3111
-0.9410
0.1281
-0.3112
-0.1699
0.4150
-2.9225
1.6313
3.4128
-1.9082
-0.5825
-0.4563
-2.2446
0.8478
1.6995
-1.4078
1.1279
1.8381
1.9852
2.0255
-0.3884
-0.8022
-0.2164
0.3761
-1.1892
3.0966
0.7399
-0.8388
-0.4311
-1.9922
-0.8291
-0.8465
0.2404
-0.4545
-0.5276
0.5311
-0.5348
0.7160
0.4506
-0.8058
-0.7886
0.0931
0.0086
-0.1673
0.0275
0.9608
-0.1980
-0.4532
1.0571
0.7320
0.0079
-0.3814
0.2295
-0.3565
0.5130
0.1385
-0.1880
-0.2851
1.3312
-0.2779
0.7382
0.4760
-1.2916
-0.1960
-0.4523
-0.3320
0.3325
0.5456
-0.6449
-0.2859
-0.2053
0.2384
-0.2389
-0.3928
0.1911
0.2562
-0.0814
0.5950
0.1589
-0.2321
-0.2161
-0.1106
-0.2557
-0.0756
-0.1118
-0.0313
-0.0134
-0.0262
0.2011
-0.1098
-0.0721
-1.3595
-3.1962
0.2937
0.0814
2.2188
-0.7369
0.1606
0.3306
1.6913
-2.0744
-1.1705
2.1066
-3.6547
-2.1688
2.4201
-0.1730
-3.1494
0.2442
-2.7594
1.2794
-1.6104
0.2478
-0.7833
1.9457
1.1585
-2.5178
-1.7652
-0.4626
2.1144
-0.1620
-0.3704
-3.2634
5.8414
-3.2528
-2.9132
0.9941
-3.7013
-1.8256
-4.2564
-0.2405
-0.0569
0.1562
-3.9264
-2.1776
-0.9994
-2.3440
-1.1195
-1.2585
-0.6494
4.9447
-0.0692
-0.6765
0.5337
-3.6061
-0.9785
-3.5317
2.2368
0.1481
0.8488
-1.4526
2.3847
-3.0324
-1.2826
-0.1843
-1.7449
2.3452
-0.4044
-2.4196
0.7548
-0.5549
1.2232
-0.9483
1.0998
-1.5945
4.2151
-1.7574
-0.9681
-1.5169
-1.5082
-1.1024
1.1660
-0.2117
-0.6111
-0.0063
1.7172
0.2345
-0.8382
-1.4295
-1.4211
-1.2911
-0.3493
-1.1027
-0.2657
-0.3303
0.5887
-1.7402
0.2834
0.5763
-0.5800
-0.4052
-1.2466
-0.0590
-0.0911
0.1567
-0.5861
1.2130
-0.0122
0.2464
-0.0569
0.6035
1.0132
1.3382
-1.1875
0.5194
0.7177
-1.1320
1.0480
0.5353
1.7801
-0.6477
0.9284
0.9344
0.6942
-0.1131
0.2886
-0.3417
-0.0596
0.1526
0.2986
-0.0435
0.0825
0.1740
0.0831
0.0686
-0.0619
0.2202
-3.1809
-0.7799
0.5983
-0.4479
1.4755
-0.4062
0.0845
1.8896
0.9419
-0.8141
-0.6696
-1.9317
0.0093
0.8992
-0.5360
3.5141
0.4767
0.5052
-1.6834
-2.0942
-1.4103
-0.4514
-0.8173
-1.4149
0.2149
-4.2321
-0.0192
-1.5729
-0.4333
-1.8486
-0.3683
-4.5198
-3.6465
4.7471
0.1262
-2.6387
1.9255
-3.9744
-2.6923
1.5203
-2.3082
-4.1578
-4.2699
1.9016
0.3979
-4.1175
-0.4714
-2.4449
4.9712
-1.9091
-3.0134
5.9764
-2.6040
-2.1062
-3.0951
-2.7810
-2.1783
2.2793
2.5190
-0.0934
-2.0655
-2.0834
-1.0793
-2.2885
-1.7756
-1.1948
-1.3435
-0.4646
0.6240
-0.0833
1.3390
-0.8917
-0.2256
-0.0037
1.9045
0.5403
-0.7875
-0.0835
-0.1920
0.6779
1.5104
-0.4488
-1.2684
-0.6275
1.0438
-0.6372
-1.1498
-0.1706
-0.4792
-0.1920
-0.9310
-0.9439
0.3911
-0.4381
-1.0163
-0.8542
-1.0655
-1.4089
-0.6397
-0.1065
-0.4835
0.1252
-0.3062
1.3177
0.9021
1.0812
0.7527
1.4950
-1.4616
-0.2500
0.4721
1.1004
-0.1761
0.9982
-0.3038
-0.2663
0.4817
0.7718
-0.3776
0.0961
0.4523
-0.0592
0.3116
-0.0338
-0.3119
-0.6146
-0.1226
0.2267
-0.1387
-0.0384
-0.5490
-0.3948
0.1349
0.3603
-0.0639
-0.1033
0.7501
-1.0172
-0.8140
1.8231
1.3647
-3.6727
-1.2945
0.5569
-3.2222
-0.8751
0.4007
-0.5747
-1.3581
-0.1805
-0.9796
5.1064
0.8039
0.3814
-1.6248
0.2615
-0.1104
-0.9880
-0.0816
3.0243
1.4407
-0.6258
-3.1757
0.6130
-2.2835
-1.6953
-0.5873
-8.9878
-2.1302
0.9542
-0.1972
-3.2984
6.1494
-4.4765
1.6248
-2.4416
2.6448
-5.4990
2.6693
-0.3288
-2.6971
-2.1082
0.8793
0.3662
0.0363
-0.0321
1.0176
0.0768
-0.3537
0.5683
2.9552
3.7798
-3.4526
1.1576
1.1562
1.3425
-0.1150
0.8815
-1.1693
-1.5335
-1.4082
-2.5593
-4.8205
-3.4180
-1.5773
1.1121
-2.5642
0.4196
-2.3826
0.0982
-3.4694
-1.1750
-0.5278
1.4955
-0.1645
-0.3410
1.5308
1.3615
-1.7804
0.3814
-1.7641
-0.8116
-1.0102
0.6226
-1.0071
-1.4388
-0.9600
-1.5771
-2.6010
-1.5101
-2.6181
-2.4419
-1.6026
0.1311
-0.7284
-0.0767
-1.4277
-0.9169
-1.0305
0.9439
1.0098
0.9947
0.2748
-3.1677
-1.3593
-0.7483
1.2023
0.9856
-2.4734
-2.2047
0.1417
-0.3576
0.8567
-0.9643
-0.3978
0.5212
0.5325
-1.1195
0.4276
-0.3675
0.1455
-0.7460
0.0790
-0.0094
-0.2199
-0.4786
-0.0456
0.2097
0.0198
0.1775
-0.0024
-0.5787
-1.8498
2.2077
-1.9677
1.7011
-1.3173
0.2283
-0.0098
0.1115
-1.2706
-0.1338
-0.6104
-0.7596
1.1246
-0.8340
0.3725
-0.9801
1.2238
1.5984
0.5025
0.9535
0.1805
2.3271
0.0833
0.3414
0.4264
-1.4568
1.0922
-1.0911
-1.0377
-0.0677
-0.1333
-1.8838
-2.3084
0.3569
-1.7162
-3.3941
0.8710
-1.3128
-1.8963
-2.7827
-3.8173
3.1792
0.3873
-0.1370
0.8815
-0.4024
0.9567
-0.6239
0.5544
0.8337
4.9193
1.8762
-1.7192
-0.9407
-0.7912
-1.2913
0.6077
1.0334
-0.4687
0.3489
2.1800
-0.7974
-0.4420
-0.5435
-0.1284
-0.6130
-0.9057
-0.7003
-0.4720
0.9104
-0.6800
0.2858
-0.2669
-0.0612
-0.5578
-0.0218
0.1884
0.2964
0.3276
-0.2401
-0.7002
0.4668
0.1826
-0.2777
-0.4324
-0.0098
0.0328
-0.3053
0.0164
0.3339
0.0233
0.0448
-0.0178
-0.4384
0.9042
-0.3285
-0.0945
0.7110
0.0859
0.1887
-0.1076
-0.0735
-0.5516
-0.5359
-0.2703
-0.4316
-0.0501
-0.0396
-0.3691
0.6147
0.1244
-0.3919
-0.2351
-0.2027
0.1935
-0.0251
-0.3752
-0.1319
-0.1049
-0.1233
-0.3944
-0.1093
-0.4189
-0.4034
0.2029
0.1716
0.0560
0.0070
-0.0163
-0.0725
0.0425
-0.0215
-0.0203
-0.1684
0.2826
-0.0518
-0.0501
-4.8028
-2.8047
-1.9840
2.2182
0.0331
-0.2214
-1.6151
0.4425
-0.7730
1.7242
-2.2035
-1.9551
1.9444
3.4790
0.1026
-0.3661
-2.6265
-3.9836
0.6426
-2.1154
-0.0832
-2.1889
-3.2994
-0.9852
-1.4467
-2.7044
-2.7640
-2.7831
1.6979
-0.0834
-3.2603
1.9582
3.7672
-0.7722
-3.1323
-3.7946
-0.7563
-3.0606
-2.5979
2.2769
-1.6592
-1.5295
-1.3888
-2.3361
1.9045
1.2521
-1.9885
0.1770
-0.5363
-2.6505
-0.3466
0.0771
0.1213
-2.0249
-0.1892
0.2586
4.8713
-0.2001
1.0739
-0.6304
-0.3068
1.7203
-0.7547
-0.9660
-0.0323
-1.3615
0.9295
1.6710
0.8305
1.1698
-0.5427
-0.0213
-0.4117
3.4042
-1.7971
-1.6200
-0.0221
-0.1466
0.8150
-0.2120
-0.8321
-1.0420
0.7049
2.4401
-1.1713
0.2396
-0.4432
-0.1541
-1.0319
-0.4866
0.4178
-1.2384
-1.1938
-1.3438
0.1794
-0.0179
1.4495
-1.0434
0.0135
0.0517
0.0585
-0.4457
-0.0793
0.9009
-0.3173
-0.0570
0.6671
0.0092
1.3707
-0.0667
-0.2168
0.4557
1.7598
0.3438
0.1189
-0.3550
0.2307
-0.3236
0.1031
-0.2906
0.0878
-0.3271
-0.1651
-0.0414
0.0631
0.1068
0.0478
0.3299
-0.0962
-0.1977
-0.3522
-0.1691
0.0934
0.2628
-0.0064
-4.0424
-1.3890
-0.2327
2.0937
2.7055
1.3490
0.2540
-0.7272
-1.3507
-0.7122
-1.9009
1.4647
-0.3420
0.1897
-0.7418
-3.5106
-2.2341
0.2764
-1.1060
-2.4729
-0.8195
1.2009
0.0375
-1.2703
0.4712
-1.2742
-2.1534
-3.4003
0.4933
2.8802


Weights 1->2:
-0.8900
-0.5629
-0.4217
-0.3982
-0.3553
-0.4761
-1.4855
-0.2078
-0.3062
-0.7512
-0.6134
-0.3160
-0.7857
-0.3623
-0.4088
-0.3571
-1.3040
-0.7804
-0.8625
-0.4086
-1.9486
-0.5939
-0.7943
-0.6018
-0.3222
-0.9030
-0.5717
-0.8805
-0.0672
-0.5352
2.9583
3.7703
-0.3154
1.0972
-2.6771
5.1978
-2.9968
-0.0503
1.3008
-2.7777
-0.4245
-1.4506
-1.5970
1.2350
0.3731
-3.0998
3.5790
1.0504
3.4485
3.9328
-4.5573
2.5551
-0.2111
1.3107
2.0415
5.1767
4.4435
4.3384
-2.7267
-2.1494
1.5067
1.0306
2.1625
-3.5607
1.8597
-1.7922
1.6987
-2.2070
2.1655
0.8245
2.5955
-0.8576
-2.7723
-0.1802
-0.3570
1.7960
5.1477
-0.9017
2.5546
-2.2173
2.6979
-1.8376
1.6168
0.4619
2.9915
-1.8033
0.4914
5.0258
0.4059
-0.5976
3.6117
2.7388
-2.1680
0.2610
-0.6457
-1.7326
1.1574
1.8347
1.9509
-1.6295
0.3833
-0.8251
0.7037
1.6248
-3.3705
0.0462
4.0348
0.8049
3.0904
4.1022
2.9992
-1.8003
0.6033
0.0560
-1.5181
4.9254
3.3691
1.9439
-0.1667
-0.4810
5.4582
0.8579
-4.7034
3.0293
1.4580
-2.2099
-0.2639
1.2547
-2.3617
-5.0875
2.7857
2.8778
-0.0361
0.0682
-1.7239
2.4156
3.0663
-0.4583
1.6173
1.9382
2.6754
-0.1592
1.1517
2.0745
0.4992
5.2870
-0.3700
0.7373
2.7459
-2.4858
0.2598
1.4290
1.5392
-1.1906
1.4164
-4.7577
2.0023
-0.0703
0.3953
2.9261
1.1923
-0.6838
-1.1652
0.6128
-0.9197
2.1141
3.1009
2.6391
2.5425
-0.6996
2.5340
-1.6243
2.5921
-0.3615
0.9228
1.0454
0.0807
4.0266
2.4220
0.9830
4.7264
-3.3266
-1.2840
3.6455
0.9114
-1.9037
-0.0280
-1.4526
1.6953
-0.6776
2.7427
0.5209
0.3948
0.7153
-1.4694
-3.4876
4.1352
-0.7909
1.5188
1.0220
2.8443
-2.3198
1.4407
1.6060
-0.3500
3.9175
2.8508
0.6002
-0.8534
4.2662
4.5145
1.0408
3.7224
-0.8916
0.1632
-1.7061
0.9763
-0.7374
1.9322
2.3856
0.5841
-2.0986
-1.3401
-1.2447
0.2405
0.4685
1.8234
1.5462
0.9221
-1.5041
2.3791
-1.9611
3.4612
2.3519
1.0742
1.8388
0.8777
4.2630
-0.5020
-0.2090
4.7825
3.3920
0.3702
-0.4084
-1.6717
-2.4409
1.2910
-3.0440
1.4151
2.7495
2.8919
-0.4345
1.3837
1.9306
-1.7387
2.7355
2.2409
2.8280
3.2204
0.4781
1.9864
-1.3240
-0.9378
-1.4152
-0.5762
3.5850
-0.7234
3.1160
1.4522
-4.3343
1.9176
1.3471
0.0571
-3.1760
0.6794
-3.4623
2.4342
-1.5744
3.9331
2.4014
1.9974
-0.5131
0.0306
-4.6460
1.8426
0.3570
1.1529
1.5479
-0.0870
2.1288
1.4947
-1.9896
3.2770
4.2631
-0.1551
3.3054
-0.4891
2.9100
-0.1858
0.3526
4.3173
0.2990
-1.9022
-2.3373
-4.3171
-1.0370
1.9466
-3.5757
-2.3598
0.6871
4.0310
1.1972
0.6309
0.4827
-1.2432
3.6268
2.8384
1.3675
0.2592
2.1222
3.8136
-2.5314
0.7327
3.9007
-0.8661
2.8513
-0.7122
2.7842
-1.4465
2.8439
-0.4107
0.6914
0.7391
-1.0965
0.1597
-1.4775
1.1841
-0.4065
1.2012
3.2608
2.3945
-1.7209
0.2541
2.8433
1.2913
2.8210
3.2374
0.7106
0.1346
0.0161
1.8393
-0.2816
3.2714
-0.3672
0.0350
-0.9454
-0.0622
2.5973
1.2581
0.2134
2.8741
-1.0114
0.0043
2.5004
1.5330
-1.4009
1.9998
-0.1574
-1.4711
-2.6541
0.3531
-0.9886
-0.3682
0.1293
-0.4744
1.2414
3.7327
2.8243
2.5282
-0.0664
3.6140
-3.0402
1.3995
1.4554
-0.3307
0.6144
0.7687
0.6848
0.6818
-1.1315
2.7502
0.7916
0.2313
2.6371
-1.3160
-0.5096
1.0474
-0.5449
-0.1820
-2.3409
2.5598
-0.5547
0.8307
-0.0280
1.1996
0.1467
3.8601
1.1022
1.1970
0.8368
3.3206
-1.8409
1.2126
-0.4690
-0.9401
3.5533
2.1356
0.2090
0.4338
2.1185
3.0806
-1.2165
2.6892
-1.5016
-0.1590
-1.3860
1.4373
-0.2759
0.5981
0.2019
-2.2752
-1.7835
1.1911
1.0227
0.5436
0.4716
3.7628
1.0251
1.8454
2.0392
3.1305
-1.6357
-0.3125
1.7354
-2.8032
3.0110
2.5613
-0.5377
-0.9408
2.1335
0.0352
0.1435
1.9462
-2.2828
2.0247
-0.2134
1.3851
0.0379
1.9897
2.3868
0.4540
-0.8783
-1.4210
1.6572
1.2906
-0.7496
2.6176
-0.1292
1.8523
-2.4326
1.9918
-1.3356
2.5496
-0.5262
0.6486
-0.9923
0.8724
3.6837
2.8815
-1.7731
3.1998
2.8947
1.1683
1.8262
1.8835
-1.5158
1.5825
0.7164
-3.0862
-3.8603
1.2427
-1.4797
2.3155
-0.0619
-0.4028
3.6599
3.6743
0.3230
0.2828
1.2105
1.8695
-1.2450
-0.3182
2.8324
-2.9673
4.7102
1.4824
0.6631
0.1626
0.2389
2.5880
0.0164
1.2557
2.6065
-0.9582
-1.0225
0.8589
0.6728
-0.5810
-2.0244
-0.6040
1.0540
0.9187
1.9823
2.1973
-0.5443
4.0463
0.7753
0.5654
2.7328
1.8905
-2.1439
-0.5644
-0.3186
-1.4756
3.4821
1.4379
-0.9697
-2.2260
-0.6650
1.6657
3.3021
-0.0133
0.9048
-2.2738
2.6466
-1.5880
1.5766
0.6499
-0.9427
-0.9068
0.6127
-2.3520
1.1489
-0.6316
-2.2413
1.1156
-0.5029
3.7280
1.4448
-2.7394
1.4322
1.3141
1.4667
0.3027
3.2145
2.6177
2.5883
-0.8064
-0.0980
1.9448
-1.0546
-3.3563
0.6017
-0.7353
-0.6766
1.5828
0.3181
0.0874
-1.3438
0.6908
-1.7528
0.3486
2.0974
-0.0593
-1.6341
3.7864
1.5167
0.5094
1.0445
2.2762
-0.6096
1.9819
-0.6437
-1.9986
-0.0620
1.2900
0.5933
-0.3533
3.6012
3.3991
0.1002
-0.3242
1.7234
0.7702
-0.2406
-0.1067
0.2523
-2.4278
-2.0066
-0.3265
-0.8252
0.8937
0.6705
0.8373
-0.6810
3.7703
1.4160
1.3834
1.8720
2.1063
-0.1914
1.4918
0.2665
-0.6018
1.2664
1.6462
-0.1830
1.0714
1.3325
1.2769
2.9316
-0.3331
0.5223
-1.6541
2.8068
-1.5878
1.0705
0.4136
-2.1058
-0.0295
0.3999
-2.9108
0.9468
-1.2936
-1.3102
0.9975
-0.5802
4.0579
1.4142
-2.2349
1.6746
1.1695
1.5250
0.3437
3.0466
2.1344
2.8830
-0.9597
0.7982
0.5934
-1.8531
-0.5383
1.2163
-0.3861
-1.0558
0.8345
1.5592
3.1913
-0.5110
-0.9969
0.6542
0.6389
2.9929
2.1455
-2.7028
3.4616
0.2009
0.6500
1.5555
2.3696
-0.9512
1.3219
-0.9710
-0.2587
3.2006
0.1568
-0.9398
0.8424
1.4407
-1.2732
-0.9215
3.8108
0.0304
4.3206
-1.1882
1.0777
0.9514
1.1250
-0.9589
1.3274
-1.9497
-2.3578
-0.5597
0.3583
3.1180
-0.1944
0.2410
-3.1303
-0.6388
-3.3748
0.0117
1.2277
-0.8029
1.2199
-2.6305
-0.6398
1.5644
0.1020
1.3349
3.0443
-1.0393
1.8154
-0.7009
1.3797
0.3677
0.5193
0.4475
-0.0556
-2.5417
0.3687
0.7092
1.2228
-0.4162
1.5107
-1.3578
3.8142
0.7899
-0.1808
-2.2069
1.4359
-0.3542
0.1132
2.1406
-1.4521
1.7148
1.3385
0.4168
-0.2205
-0.5738
1.2190
0.0786
-0.3488
-0.2681
0.2753
-0.1823
-0.0386
-0.2498
-0.1896
3.1432
3.0963
-1.2236
0.5415
0.4816
-0.3945
1.1659
-0.5895
0.1377
1.4985
0.3596
1.3509
0.5200
1.3138
1.6147
0.6676
-1.0671
1.7904
1.1515
0.5627
0.3360
0.7199
-0.7280
1.6462
0.6922
-0.6166
2.7173
1.1501
-1.1809
0.8464
0.4689
2.6484
-1.1372
-1.1762
1.4251
0.5952
-1.6142
3.3496
-1.5723
-4.0589
-1.9182
-3.9267
-0.7265
2.8321
0.3525
-0.4756
0.2775
-1.9673
2.6896
2.9311
0.7316
2.8251
-2.0802
-1.4452
-1.1159
-0.3264
-0.5767
-1.9824
2.5266
-0.4941
-2.8597
1.8169
1.6514
-0.0874
2.9646
-2.4464
-1.9061
1.5376
1.0787
1.9935
3.2821
-2.7996
-0.9061
-2.9712
-2.0085
-0.6719
2.0951
2.8575
-1.1648
-1.1743
1.2878
-2.8322
-0.7561
-0.5972
-0.7278
1.0786
-0.3306
2.7187
-0.2830
1.9027
-0.9000
-2.6495
-0.3448
-1.8715
1.6903
-0.9648
-0.2426
1.2353
1.3432
1.8815
-0.3517
1.1739
-1.9893
1.5363
1.0735
1.3681
-1.6686
-3.0170
0.1057
0.1954
2.6397
-1.5940
1.3026
-0.1015
-0.9978
-0.8466
-1.0789
-0.1904
-0.7846
-0.9372
-1.1806
-0.9759
-0.2053
-0.6675
-0.4767
-0.7604
-0.3018
-4.1500
-1.3925
-2.7916
-0.7855
2.2992
4.8117
-1.4041
-1.2857
-0.9002
-1.2752
-1.3616
-0.8483
-0.6195
-0.4100
1.9261
-0.0616
-0.7720
0.5605
-1.0867
-2.0613
1.3974
0.5701
2.2388
1.8043
-0.2479
-2.0611
0.7954
-0.7033
1.2680
0.7475
0.4351
3.2330
-1.1803
-0.6483
-0.1207
0.1073
1.2260
1.3671
0.4477
-0.3056
-0.1026
2.4889
0.7580
-0.2057
-1.8423
-1.9108
3.9188
0.0686
3.6552
-0.8122
0.3300
0.9895
1.2347
-0.5429
0.6601
-0.8639
-2.0502
-1.0806
0.4876
2.2555
-0.6284
1.1615
-2.6496
-0.0002
-2.6638
-0.2323
1.1812
-1.3844
1.0560
-1.9562
-0.5930
1.3420
0.0063
1.4394
-1.0196
0.1475
0.4551
-0.6642
-0.3903
1.5829
0.1025
0.2263
-0.1150
3.2463
-0.0261
-1.2291
1.7268
-0.1921
-0.6726
0.8731
-2.4603
0.0385
0.1891
-0.2260
2.0290
3.2929
-0.8879
-0.8970
-1.0411
-0.6680
0.1829
-0.8555
-0.3383
-0.3969
1.7350
-0.5556
0.8671
0.7762
0.0354
-0.8767
1.3315
1.2297
-0.1728
0.7233
-0.1748
1.1867
0.7595
2.5639
0.8288
-0.1249
1.7336
1.7546
-0.4002
0.2752
1.2456
-2.0179
-1.3767
1.0569
-0.7266
0.4127
-1.0456
-0.4284
-0.4405
-0.3170
-1.2887
0.7855
-1.3851
-0.6647
1.0317
5.0502
0.2968
0.3328
-0.4210
-0.0266
-0.6465
2.3983
0.0044
0.4387
1.3951
-0.9532
-2.0648
-1.0021
0.2697
0.6580
-0.8301
1.0982
-1.8215
-0.5502
3.0572
-0.2656
-1.7472
-0.3421
-0.0188
-1.3940
-1.8895
0.7777
-0.1396
-0.1488
0.3414
-0.4964
0.6777
-0.4304
-0.2149
2.9825
0.1642
-0.9398
-0.1029
-1.1045
-0.2031
0.2608
-2.0639
-0.9337
-2.4382
-0.7215
1.4403
3.0193
0.1205
-0.9586
2.5505
-0.7587
0.1684
-1.5791
-0.6754
-0.2285
0.6190
3.2861
0.2193
0.4762
-1.0214
1.9569
-0.7758
-0.0474
0.5267
-1.5986
-0.0715
1.1652
-1.8287
2.2574
-0.8800
-1.1776
-0.0121
0.0178
2.0625
2.3066
-1.2293
0.8847
0.7090
0.2724
-0.7401
2.0646
2.2526
1.5601
0.6441
-0.7272
-1.9540
-0.3890
-0.3023
1.2166
1.2986
2.8107
-0.8839
0.5268
1.0531
1.1820
-0.6730
1.6326
1.7719
0.2246
0.6522
0.5360
0.3340
-0.9490
-1.7939
-1.2453
1.7042
-1.0295
-2.2627
-0.9324
2.3779
-1.1399
-0.6056
-1.5920
-0.6606
-0.0306
-1.2241
-0.3228
-0.4272
-0.8702
-0.3181
-0.2346
-0.2710
0.3778
-0.7111
2.0141
-0.3418
0.6087
1.0151
-0.5755
0.5865
-0.1392
-1.8787
0.7385
-0.2546
-0.4258
2.0967
2.2348
-0.3017
-0.7662
-0.8636
-0.7910
-0.4213
0.0790
-0.0132
-0.1923
-0.7918
-0.6642
-0.5679
-0.3260
0.1444
-0.2533
0.2709
-0.1541
-0.5165
0.1851
-0.3398
-0.3319
1.1562
-0.4935
-0.0906
0.6228
-2.2165
-0.3299
1.2640
-0.2623
1.6401
2.4286
-1.1954
-0.5282
-0.7398
-0.4944
-0.7275
-1.0558
0.4887
0.3808
-1.1945
0.1612
-0.3300
-0.6985
-0.7731
-1.1189
0.3332
-0.7491
-1.3722
1.4559
-1.2532
1.6858
-1.8796
0.7653
-0.2345
1.7445
-2.2887
-0.6755
-1.6654
-0.1185
1.1876
3.4846
-1.5016
-0.6626
2.0083
0.8503
2.3536
-2.0578
0.0061
0.7659
-1.2669
-0.5278
-0.9752
-0.6111
-0.7715
-0.2986
0.0793
-0.3815
-0.4117
-0.7274
-0.6311
0.1039
0.6043
-0.3108
-0.3615
0.2001
-2.5424
-0.0233
-1.4472
-0.4157
1.5044
3.7998
-0.8902
-1.0401
-0.7544
0.1180
-0.9754
-0.7179
-0.2170
-0.1901
-1.5942
0.8521
0.0691
-0.2598
0.3713
-0.1921
0.6147
0.3709
-0.5420
2.5975
-0.7562
-0.3426
-1.2874
-0.5672
0.7018
-0.3623
-2.8974
-1.0241
-2.0674
-0.5185
0.7294
4.2076
0.3602
-0.4571
1.7638
-0.5881
0.1989
-1.3739
0.0333
-0.5208
-1.3390
-0.3483
-0.4247
-0.4477
-0.0644
-0.4224
-0.1163
-0.3677
-0.3248
-0.0696
-0.6053
0.7119
1.7164
-0.4766
-0.4413
-0.0529
-0.7034
0.5229
-0.9243
-0.5434
1.3934
2.9615
-1.1412
-0.5009
0.0285
-1.2422
-0.3635
-1.1297
-0.5036
0.0827
-1.1876
1.9545
3.7502
-0.6325
-1.1338
-0.1667
1.0633
-0.0881
-0.0680
3.0958
0.6538
0.1993
-1.4480
-1.2949
0.8120
-0.3076
1.0954
-0.0513
-1.5068
-1.1700
-0.2670
0.2462
2.9098
-1.7915
-0.1908
-1.2495
-2.7525
0.4908
-0.8117
0.1428
-1.3738
-0.0381
-0.3727
-0.4876
0.0953
-0.3424
0.4312
-0.0006
-0.4851
0.6313
-0.5492
-0.0258
1.3068
-0.5122
-0.1993
0.0052
-1.5055
0.0844
-0.1289
-0.6191
1.2864
1.7971
-0.1924
-0.5907
-0.0162
-0.9554
-0.6433
-0.1350
-0.4597
-0.2267
-0.3419
-0.4380
0.3730
0.4740
-0.6424
0.4492
-1.1817
0.6307
-0.2355
1.4543
-0.4454
1.6688
0.9479
-0.3833
-0.1332
0.4193
-1.4123
0.7203
0.9570
0.3884
1.6628
1.7801
-0.6897
-0.6429
-0.4492
-0.8560
0.6324
-0.0666
0.0794
-0.6111
0.1415
0.1193
-0.9874
2.0566
-0.4813
-0.5821
-0.7332
1.4276
-0.4270
-1.5010
1.2264
-0.9668
1.3428
0.7120
-0.3863
-0.3711
1.3099
1.4633
1.4755
-0.4854
0.1733
-1.0004
0.8176
0.3283
1.0839
2.6206
-0.4266
-0.2764
-0.4382
-1.1471
-0.1785
-0.7586
0.5391
0.0321
0.1582
-0.0625
-0.7357
0.1087
0.1103
1.5467
0.6863
0.3737
0.6475
0.1057
-0.5449
0.1124
-1.5055
0.7865
0.8982
0.4504
1.5389
1.5772
-0.6425
-0.2875
0.2797
-1.3418
0.6168
-0.6982
-0.3469
0.2447
-1.7380
-0.6579
0.2631
0.2287
0.2059
0.1248
2.0900
-0.1218
-0.3651
-0.6499
-1.0644
-0.6412
-1.0768
-0.3309
-0.4667
-0.0806
0.8359
-0.3398
0.0672
-0.2086
0.2854
-0.0334
-1.0687
-0.6497
-0.4623
-1.0545
-0.6042
-0.8259
-0.3064
-0.3511
-1.1902
-0.6237
0.2174
-0.1949
0.4635
-0.4051
1.0413
-0.1659
-0.5923
-0.2410
-0.6850
-0.4315
0.4273
-0.4135
-0.0687
0.3082
-1.0530
-0.2263
0.3185
-0.4585
0.8019
1.3433
-0.8940
-0.5726
-0.6105
-0.9140
-0.7519
-0.9707
-0.0606
0.1217
1.6289
0.2465
0.0151
1.3611
0.1428
-0.3524
-0.3091
1.2156
-0.4664
-1.3848
1.9233
-0.0372
1.3626
-0.5526
-0.4633
-0.6201
0.4494
-0.5087
1.9670
0.6084
-1.8026
0.0284
1.4883
1.9708
-1.1740
-1.4792
0.9392
1.0975
0.0884
-0.6746
-1.0548
-0.2729
-0.6380
-0.3979
0.4451
3.7450
-0.5710
0.1726
-0.3198
0.1001
-0.4957
1.5873
2.0950
-0.1815
-0.5226
-0.3887
-0.3476
0.1620
-0.7899
-0.2283
0.4676
-0.3208
-0.7944
-0.4733
1.0486
-1.1967
-0.1909
-1.2992
-0.7200
0.6407
-1.3067
-0.5569
-0.3476
-0.3808
-0.3503
-0.3433
0.8823
-0.2546
-0.4877
-0.1042
-0.3622
-0.5140
-0.7096
-0.3599
-0.2872
-0.0101
-1.2508
-0.4326
-1.7253
-0.5649
1.1786
0.9816
-0.6588
-0.7833
-0.2768
-0.7663
-0.7447
-0.9939
-0.3308
-0.2940
-1.5111
0.9752
1.3557
0.2698
0.3832
0.2940
-0.2077
-0.9515
-1.1148
2.3160
1.1222
-0.2584
-1.0716
-0.9954
0.5110
1.8026
1.1192
-0.8106
-1.7293
-0.8660
-2.4449
0.4757
2.0984
2.0977
-1.0477
-2.0325
-0.7189
1.9790
0.0422
-1.3198
-1.2175
-0.9815
0.7335
0.5549
-0.0672
-0.1787
0.0037
-0.0816
0.2485
-0.4252
-0.2634
0.5434
1.3090
-0.3550
-0.3100
0.2210
-1.5688
0.7720
1.8000
1.1739
0.9926
0.7650
-1.1367
-0.0149
-0.6230
-1.2593
-0.0901
-1.3409
0.0382
0.0677
-1.6006
-1.2463
0.3636
0.7425
0.6940
5.0632
-0.6386
0.9465
0.2249
-0.3076
-0.4304
0.4662
1.2811
0.3272
1.9012
0.0229
-1.7949
-0.1633
-0.3843
-0.5234
-1.2116
-0.3737
-1.3404
-0.2652
-0.4237
-0.7498
-0.2830
-1.9461
0.9450
0.2046
-1.2665
-0.8112
-0.3406
-0.1401
0.0861
0.0443
0.6728
-0.0061
-0.2113
1.0857
-0.2610
1.2637
1.0676
-0.5169
0.2116
-0.2379
-0.8492
0.1071
-0.4755
-0.3939
0.6883
-0.1031
-0.0021
-0.4936
1.4318
-1.0923
-0.2715
-0.6988
-0.3055
-0.0034
-1.0784
-0.9064
-0.4924
-0.1648
0.0917
-0.1328
-0.6373
-0.2146
-0.3629
-0.1033
-0.2158
-0.3869
1.3983
-0.2444
-0.1824
0.2512
-0.6619
0.3083
1.1709
-0.4109
1.3798
-0.5626
-0.6946
-0.6693
-0.6846
-1.2384
-0.8832
-0.9983
-0.3673
0.2719
-1.3293
-0.9813
-0.5201
-0.2203
-0.1856
-0.6385
1.5308
-0.4245
-0.4043
-0.4852
-0.6758
0.8610
1.0821
-0.4488
-0.5143
-0.4793
-0.8805
0.2967
-0.1916
-0.4671
0.3477
-1.0138
-1.0332
-0.8501
-0.7797
-1.0725
-0.6954
-1.3128
-0.4200
-0.2821
-1.3600
0.2468
0.6487
0.2257
0.9331
3.3034
-0.7884
0.7705
-0.3364
-0.4545
-0.2091
1.3331
1.3174
0.3281
1.1628
-0.2654
-1.4299
-0.1882
-0.5917
0.2154
-0.0152
0.0101
-1.2276
-0.3443
0.3300
-0.9778
0.4608
-1.4122
0.1977
0.9796
-1.3912
0.3202
-0.1560
0.4281
0.4901
2.4291
-0.6918
0.7487
-0.0250
0.9797
-0.2991
1.7978
1.2444
-0.1666
0.5878
0.2620
-0.7095
-0.5299
-0.7535
-0.3301
0.0469
-0.5984
-1.1972
-0.4706
1.0974
-1.0158
-0.6839
-0.8077
0.6261
0.5545
-1.4933
-0.0044
-0.4643
-0.2521
-0.3123
-0.3861
0.8541
-0.1516
-0.4541
1.6134
-0.6502
-0.9440
-1.2985
-0.6576
-0.2714
-0.2461
-1.8309
-0.8504
-0.4496
-0.4857
0.2755
2.0150
-0.1225
-0.2256
1.8917
-0.8112
0.4751
-0.8699
0.1126
-0.3430
-1.4114
-0.3176
0.0853
-0.0070
1.0497
3.2169
-0.7417
0.8204
0.2874
-0.1841
-0.1790
2.1000
1.4346
0.2911
0.4635
-0.3105
-1.6088
0.1519
-0.8241
-0.5001
-1.0826
-0.4414
-1.1146
-0.3258
0.7982
-1.0552
-0.5087
-1.5065
0.5127
0.8559
-1.6900
0.3116
0.0585
-0.0688
-0.4461
-0.7420
-0.1704
0.4204
-0.6244
1.9718
-0.6463
-0.7606
0.0305
-0.5036
0.2362
-0.7541
-1.4939
-0.6361
-1.0619
-0.4100
0.1376
3.9227
0.3748
0.1418
1.7893
-0.9448
0.5970
-0.7054
-0.1405
-0.5274
-1.4911
-0.6186
0.1414
0.0438
0.1916
-0.6008
1.6525
-0.4256
-0.2201
0.0979
-0.9549
-0.4686
-0.9389
-0.6707
-0.4614
-0.4159
0.8810
-0.5416
1.6334
-0.4816
0.1704
-1.9725
-0.5735
-0.7703
-0.3792
-1.1083
-1.0222
-0.7398
0.0086
-0.2948
0.5980
2.2889
0.6209
0.2462
-0.6634
1.2504
-1.7968
0.7759
0.1977
-0.9608
-0.7892
0.5920
-1.2928
0.6570
-0.1563
-1.0504
-1.2481
0.1827
2.4400
0.7195
-1.6948
2.2442
0.8774
1.3117
-0.1380
0.5355
0.7152
0.8397
-0.5172
0.8009
0.9394
-0.0544
-0.5853
3.0937
-0.3696
-0.5218
-1.1635
0.4333
0.1472
-0.7339
-0.7317
0.8291
0.7930
-0.2603
0.3026
-0.5188
0.6476
0.9141
1.0036
1.1962
-0.2471
-1.0005
1.3832
0.0797
-0.2692
0.5785
0.5490
-0.8076
-0.5740
-0.8517
-0.9695
-0.6581
-0.0598
-0.1039
0.1713
0.0004
-0.3636
-0.2821
-0.3062
0.3928
0.0839
0.3736
0.8768
-0.5997
-0.0220
0.0466
-0.9324
0.0316
0.0426
-0.0182
0.9605
-0.1857
-0.6965
-0.4874
-0.3343
-0.9574
-0.4650
-0.3939
-0.3535
0.0664
0.9735
0.4678
-0.2760
-0.3219
-0.3588
-0.0743
0.2675
-0.2297
0.8864
1.2217
-0.2499
0.0816
1.4452
-0.4557
0.1308
-0.1510
-1.2606
0.8703
0.6269
-0.2285
-1.7852
1.3158
-0.3794
2.2650
-1.0561
1.4514
-0.7189
-0.8953
0.7100
-0.3178
-1.2700
0.0030
-0.0775
0.2308
0.3859
3.4561
-1.2181
0.8747
-0.3794
-0.2301
-0.4876
1.3131
0.4766
0.1028
1.2791
-0.4256
-1.0447
-0.5063
-0.5719
-0.2677
-0.4845
-0.4599
-0.9363
-0.3382
0.6347
-0.9110
-0.4253
-1.7503
1.2266
1.4544
-0.9111
0.7497
-0.1234
-0.1454
0.4148
2.6974
-1.4928
0.8017
-0.1168
0.1752
-0.3860
1.4602
1.2990
-0.0503
-0.2394
-0.4987
-1.7492
-0.3093
-0.4370
-0.1548
-0.8296
0.0421
-0.8030
-0.3571
1.3653
-1.1401
0.2353
-0.9756
0.5688
1.0751
-1.0562
0.6405
0.6116
0.1546
0.6611
3.0083
-1.5079
1.0210
-0.0189
-0.2435
-0.2212
0.8658
0.5944
0.5573
1.0510
0.3834
-1.4040
-0.6303
-0.7349
0.2039
-0.4537
-0.0796
-1.1003
-0.4448
0.4571
-0.7828
0.3830
-1.5119
0.8503
0.9033
0.4125
-0.4586
-0.6151
-0.3233
-0.4588
-0.8765
0.9262
-0.5317
3.3118
-1.0333
-1.0179
3.1652
-0.1583
-0.6816
2.4084
0.1099
-2.2540
-1.5255
-0.8482
-1.4767
-3.0139
-0.2162
-1.0711
0.4984
-1.0832
0.0945
-1.6980
-2.0482
1.6846
-0.3245
-0.9834
-0.6169
-0.3925
-0.2706
0.5421
-0.0711
0.2113
-0.4335
-0.2093
-0.0950
-0.1052
0.9572
0.2789
-0.5902
0.0251
0.2361
-0.1114
-0.2885
-0.9987
-0.1756
0.3799
-0.6459
-0.7789
-0.6740
-0.1153
-0.9038
-0.8207
-0.3312
-0.2253
-0.0296
-1.2665
-0.3368
-0.2994
0.1221
0.4421
-0.5596
1.2099
-0.2740
-0.4537
-0.8036
-0.7973
-0.2394
-0.7419
-0.5298
-0.3696
-0.4561
0.5978
-0.4171
-0.0897
-0.4223
-0.0214
-0.9636
-1.0433
-0.5300
-0.3264
-1.1567
-0.8797
-1.0617
-0.3246
0.0245
-1.3935
0.9065
0.1959
0.3095
0.1902
3.6390
-1.6524
0.1332
-0.2361
0.5184
0.0677
0.7895
-0.1834
-0.1414
0.7793
0.0332
-1.8537
-0.9923
-0.3676
-0.2404
-2.2547
-0.1523
-0.8670
-0.1717
2.1696
-0.7500
-0.2352
-1.1588
0.5765
-0.0975
-1.2561
-0.2826
-0.8012
1.1296
0.1348
-0.9852
0.9824
0.4438
-0.0063
2.1321
-0.3753
0.6903
0.6216
-0.7149
0.4759
0.3146
0.4891
-0.2849
-1.0833
-0.0717
-1.9841
-0.9192
1.5378
-0.4065
0.8072
-1.1678
-0.8674
0.2173
0.2776
-0.6146
3.0231
-0.1793
-0.6471
-0.3890
-0.5258
-0.4488
-1.0042
0.1786
-0.7386
-0.6790
-0.7763
-0.7636
0.2869
-0.6609
0.1432
-0.3623
-1.6469
-0.1650
-1.1221
-0.8118
-1.4111
-0.6556
0.0098
1.0964
-0.5445
0.1130
-0.2482
-0.8745
-0.1889
-0.7423
1.9890
0.0871
-0.8035
-0.4468
-0.5456
-0.3798
-0.2131
-0.1764
-0.5161
1.5785
-0.8400
-0.6853
-0.8630
-0.7230
0.5839
-0.6881
-1.2158
-0.7104
-1.5063
-0.6499
-0.5431
-0.9153
-0.2694
0.6920
1.5024
0.1201
0.3898
-0.8590
-0.2423
-0.6802
-1.0127
-0.5173
-0.5232
-0.1657
-0.0975
-0.4920
0.9484
-0.1858
-0.5290
-0.6909
-0.6270
-0.2900
-0.0986
-0.3306
-0.3484
-0.3459
-1.5592
-0.5343
-0.3201
-0.3746
-0.2034
0.6844
-0.5070
-0.4483
-0.3776
-0.9543
-0.7145
-0.4206
-0.3279
-0.3387
-1.2572
-0.5218
0.1456
-0.2742
-0.1642
-0.2923
0.9705
-0.2804
0.0178
-0.5760
-0.6891
-0.5930
-0.7428
-0.4687
-0.2810
-0.2657
0.0365
-0.5206
-0.4233
-0.5718
-0.4211
-0.8697
-0.2233
-0.4851
-0.6083
-1.0100
0.3248
-0.0257
0.1093
-0.2290
-1.0453
-0.6154
-0.5501
-0.3233
-0.3798
-0.5963
-0.5082
-0.3615
-0.3311
-0.6485
-0.5290
-0.0591
0.7476
-0.5321
-0.4788
-0.3820
-0.6732
-0.5995
-0.4127
-0.3561
0.0082
-0.6195
-0.7959
-0.4902
-0.2339
-1.0321
-0.7313
-1.0927
-0.1953
-0.2336
-1.2041
-0.3561
-0.7431
-0.3654
-0.4259
-0.4669
1.1367
-0.2331
-0.5610
1.3809
-0.7596
-0.4519
-0.6726
-0.5046
-0.0529
-0.1880
-1.1150
-0.6332
-1.0197
-0.3992
-1.0378
0.0062
-0.4356
-0.4812
0.9851
-0.9133
0.5007
-0.7524
-0.1072
-0.4541
-0.8820
-0.7097
-0.7128
-0.2051
-0.1247
-0.2479
-0.1473
-0.3381
-0.5326
-0.3791
-0.6720
-0.5974
0.0870
-0.5251
-0.6568
-0.1886
-0.3982
-0.5267
-0.6497
-0.3547
-0.1168
-0.4236
-0.7517
-0.5930
-0.4107
-0.9099
-0.8989
-0.9563
-0.1040
-0.5002
-1.0801
-0.5406
-0.2935
-0.4595
-0.4201
-0.4902
-0.6027
-0.1577
-0.4003
-0.5241
-0.8407
0.2560
0.3047
-0.4993
-0.5389
-0.2314
-1.4877
-0.4403
-0.7995
-0.6441
0.1290
0.5694
-0.7509
-0.5601
-0.5948
-0.8565
-0.6254
-0.8263
-0.4488
-0.3820
-0.9609
-0.8817
-0.3451
-0.3198
-0.1445
-0.3684
0.0430
-0.3121
-0.4207
-0.5862
-0.6946
-0.4877
-0.6923
-0.3667
-0.6037
-0.2023
-0.6486
-0.6164
0.1274
-0.4895
-0.1785
-1.0543
-0.7152
-0.6160
-0.4809
-0.8822
-0.5829
-1.0396
-0.4666
-0.3990
0.6787
-0.4255
-0.1549
-0.1659
0.9831
-0.5061
0.0459
0.0977
1.5296
-0.0617
-0.6625
-0.4577
0.9371
-0.7036
0.2013
0.9795
-1.5637
-0.8639
-0.3105
-0.2967
-2.2001
-0.3359
0.1386
1.6112
-0.4363
-0.6587
-0.6298
0.1137
0.9275
0.4272
-0.9989
-0.4868
-0.1697
0.4153
-0.3019
-0.3644
-0.9677
-0.3608
0.1683
1.3617
1.4430
-0.3365
-0.2863
-0.3198
-0.2442
0.7790
-1.3294
-0.6842
-0.6900
-0.2649
-0.8669
-0.0147
0.3470
0.0655
0.2006
-0.8211
-0.0868
0.0036
-0.3435
-0.0629
-1.0492
-0.6416
-0.5011
-0.4459
-0.3384
-0.3657
-0.6276
-0.3648
-0.4758
-0.5761
-0.5805
-0.4995
-0.0124
-0.2903
-0.5137
-0.3969
-1.0450
-0.5274
-0.6271
-0.4310
-0.2716
-0.5069
-0.6667
-0.6684
-0.4394
-0.9259
-0.6477
-0.9200
-0.3168
-0.5112
-1.0298
-0.4916
-0.3954
-0.4116
-0.0574
-0.3102
-0.5857
-0.2368
-0.3108
-0.7114
-0.5646
-0.3465
-0.1601
-0.3268
-0.3580
-0.4298
-0.8875
-0.7078
-0.5035
-0.4924
-0.7442
-0.6829
-0.7051
-0.6212
-0.2573
-1.0257
-0.5677
-0.9188
-0.2994
-0.3980
-0.8706
-0.1821
0.1505
-0.0134
-0.3415
-0.2215
-1.5272
0.2324
-0.3011
0.3649
-0.0162
-0.0490
-0.5030
-0.2231
0.5858
-0.3427
-1.3973
-0.8167
-0.6933
-0.2228
-1.8641
-0.4917
-0.1534
-0.1090
-0.3935
-0.8399
0.9389
1.0584
-0.3249
-0.3879
-0.8678
-0.4650
-0.4752
-0.3478
-0.3067
-0.5647
-0.4461
-0.2156
-0.5276
-0.7229
-0.5424
-0.4520
-0.8440
-0.3926
-0.5051
-0.3589
-1.4925
-0.7423
-1.0356
-0.3423
-0.7660
0.9907
-0.7767
-0.4858
-0.5146
-0.9090
-0.7367
-0.7723
-0.4191
-0.4620
-0.9773
-0.5172
-0.6640
-0.3231
0.0284
0.7290
-1.4729
-0.0388
-0.3075
-0.2126
-0.3238
0.5807
-0.6680
-0.5393
0.3239
0.2083
-1.3675
-0.7581
-0.5892
-0.4907
-2.0800
-0.2852
-0.5201
-0.5872
-0.0796
-0.7447
-0.7323
-0.5062
-0.3065
-0.0243
-1.1284
-0.3495
0.9073
-0.4163
-0.3421
-0.3839
-0.5823
-0.1422
-0.5185
-0.6715
-0.3297
-0.5105
-0.4590
-0.3612
0.4433
-0.3140
0.0673
-0.8298
-1.0656
-0.4651
-2.2107
0.1124
-0.4476
-0.3165
-0.4601
-0.8156
-0.5795
-0.1605
-0.3994
-0.0246
-0.7724
-0.5143
-0.3031
-0.3005
0.0943
-0.2280
-1.5343
-0.2448
-0.3315
-0.2130
-0.2070
-0.0344
-0.7895
-0.5885
-0.2359
0.0595
-1.4531
-0.6518
-0.4975
-0.2857
-1.3072
-0.5413
-0.6282
-0.4492
-0.2447
-0.7133
-0.6078
-0.4647
-0.1184
0.1310
-0.8768
-0.6530
-0.4405
-0.5904
0.5098
-0.2359
-1.3782
-0.0237
-0.3744
-0.5876
-0.7339
-0.6041
-0.4669
-0.3785
-0.2691
0.2312
-1.1673
-0.7723
-1.0989
-0.2756
-2.0797
-0.5444
-0.3951
-0.5088
0.2440
-0.6047
-0.7374
-0.2226
-0.2831
0.2965
-0.9593
0.2211
-0.4923
-0.3335
-0.4245
-0.3052
-1.5168
-0.3812
-0.3835
-0.5648
-0.4074
-0.3905
-0.7142
-0.4752
-0.3086
-0.2921
-1.1939
-0.6231
-0.9162
-0.6049
-2.0223
-0.5488
-0.6355
-0.5636
-0.6370
-0.9339
-0.1137
-0.0484
-0.4228
-0.4004
-0.8858
-0.4655
-0.6585
-0.2904
-0.1619
-0.4266
-1.1844
-0.3379
-0.3938
-0.7612
-0.4436
-0.4911
-0.6679
-0.2650
-0.4108
-0.2269
-1.1596
-0.6894
-1.0384
-0.4067
-1.4919
-0.4729
-0.7057
-0.3824
-0.4331
-0.9624
-0.7320
-0.8176
-0.5652
-0.3789
-0.9070
-0.6207
0.2990
-0.0104
-0.2795
-0.5059
-1.3111
-0.3934
-0.2233
-0.3783
-0.0204
-0.2228
-0.6447
-0.5079
-0.4270
-0.5665
-1.3824
-0.8450
-0.8036
-0.2545
-2.0036
-0.5010
-0.4733
-0.2077
-0.6089
-0.9781
0.1255
-0.1893
0.1784
-0.4333
-0.4861
-0.5763
-0.4055
-0.3481
-0.2082
-0.3202
-1.4500
-0.2960
-0.3359
-0.4797
-0.6157
-0.4022
-0.6884
-0.5510
-0.5499
-0.1782
-1.1545
-0.0240
-0.8623
-0.4121
-2.1019
-0.4392
-0.5558
-0.5832
-0.4171
-0.2097
-0.6379
-0.9174
-0.4078
-0.3703
-0.9266
-0.6469
-0.4350
-0.4080
-0.4505
-0.4151
-1.1008
-0.4592
-0.2587
0.0577
-0.6072
-0.4495
-0.6373
-0.5359
-0.4796
-0.2983
-1.0332
-0.5906
-0.9541
-0.3064
-2.1318
-0.4903
0.0456
-0.3987
-0.2296
-0.8479
-0.4235
-0.7317
-0.1701
-0.3782
-0.8771
-0.0675
-0.3810
-0.4275
-0.4723
-0.4167
-1.4661
-0.3045
-0.3495
-0.6578
-0.4192
-0.3325
-0.5907
-0.3235
-0.2730
-0.3087
-1.4153
-0.3284
-0.5971
-0.1394
-2.0477
-0.3339
-0.5701
-0.6268
-0.3376
-0.0687
-0.7352
-0.7514
-0.2805
-0.3836
-0.2213
-0.3363
-0.4982
-0.4469
-0.3693
-0.6220
-1.1404
-0.2730
-0.4293
-0.6338
-0.4701
-0.3402
-0.4222
-0.6201
-0.3559
-0.1947
-1.1463
-0.6896
-0.7319
-0.4944
-2.1432
-0.5812
-0.6204
-0.1804
-0.5556
-0.9526
-0.7101
-0.8318
-0.3824
-0.2887
-0.8752
-0.5813
-0.5222
-0.4052
-0.2592
-0.4716
-0.9345
-0.4691
-0.5121
-0.6984
-0.4972
-0.3108
-0.6684
-0.3807
-0.4578
-0.2542
-1.4204
-0.7084
-1.0070
-0.4759
-1.5277
-0.1446
-0.7010
-0.6010
-0.4692
-0.8513
-0.5579
-0.8332
-0.1846
-0.4890
-0.7973
-0.4952
-0.4641
-0.1672
-0.2856
-0.4565
-1.2391
-0.2348
-0.4504
0.0261
-0.5204
-0.4919
-0.6794
-0.4188
0.0037
-0.2304
-0.9986
-0.5726
-0.9066
-0.3655
-2.1358
-0.5463
-0.5266
-0.6677
-0.3096
-0.9266
-0.5907
-0.4341
-0.0385
-0.1867
-0.0593
0.1344
0.1204
-0.0255
0.0690
-0.0267
0.1465
0.1101
0.0693
0.1212
0.1104
0.0067
0.0743
-0.0840
0.0878
-0.0875
-0.0077
0.0921
0.0454
-0.0046
0.0880
-0.1310
0.0626
-0.1419
-0.1899
0.0070
-0.0524
0.1838
0.0379
0.0468

Direct connections:
