version: 10
file format: 0

training data file: /tmp/train-lm-from-UD-corpus.sh.UHKWuqfwo.train
validation data file: /tmp/train-lm-from-UD-corpus.sh.UHKWuqfwo.valid

last probability of validation data: -26752.138696
number of finished iterations: 6
current position in training data: 0
current probability of training data: -26698.332052
save after processing # words: 0
# of training words: 110939
input layer size: 125
hidden layer size: 30
compression layer size: 0
output layer size: 96
direct connections: 0
direct order: 3
bptt: 0
bptt block: 10
vocabulary size: 95
class size: 1
old classes: 0
independent sentences mode: 0
starting learning rate: 0.100000
current learning rate: 0.025000
learning rate decrease: 1


Vocabulary:
     0	         0	</s>	0
     1	     17845	32	0
     2	     10890	101	0
     3	      7735	116	0
     4	      7148	97	0
     5	      6736	105	0
     6	      6732	111	0
     7	      6475	110	0
     8	      5815	115	0
     9	      5691	114	0
    10	      3830	104	0
    11	      3675	108	0
    12	      3138	100	0
    13	      3078	99	0
    14	      2454	117	0
    15	      2177	109	0
    16	      1937	102	0
    17	      1847	112	0
    18	      1594	103	0
    19	      1357	121	0
    20	      1305	119	0
    21	      1130	98	0
    22	       996	44	0
    23	       980	118	0
    24	       827	46	0
    25	       536	107	0
    26	       262	84	0
    27	       252	73	0
    28	       226	45	0
    29	       212	39	0
    30	       204	67	0
    31	       204	66	0
    32	       182	69	0
    33	       180	83	0
    34	       176	80	0
    35	       170	120	0
    36	       162	122	0
    37	       162	34	0
    38	       160	65	0
    39	       145	77	0
    40	       134	49	0
    41	       133	48	0
    42	       124	70	0
    43	       111	113	0
    44	       102	68	0
    45	        97	82	0
    46	        96	76	0
    47	        95	85	0
    48	        92	72	0
    49	        90	87	0
    50	        89	50	0
    51	        86	8211	0
    52	        72	57	0
    53	        72	79	0
    54	        70	106	0
    55	        70	41	0
    56	        68	56	0
    57	        68	40	0
    58	        64	71	0
    59	        62	78	0
    60	        47	51	0
    61	        41	75	0
    62	        39	52	0
    63	        39	53	0
    64	        36	74	0
    65	        32	55	0
    66	        31	86	0
    67	        30	58	0
    68	        26	54	0
    69	        25	37	0
    70	        24	233	0
    71	        23	89	0
    72	        22	59	0
    73	        16	47	0
    74	        12	63	0
    75	        12	232	0
    76	         8	36	0
    77	         6	81	0
    78	         6	231	0
    79	         5	93	0
    80	         5	91	0
    81	         5	90	0
    82	         4	201	0
    83	         4	88	0
    84	         3	183	0
    85	         3	243	0
    86	         3	244	0
    87	         3	8217	0
    88	         2	38	0
    89	         2	339	0
    90	         1	228	0
    91	         1	226	0
    92	         1	238	0
    93	         1	235	0
    94	         1	33	0

Hidden layer activation:
0.0078
0.0000
0.0459
0.0027
0.0000
0.0040
0.0008
0.0034
0.0001
0.0003
0.0002
0.9853
0.0021
0.0000
0.0146
0.0000
0.0962
0.0000
0.0000
0.0024
0.0088
0.1685
0.0002
0.0016
0.0054
0.0061
0.0114
0.0003
0.0006
0.0000

Weights 0->1:
-0.0867
-3.2119
1.6060
-0.8002
-4.8839
7.9561
-0.5008
-1.8148
-3.3353
-2.3687
-0.1054
-2.0270
-0.0589
-2.2077
2.2163
-3.0533
-2.3003
-0.0293
2.4939
0.6788
0.1277
-0.5179
-0.3274
-0.6233
-0.7050
0.2262
-0.9881
-1.1935
0.7559
0.6777
-0.5139
-0.4091
-1.6447
-0.3469
-0.4056
-1.0820
2.2187
-1.4295
-0.5391
-0.2987
-1.4238
-1.1825
-0.8234
-1.7965
-1.2388
-0.6502
-0.5368
-1.1039
-0.2938
-0.5331
-1.1641
-0.3516
-1.0718
-0.4508
0.2630
-0.7023
-0.8218
-0.8154
-0.3965
-0.2215
-0.7003
-0.5947
-0.5741
-0.3687
-0.4611
-0.4006
-0.7155
0.0531
-0.5100
-0.1616
1.0028
0.3466
-0.2453
-0.4777
-0.0572
0.9331
-0.3257
-0.3185
-0.0674
-0.0753
-0.2412
-0.0139
0.0074
-0.0703
-0.0635
0.2134
0.2421
0.1622
-0.1892
-0.0258
-0.1491
0.0230
-0.0115
-0.0542
-0.0386
-2.1475
-1.4042
-0.8933
0.3320
1.2055
-0.0764
1.0406
1.1011
-1.8497
-1.8320
-1.7790
-1.9074
-1.0475
0.0528
-0.3686
1.4375
-1.2588
0.2359
-0.5760
-2.1627
-0.6416
0.7768
-0.1506
-3.5888
0.6412
0.2658
0.0946
0.2175
-0.3991
-2.3329
-0.0850
-1.3049
0.1628
1.3185
-2.5218
-0.2909
-3.2215
2.3699
-3.9052
-2.0031
1.1484
0.4825
-0.9645
-0.3131
-1.4148
-0.8351
0.1380
0.9381
-1.7082
-1.0795
0.3100
-0.1470
0.2068
-2.0543
0.0115
-1.1239
-0.1014
-0.7475
-0.6508
0.2879
-0.2324
1.1130
-0.0943
-0.8627
-0.0719
0.0556
-0.0339
-0.2975
0.4417
0.2644
-0.5831
-0.1505
0.0279
-0.1591
0.0340
-0.2951
0.4999
0.8645
0.0414
0.3958
-0.2737
0.4780
-0.7516
-0.0110
-0.5676
-0.0222
-0.7160
-0.1845
-0.4352
-0.0662
-0.1385
-0.3266
-0.1759
-0.1142
0.2422
-0.2552
0.0899
0.2813
-0.4456
0.2586
-0.2292
0.2685
0.2433
-0.1040
0.1624
-0.4268
-0.0476
-0.0534
-0.3155
0.0149
-0.2084
-0.0335
-0.0586
-0.1789
0.0313
0.1839
0.0250
0.1278
-0.0779
0.1927
0.0271
-0.0348
0.1362
-0.1712
-0.0978
1.4303
0.2971
-1.1576
-4.0114
0.5315
-2.7750
-2.3346
-2.1463
-3.8785
0.3789
-0.7074
-4.2194
-2.8613
-2.4922
0.6774
1.3164
-0.9038
1.8595
-1.4580
-3.2509
-0.1735
0.7170
-0.8356
-0.1947
-0.7257
-2.2028
2.5504
1.3532
-2.5795
2.5569
0.0138
-2.6965
-2.5399
-4.5385
6.9432
0.3716
3.5559
0.0476
-3.7685
1.7111
-1.4384
-2.2571
0.6311
-0.0863
6.6225
-0.7469
-1.4686
0.6788
-0.6586
-2.3871
-2.4736
3.0254
-1.6586
-0.2166
-1.7892
-0.7672
-0.9731
-1.3792
0.6778
-0.1735
-1.1054
-1.4425
-2.0118
-1.5347
-1.8248
-0.0006
-1.3583
-1.8423
-0.5225
-1.2412
-1.5353
-1.9584
-0.1841
0.2084
-1.0828
-1.1849
-0.8811
-1.0647
-0.2533
-0.7992
-1.2518
-0.3342
-1.8336
0.1926
-0.6715
-1.2499
-1.9534
-0.5231
-0.1513
-1.5769
-1.3040
-0.3192
-1.1552
-1.5805
-0.1675
-1.2692
0.1887
-0.5193
-0.8263
-0.6359
0.6528
-0.6570
-0.3844
-0.4248
-0.4267
1.1095
-0.2986
-0.0161
-0.0031
-0.2159
0.0232
-0.2088
0.0302
-0.3307
-0.1577
-0.1711
0.2063
-0.1352
-0.2190
-0.0621
0.1912
-0.0348
0.1970
0.2254
-0.0862
-2.3801
0.8174
0.0648
-1.1001
-1.0212
-3.2342
-0.5300
-0.6758
-4.4886
-3.9378
1.0171
-2.1059
0.4398
2.5639
2.8708
0.1167
-1.7968
-3.1239
-0.5942
0.4061
-0.2092
-1.5291
1.1023
0.6368
-0.9476
-0.0968
-0.3069
0.6902
0.0728
0.9192
-0.0668
-3.6033
-0.0242
3.9542
-1.4675
-3.2038
0.2170
0.3409
-3.3224
-2.5570
-3.1941
-0.8216
1.6836
-2.3618
-1.6144
0.3201
-0.2670
-3.1077
5.3623
-2.1404
2.9552
-2.9957
-0.0385
0.8266
-0.4794
2.4890
1.8032
-1.0455
-2.2717
-0.5469
-0.9930
-0.1011
-0.7435
0.0625
0.2105
-0.3366
0.8685
-1.1309
-1.2197
-0.1878
-0.9547
-0.2657
-0.3274
2.1636
0.2770
-0.0079
-0.0854
-0.8095
0.1939
1.1589
-0.4751
0.1074
-0.5585
-0.5055
1.0507
-0.5009
-0.6591
-0.9643
0.1765
-0.7470
-0.3088
0.2207
-0.4077
-0.0971
0.0071
-0.2732
0.2360
-0.2303
-0.4586
-0.0623
-0.3093
-0.1256
-0.1383
-0.3431
-0.1758
0.2054
-0.3847
-0.0644
-0.0956
-0.1481
-0.2174
-0.1521
-0.2210
-0.1198
-0.0006
-0.1185
-0.8624
-0.1743
0.0392
-0.0620
-0.1272
-0.0031
-0.0625
-0.1709
0.1056
1.5134
0.3668
-0.3205
-2.0404
0.6188
1.1420
-1.9730
1.0500
-1.3281
-3.5825
-2.1248
-2.2014
-2.3253
-2.6478
0.4156
-2.3645
-1.2406
1.3366
0.3128
-2.0709
1.1296
-0.3126
-3.3369
-2.6001
1.9744
-3.0527
1.2867
0.1175
0.1565
1.1682
0.1043
-1.3435
2.7163
1.6176
-1.4996
-1.0294
3.0709
-2.2265
-1.5794
-1.5080
-0.0969
-2.1013
-2.6118
-1.4801
1.0970
3.3211
-1.6624
-0.4338
3.2216
-1.8550
-0.3219
-0.8390
-0.1477
0.8877
-0.2222
-0.2640
0.7348
1.4435
-2.0109
0.0605
0.1050
-0.3521
0.3160
-0.2733
-0.9760
-0.0478
-1.3574
0.7333
-0.7448
-0.5002
-1.2437
-0.0128
-0.0948
0.7950
-0.8521
-1.1288
-0.1250
1.4873
-0.6451
0.6273
-0.3390
-1.0484
-0.0661
0.9329
0.6205
-0.1245
0.0192
-0.0081
-1.2182
-0.7608
-0.1324
-0.0974
-0.2777
0.0314
0.3486
0.0360
0.1116
-0.2525
-0.2615
-0.0763
0.1490
-0.1305
-0.0920
-0.1237
-0.0511
-0.0992
0.2412
0.1169
-0.1169
-0.1904
0.2165
0.0395
-0.0997
0.1488
-0.3569
0.2432
0.1447
0.1817
0.1374
0.2145
-0.1033
0.0074
-0.0704
-0.0502
-0.1332
0.9559
-1.8644
-2.2817
-1.4667
-0.7770
0.3620
0.1931
-2.2198
-3.0883
-2.2263
-2.4813
0.2136
-3.0212
-3.0059
-1.0114
-2.3942
-0.7895
-1.9944
0.8756
-1.7026
-2.4223
1.2015
0.9362
0.2247
1.3676
-1.0435
0.9786
-0.5978
-1.3386
-2.1161
-0.1724
-5.3029
1.6280
-0.8556
-4.3974
-4.9901
-1.1584
-1.7045
-0.4677
-3.9923
1.5101
-3.0453
0.6596
-1.5712
1.5794
-2.2969
-2.3215
-2.5739
-0.5393
0.8887
-2.0722
-1.6729
2.8047
-0.9458
2.8066
0.5120
0.3749
-1.0467
-3.5814
0.1587
-0.0039
-0.0887
0.2816
-0.8215
0.8907
-0.3523
-2.2369
2.3102
-1.1334
-0.3773
-1.0138
0.2905
2.1108
-0.8047
1.0215
0.8534
0.1853
-1.0123
-0.0220
-0.2524
0.4875
0.4924
-0.5318
-0.7345
-0.4658
1.6681
0.4559
-0.2894
0.1841
0.4300
0.0851
0.9397
-0.4709
0.2694
-0.2930
-0.1855
-0.3339
1.8069
0.0049
1.3982
-0.2393
0.7294
1.5981
-0.6377
1.0914
0.5148
0.0237
0.0106
-0.6931
0.4544
-0.0475
0.1133
-0.0627
0.0419
0.5993
-0.0290
0.2097
0.3317
-0.1206
0.0082
-0.0374
-0.0490
0.0466
0.0574
0.0746
-0.4601
0.5845
-1.9802
0.5226
0.7049
3.8021
-0.0300
-0.4479
1.6900
0.3917
-1.6018
-2.5824
-0.9968
-2.9604
-0.5753
-2.0330
-1.1169
-4.2164
0.8648
-2.9029
1.2722
1.0533
-5.1729
-3.7006
-1.7714
1.9799
0.4934
2.1763
-2.8650
2.6692
-0.0484
3.0904
0.6255
-1.2216
-2.8277
-1.6816
3.0128
-1.6166
3.6304
-2.4150
-2.2039
0.3278
-2.1893
-2.8438
0.3290
-2.6237
1.2981
-1.6060
2.0208
1.1862
-1.9433
-1.1739
-0.8941
0.6920
-0.8081
-0.4091
-0.3638
-0.7665
-1.7477
-0.4454
-0.8681
-0.8144
-0.0432
-0.1441
-0.6910
-0.5417
-0.2141
-1.6307
-0.4025
-0.9519
-0.8180
-0.3743
0.2178
-0.0521
-0.5359
-0.4020
-0.5190
1.4652
-0.0123
-1.1151
-0.8151
-1.1292
-0.4063
0.2843
0.5709
-0.2314
-0.5478
-1.1193
-0.3184
-0.7841
-0.5646
0.0619
-0.5071
-0.1627
0.3481
-0.4029
0.3561
-0.3595
-0.5819
-0.1511
0.2384
-0.2675
-0.3145
0.0945
-0.1125
0.2226
-0.3991
0.0486
0.1291
-0.2406
-0.2263
0.0190
0.0768
0.0014
-0.5590
-0.0038
-0.0026
-0.0340
0.2341
0.0631
0.1450
0.1396
0.0038
-0.0355
0.1186
0.1007
-0.1481
1.8518
0.1518
-3.2215
-1.1151
-0.1601
-4.2147
-2.9183
-1.9082
0.5980
-0.2078
-0.2843
-1.8414
-3.3164
-0.5466
-0.6789
1.9246
1.9166
-0.3944
-2.1967
-0.6574
-6.3294
2.5517
-1.0368
1.3866
0.2859
2.1903
-0.8776
-0.0914
-0.2245
-6.5799
-4.2293
3.6672
-2.9580
-3.8810
0.6523
-0.3582
2.1133
-0.8761
1.0570
-2.7816
2.0261
-3.2192
-3.8115
2.8242
-0.6167
3.2076
1.5146
3.6095
-2.2088
2.7127
-0.0782
0.6753
-0.1035
1.2833
-1.3248
-2.6158
-3.3571
1.5431
-1.3356
-0.4062
-2.5758
0.9249
0.2859
-1.8574
-1.1857
-0.8447
-1.8933
-1.9647
-1.9406
-2.0262
0.2835
2.4982
-1.4883
0.1928
-0.2567
-2.1389
0.5009
-0.2114
-1.0806
0.9318
-2.0412
-1.9455
2.1264
0.7769
-1.4144
-1.1357
-0.8429
-1.1251
-1.0458
0.6708
-0.7785
-1.0104
0.5340
-1.1646
-0.3503
1.1194
-1.1615
0.8487
-1.5541
0.8444
0.9886
-1.7423
0.6043
-0.6800
-0.4530
-0.3490
0.2561
0.2500
-0.4582
0.1004
-0.1616
-0.7083
0.3836
0.1472
-0.6384
0.3411
-0.6314
-0.0939
0.1307
-0.3405
-0.1088
-0.0805
-0.0357
-1.3541
1.0888
-1.7196
0.7392
-0.1383
-0.3407
0.3638
0.2362
-1.2229
-0.0696
-0.3990
-1.3614
1.2906
-1.1904
2.1458
1.8647
-1.4559
1.5330
-2.6441
0.3491
-0.7087
0.0821
1.9456
0.6833
-0.9354
-1.6254
-0.5135
2.2533
2.6694
-2.3316
-0.1296
-2.8646
0.1049
0.2796
-2.3393
-2.3760
-2.6772
0.9187
-1.0966
-3.6655
-2.9020
-3.7484
-1.7791
2.2276
-0.7442
-3.3283
0.1390
-2.5399
2.0608
-0.0984
-1.4549
-1.1029
0.3313
-0.4554
0.3903
1.4063
2.4746
-0.3596
0.0386
0.0592
1.1372
1.6810
-0.0815
-0.6218
2.5762
0.6520
0.9510
-0.8686
-0.8746
0.6679
0.0191
0.9933
0.6451
-0.9118
0.0153
-0.0036
-0.0376
0.3234
-0.5566
1.5275
1.7325
0.3253
-0.4053
1.1681
-0.4855
0.4580
1.0625
0.0503
0.6159
-0.5243
0.9899
-0.2505
0.7655
0.3571
-0.2510
0.1261
-0.3975
0.3878
0.1364
0.2820
-0.9886
0.8068
0.1232
0.2774
0.3305
0.2514
0.4741
-0.1845
-0.6505
0.0197
0.1744
-0.0632
-0.3888
-0.2140
0.0826
-0.1523
-0.0290
0.1943
0.0611
-0.1152
-0.1048
0.0399
0.0384
-0.0019
0.1715
-2.0181
-1.8550
0.2490
1.3730
1.8474
-2.0539
-1.4135
-1.9109
-1.1935
-0.1896
4.0602
-2.1614
-0.3530
-1.2943
-0.5591
-2.4114
-0.0339
-1.8845
1.9235
-1.9501
-1.3430
1.0437
2.8793
2.5947
0.2687
0.6206
-0.5054
-2.2524
1.0306
-1.9234
-0.1209
-2.5553
0.1511
-2.3525
-2.6760
-1.1051
-1.1723
5.6299
-0.4080
3.2779
1.4646
-2.9497
0.4373
-1.7426
0.9269
-2.4806
-0.0218
-3.8042
-0.9366
2.5314
2.1579
-3.4052
1.8906
-0.1967
1.0043
-0.0432
-0.9181
-0.6575
-1.1389
-0.8265
-0.7401
-0.5879
-1.0189
1.4038
-0.0868
-0.5795
-1.8131
-0.5921
-1.0829
-0.7080
-0.6670
-0.6178
-0.5804
-2.2763
-0.3135
-0.0967
0.1664
0.7485
0.0039
1.1812
-0.3690
1.1128
-0.6882
-1.0077
-0.4559
0.7879
-0.8725
-0.4117
-0.6850
-0.2592
-0.2998
0.4243
0.0222
-0.2258
-0.4559
-0.5154
-0.0275
1.2141
-0.2265
0.5527
0.4302
0.3770
0.6721
-0.4825
0.3464
-0.3698
-0.4353
-0.4731
-0.1864
0.0618
-0.0550
0.0457
0.2112
-0.1766
0.3534
-0.0819
0.0367
0.0608
-0.0919
-0.0857
0.0044
0.1370
0.0606
-0.3489
0.0435
-0.8783
2.5574
1.4775
1.5956
0.2269
-1.4125
-0.8130
-2.8677
-2.0653
-1.1830
-1.4608
-2.2903
-2.0194
1.1604
-1.0672
-3.2059
0.0831
1.7027
0.4332
-0.3824
-0.5953
2.4015
0.7458
2.0918
-1.0130
-4.0412
0.3905
0.5553
-0.2961
0.2141
-0.0198
-2.1057
-1.1125
1.1494
-1.5596
-2.0541
-1.6278
-2.0981
-3.4757
-2.2951
-0.4989
-2.7760
-1.1737
-2.6712
-2.2494
-2.5104
-2.3050
-2.5400
-2.1275
-0.7868
-0.9751
-0.5449
1.9647
-0.2876
1.3006
0.0477
0.5288
2.0089
1.6683
0.3809
0.7167
-2.0256
-0.6062
-0.7221
-1.1154
-1.1238
-0.0202
-0.6267
-0.5879
-1.6511
3.7100
3.0105
0.0749
-0.4080
0.4459
-0.0250
-0.5388
1.8591
-0.0847
-0.0815
3.6345
1.7674
2.3167
-0.4098
-0.3017
0.0154
1.5965
0.8429
0.5022
0.6630
2.0573
0.5623
1.5917
1.4436
-1.3072
1.8439
-0.2698
0.4512
1.9604
0.1973
0.2704
0.3330
0.4622
0.1812
0.3019
-0.0540
1.2690
-0.0065
-0.1145
0.3620
0.7348
0.4872
0.0437
0.1863
0.7861
-0.1292
-0.1745
-0.0748
0.3941
-0.0423
-0.1089
0.1026
0.1067
0.1517
0.1719
-0.1061
-0.5315
-0.5562
-2.3958
-1.6037
-2.1539
-1.7583
0.5798
-0.4652
-0.7872
0.5100
0.4492
-1.8082
-2.1284
0.2296
-1.4307
-1.0201
-1.1188
0.9793
-3.2475
-2.6094
-2.1223
-1.3782
1.6841
-0.3699
-2.8810
0.6215
0.9723
-2.6753
4.9683
-0.0741
5.1910
-0.4307
0.5866
-3.6547
-3.6125
-1.3216
-0.0672
0.4845
-1.6269
-0.4329
-2.7205
-2.3184
-2.1418
1.6046
-0.9453
-1.6698
-0.2357
-2.3141
-1.1233
-0.5191
-1.8769
-0.9297
1.3875
-1.6676
1.6544
1.1858
1.6148
1.0873
3.2373
0.2972
1.2808
-0.0358
-0.0554
-0.0002
1.1266
2.4047
1.8350
0.5180
1.5004
-2.5139
-2.6972
-0.7897
-1.4308
-0.2946
-0.9368
0.7398
-1.6794
-0.1892
0.7112
-2.0944
-0.2872
-2.1679
0.3640
-0.9074
-1.2286
-1.6952
1.4970
0.6154
0.0249
-1.5597
-0.0934
-1.3626
-1.6022
-0.1999
-1.6386
0.7723
-0.6889
-1.2804
-0.3000
-0.0903
-0.5045
-0.6161
0.1327
-0.5143
0.2637
-0.6523
-0.1286
0.2579
-0.2069
0.0967
-0.1249
0.1945
-0.0140
-0.2274
0.4552
0.2172
-0.0463
0.0902
-0.0431
-0.0328
0.0127
0.0514
-0.0401
-0.2620
-0.6739
-0.8728
-0.6421
-1.8588
0.9294
2.7311
0.0895
-0.7813
-0.5159
0.6310
-0.7971
-0.7195
-1.1551
-1.1036
-0.9042
-1.8174
-0.7792
0.7380
0.2473
-2.4174
1.2096
0.5960
-0.4755
1.2699
-0.1394
-0.8574
-0.2695
0.6982
-0.6133
1.3467
-0.0648
-4.3932
-4.3417
-0.9436
-0.0764
-2.1787
-3.1165
0.3704
5.0112
-3.2435
-1.1150
0.1917
-0.2415
1.8836
-2.2922
-3.0996
-1.9611
0.1660
-2.2417
0.4730
2.1413
-0.4138
1.2366
-0.8057
1.3729
-0.8362
1.5281
0.5755
-2.8230
-0.1834
0.4613
0.0336
-0.5759
1.9582
0.1515
1.2364
0.2709
0.5649
-1.2738
-1.0071
-0.9177
0.1627
-0.3289
-0.5926
1.0197
-0.1386
0.0921
0.4882
0.3319
2.3357
0.7031
1.3642
-0.4489
-1.0111
-0.7394
1.4759
0.4082
-0.4245
-0.3175
0.1205
0.3768
0.2070
0.4000
0.1812
0.2783
0.2063
0.2514
1.0921
0.0616
0.5147
-0.9110
-0.0300
1.3152
-0.4919
0.5652
-0.7103
-0.2033
0.0925
0.0442
0.4632
-0.1806
0.0543
-0.1908
-0.2060
0.7112
-0.2683
-0.5736
0.2980
-0.1606
-0.1374
0.1324
-0.2376
0.0484
-0.1624
0.0707
-1.1074
-0.6539
-0.6988
1.4270
-0.4505
0.7781
-1.5514
-0.7600
0.4529
-2.4100
-1.5173
-1.0633
-0.3654
-2.3151
0.3260
-1.6625
-0.7883
-0.2921
0.1554
0.0620
0.2069
0.8291
-0.3181
-0.1455
1.0531
-1.3637
0.9970
-3.3588
-4.3172
0.1424
-0.1842
-3.7627
-2.0719
-4.4624
1.4522
-0.9688
1.7441
-1.0604
-2.4669
-0.1076
-3.4402
-0.5461
-0.2118
-0.9873
0.0333
-0.0882
1.9070
-2.5089
1.2608
-3.0923
-3.0712
-1.5016
5.8261
-1.4980
5.2552
0.1919
-1.6382
0.3347
1.2342
1.5328
-1.8627
1.5808
0.2490
-1.2679
0.0752
0.0769
-0.6100
-1.4094
0.3581
-0.9242
0.3098
-1.0092
-0.3692
3.9553
-0.3943
-0.5209
-0.9293
1.4819
0.0336
-2.3006
0.6584
2.1235
-0.5562
0.5264
0.3495
-1.1813
-0.5854
-1.7614
0.1639
-0.9347
0.3233
-0.2201
-0.1261
-0.0086
0.3671
-0.1259
-0.0286
1.1221
0.2260
0.3700
-0.4100
-0.7003
0.9986
-0.3456
0.9336
-0.0320
-0.1243
0.6729
-0.1071
0.0635
-0.3358
-0.4576
0.2173
-0.2553
1.1847
-0.0444
0.2809
0.1380
-0.0384
0.2066
-0.0275
-0.0141
0.0231
-0.0224
-0.0716
-1.0010
-2.4603
-0.1607
-0.4089
1.4218
-1.1580
0.2583
0.3275
-1.2726
-1.7221
0.3305
0.2427
-1.6597
-1.7552
-1.7193
-0.4167
-0.2335
2.2796
-0.0444
-1.4120
-0.6486
-1.5860
-2.2577
1.1607
-1.2060
1.1829
0.3585
-1.8606
-3.9168
-2.0616
-0.5074
-5.6945
-3.5229
-1.1201
-2.1333
-3.0852
-4.0418
-1.9300
-1.4942
2.0698
4.9582
0.0311
0.5722
-2.8231
2.9594
1.8944
-0.7948
-1.2642
-1.8396
-3.2644
0.4646
2.0168
-0.8157
3.8477
-0.6028
0.5127
-1.1787
-1.4720
-3.1727
-1.8337
-1.3789
2.6390
-1.2280
-1.4261
-0.1133
0.7224
3.2233
-0.7316
-1.9479
0.0833
-1.9299
-1.8676
0.0267
1.5616
0.8979
0.7029
1.0352
-0.9216
0.4914
0.8381
-2.3656
-0.0466
-1.5443
-1.8411
1.4654
-0.5692
-0.8818
-1.3797
-1.0996
-0.2438
-1.0830
0.0506
-1.0144
-0.7797
1.1950
-1.1135
1.3895
0.2183
-1.0584
-0.1786
-1.6489
0.2079
0.1157
-1.1721
-0.0617
-1.1828
-1.0058
-0.3020
-0.0534
-0.0620
-0.7350
-0.1484
-0.3432
-0.1896
-0.0546
-0.1182
-0.2275
-0.1361
-0.2955
0.0423
-0.0319
-0.0057
-0.1506
-0.1448
-0.1102
-1.3795
0.0626
1.6037
1.7683
-0.6565
1.9438
-0.4494
-0.8705
1.0486
-0.9870
-1.5687
-2.3066
1.0046
-0.6241
-0.4306
1.5381
1.1227
0.3558
-0.5392
-0.7447
1.0019
0.0757
-1.3702
0.6237
-1.0650
2.3295
0.6371
-0.5782
-0.7201
-1.5216
-0.1633
-5.1692
-1.5621
-0.0978
-3.7057
-5.4109
-5.4505
1.2056
-3.6900
2.3260
-0.2788
-0.1095
-0.1004
4.1909
-5.2254
0.2872
2.0184
1.7450
-0.1246
-2.8463
2.6793
-3.9552
0.3882
3.4332
-0.3359
-1.3373
0.9491
-1.7165
-1.1224
-1.0627
1.0981
0.4975
-1.9721
-2.4628
0.4854
0.1973
0.8870
-2.4885
-3.1775
0.2099
-1.9708
-1.5893
0.2682
0.5961
-0.7711
-0.0624
-0.3585
-1.7685
0.8296
1.7401
-0.7330
-0.8357
-1.6501
-2.1936
0.8371
-1.2122
-1.4594
-1.9656
0.3518
0.4617
-1.4222
0.9582
-1.8691
-0.9346
1.0110
-1.5258
0.4586
-0.0710
-1.3967
-0.9614
-1.7807
-0.0904
-0.0688
-0.4853
-0.1313
0.3804
-0.9556
-0.1899
0.6591
-0.5693
-0.6194
0.3383
-0.9534
-0.1126
-0.4449
-0.2190
-0.3306
-0.2519
-0.0935
-0.1720
0.0077
-0.4682
0.0752
-0.0677
0.0827
-2.3855
0.5956
-1.2251
-0.8692
0.0290
-2.2427
0.2666
-1.0895
-0.4606
0.7322
-0.9595
0.8734
-0.7872
-0.8939
-0.3235
0.9445
0.3383
1.5205
1.0695
-3.3819
-2.2181
-0.7695
-2.1438
-2.7351
-1.8325
1.9780
0.3500
1.5931
0.0333
1.8457
-0.1710
2.2238
-2.2076
-2.1020
-2.4798
2.2604
-3.0137
3.5321
-3.1095
-0.8279
0.7814
2.7358
-0.8383
4.0587
-2.8814
-1.2436
1.5713
-0.6383
-4.3029
-3.5363
0.0624
-0.1118
-1.9119
2.1771
-2.1694
-0.1976
-1.2276
-1.5107
-0.4601
-1.6102
-1.7913
-1.6843
-2.0864
0.4955
-1.6794
-0.6886
-0.8424
-3.2306
-1.5339
-1.3477
-2.1418
-1.7768
-1.1977
1.3221
-1.1285
-1.0212
-0.8751
-0.7218
0.4200
-0.9385
-2.5196
-0.7137
-1.5614
-2.0055
1.3022
-1.9527
-1.6963
0.1474
-1.1699
-1.0129
-1.5228
-0.4025
-1.5142
-1.6101
0.4784
-1.5689
0.1308
-0.7390
-1.5255
-0.8325
-0.6278
-0.4941
-0.7362
-0.5122
-0.7497
-1.2476
-0.6326
-0.3104
1.0257
-0.3216
-0.4076
-0.2450
0.0324
-0.4706
-0.4128
-0.2610
-0.0570
-0.2809
-0.3496
-0.1527
0.0919
0.0498
-0.0301
-0.0870
-0.1065
3.4700
-0.1691
-2.2302
0.8336
0.0459
-2.4908
-0.4579
0.9789
0.6535
1.3032
-2.6539
0.2687
-1.5340
-2.9457
0.2888
0.6772
-1.2584
1.2272
1.0877
-1.6607
-1.2532
0.0155
2.3922
0.6317
0.3476
0.3866
2.0294
-1.0212
-0.7196
0.5825
0.0502
-0.8469
-3.2879
0.6062
-4.1254
-4.7247
3.8905
0.0938
-0.0679
-1.0768
-1.2906
1.7185
1.0270
1.3637
-1.9749
2.3817
1.7221
-0.6626
1.7342
2.6244
0.9932
1.9109
-0.2002
0.7942
0.0007
-2.9809
0.7069
-2.6143
-2.5700
-0.4267
1.5772
0.1300
-1.2886
1.5952
0.0447
0.2106
0.1793
-1.1474
-1.5526
0.0310
-0.9773
0.3078
0.3016
-0.2700
0.2251
0.2860
0.2720
-3.2281
-0.3242
0.2202
-0.0902
-1.5983
-0.3667
-0.6129
-0.0871
-0.0927
-0.5526
-1.4091
0.3863
0.5780
-0.5663
0.9350
-0.8326
-0.2160
-0.0838
-0.5430
0.0815
-0.0911
-0.7136
-0.0715
-0.4789
0.1937
-0.1350
-0.0565
0.0040
-0.0275
-0.6233
-0.4119
-0.0798
0.0110
-0.9806
0.5826
-1.5258
0.1179
-0.6327
-0.0419
-0.2023
0.0721
-0.1712
-0.1594
-0.1757
0.1006
0.1097
0.0470
0.0357
-2.9210
0.6844
-2.6358
-1.1727
-0.9907
-0.8857
-0.2523
-3.5033
-2.0412
-1.9560
-0.9114
0.8311
-3.6276
2.4486
-1.9085
-2.5264
-0.3201
0.8923
-1.9018
-2.0788
-0.2053
-0.8036
-1.0991
-1.8607
-1.9973
0.8947
-2.8865
-2.8144
-2.1522
-1.9215
0.1691
-0.3371
-3.0343
-0.2895
-3.7965
1.9819
1.8449
-1.1459
0.4767
-3.2463
-3.0603
-3.4728
-2.9968
2.3075
0.6401
-0.0964
-0.6789
1.2853
-1.6969
-0.6454
-3.5455
1.0024
-0.2406
-1.0740
-0.2212
-1.7144
0.3599
-0.8424
-2.8731
1.6280
-0.1123
1.9074
0.0098
-0.5290
0.8469
-0.0928
0.8952
-0.8165
-1.6717
-0.2590
-1.8393
0.7326
-0.1964
2.8730
-2.2267
-0.1209
-0.5340
2.5251
-1.8462
-1.4730
1.1384
-1.5944
0.0408
-0.3645
1.4409
-0.4421
-0.5071
0.0947
-0.2320
-0.5113
-0.2341
-1.1938
-0.8403
-0.1440
1.0903
-0.6096
-1.6516
-0.3167
-0.2096
-0.3921
0.0183
-0.4447
-0.4787
0.6023
-0.0833
0.1272
-0.0081
0.2976
0.2403
-0.0797
-0.0941
0.1205
0.0860
0.1189
-0.7024
0.0124
0.0459
-0.1390
0.1374
0.0474
0.0518
0.2408
0.0189
0.0430
0.0037
-2.1032
-1.3995
-1.3382
-2.4664
1.0505
-1.5326
-1.1499
-6.6019
0.4693
1.5721
-2.0689
0.1446
-1.6336
-2.5783
-3.3985
1.3425
-0.0928
4.0030
-2.3104
-1.9732
-2.3806
-0.7408
-1.5789
-0.2629
2.4597
-0.8371
-0.8382
-0.5979
0.5474
-0.7265
-0.3587
-4.3149
6.8617
-1.7864
7.1259
0.8168
2.6822
-0.8674
-1.6141
-1.7288
-2.8773
0.2084
-2.0904
-1.2179
1.5335
-3.6252
0.6975
-2.4749
-2.6553
-0.8459
1.6280
-2.9694
0.7981
-2.5303
-0.3299
-0.2792
-2.2272
0.4413
-0.3563
4.5036
-1.9944
-1.3843
-0.7162
-1.7034
-1.9185
-0.5372
-1.3644
-3.2722
0.3300
-1.2795
-2.2315
-1.7821
-0.6013
-2.6678
-1.6823
-2.1464
-1.6829
-1.2136
-1.2089
-1.7353
-2.1436
1.4318
-1.3859
0.2645
-2.0352
-0.2632
-1.4970
-2.2470
-1.0074
-2.0418
-1.1599
-0.0301
-0.5958
-0.6750
-0.2179
-1.0102
-0.2060
1.0109
-0.7642
0.4664
0.6192
-0.5697
0.3688
-0.7752
0.0965
1.4022
-0.8431
-0.2257
-0.3714
0.1394
-0.5470
-0.6540
0.4130
-0.8433
0.4640
0.1174
0.0760
0.0075
-0.3492
-0.0298
-0.0637
0.1637
0.0424
0.1100
0.0312
1.3230
-2.4977
-1.9462
-0.9529
-1.2377
1.0147
-0.5072
-1.3899
-0.8060
0.2243
-2.5908
1.4553
-0.9566
0.5247
-1.4783
0.9446
-1.2024
-0.5325
-0.0703
1.6110
-0.4784
-1.7861
1.6309
-0.0571
3.1094
-0.0879
0.5246
-1.6222
0.2222
-1.0657
-0.1872
-4.2845
-2.1323
0.7524
1.9704
-1.1888
-2.6562
-0.3725
-1.5197
-1.4915
0.3475
0.6405
-1.8561
2.5881
-0.4464
-1.6919
0.0922
-0.0700
0.9051
-1.0038
-0.9416
-0.4609
0.7614
-0.1894
0.4874
1.1133
-0.2491
-0.9122
-1.7158
-1.1099
-1.6841
-0.6956
-0.6791
-0.4578
0.7144
0.8310
-3.0679
0.2214
-0.2774
-0.5119
-1.1945
-0.5296
0.8471
-0.5722
1.3670
-0.4779
-0.7732
-1.4293
-0.2115
-0.0415
-1.0573
0.6439
-0.9758
-0.7132
-1.6329
-0.0014
-0.5595
-0.7281
-0.4760
-0.5233
-0.5913
0.2800
-0.3704
-0.3258
-0.0559
-0.1580
1.0989
0.7319
-0.4369
0.2339
0.0744
-0.1733
0.4954
-0.5331
0.1502
-0.3746
-0.3280
0.0339
-1.3554
0.2480
-0.0281
-0.2726
0.0247
-0.0536
0.1444
-0.2042
-0.1088
0.0195
0.0507
0.0423
0.2371
-0.0020
0.1024
0.0463
-0.1276
0.2576
1.2949
0.5801
0.4715
-0.6835
-1.4054
1.2860
-0.8278
-0.4283
0.3571
-6.4321
-3.2749
-0.0524
2.1436
0.1300
-3.2771
1.0331
-3.4200
0.1016
-1.8730
0.2589
-0.5467
-1.3218
-2.2200
1.7539
0.0096
0.4781
-0.8915
2.9176
0.5545
0.0281
-4.0316
0.9156
-3.0379
-1.2547
1.0327
-1.8282
1.0462
0.2956
-0.6476
-0.3534
6.0452
-0.0537
-3.9020
-2.5388
0.6736
-2.4508
-2.2833
0.4176
0.7125
-0.8769
2.0429
0.1382
0.5652
-0.3374
0.6694
-1.3999
-0.1212
-1.3647
-0.6046
-0.5021
0.3570
-0.2982
0.2427
-0.6029
0.1202
1.2828
0.6617
-0.2239
0.3189
-1.0471
-0.8492
0.5091
-0.9022
-0.5293
0.2860
0.4267
-0.4054
0.1338
-1.0104
-0.1977
-0.1302
-1.0417
-0.2557
1.0394
0.8054
-0.4207
-0.3564
-0.2583
-0.1549
-0.2472
0.0867
0.2027
-0.0716
-0.0492
-0.1884
0.0114
0.0280
-0.3109
0.2493
1.8241
0.0401
-0.0508
-0.3298
-0.0382
-0.1629
-0.1581
-0.0362
0.1468
0.2510
-0.2027
0.1313
-0.1550
-0.1454
0.0243
-0.0331
-0.2022
-0.0974
-0.0496
0.1403
-0.0680
-0.0377
-0.1124
0.0259
-0.0974
-2.3983
0.5642
-1.1655
-0.9884
0.4351
-0.5816
-0.5236
0.0414
-1.9839
-0.4835
0.2680
-2.3153
1.6798
2.7787
-0.2426
-4.6260
-2.9355
-2.1470
-4.0993
-0.3526
-0.5344
-0.0645
2.1585
0.0728
1.6519
-0.5456
0.8268
0.2545
0.1088
-0.7723
-0.0074
-1.1656
-3.1945
-1.3851
-0.5637
1.5663
0.7610
0.7373
-1.5796
1.2027
-2.2847
-2.0073
-0.3469
-2.5073
1.0837
-1.1881
-1.6685
-2.8204
-1.2442
1.0528
-1.8457
-1.0540
-0.7775
-1.5371
-0.5691
2.3532
0.7980
-2.3785
-1.4688
6.9151
0.5041
-0.3048
-0.9426
-0.1313
-0.1566
-0.2869
0.3004
-0.4166
-0.4691
-1.4535
-0.9734
-0.3003
-1.0700
0.3270
0.8860
1.7882
-0.2256
0.3987
0.5299
-0.1751
-1.4834
-0.7508
-0.5071
-0.7000
0.2629
-0.2549
-0.3453
-0.5537
0.0480
0.8028
-0.8640
-0.4146
-0.2293
-0.3369
0.0889
-0.5517
-0.8447
-0.2051
-0.6476
0.0505
-0.1212
0.2053
-0.1550
-0.1189
-0.2841
-0.4962
-0.3244
0.1773
0.1010
-0.0609
0.1370
0.3249
0.5336
-0.0221
-0.3705
0.4794
0.2296
0.0197
0.1109
0.0663
-0.0807
-0.2331
-0.0943
-0.0567
-0.1548
0.7678
0.3772
-1.6474
-2.4887
0.7118
-0.2628
0.1163
-2.4439
-1.3681
0.6496
-1.7533
0.9049
-2.7530
-1.0532
-0.6915
-1.6985
-0.2703
-1.2208
-1.7528
-4.8521
-1.3987
-1.2228
-0.6140
-3.2921
1.0384
-1.2183
1.2063
2.1051
-2.9203
3.6691
0.0404
-3.3693
-1.9585
-2.3092
-0.6849
-3.0967
2.2283
2.4977
1.8319
-1.4847
0.5601
-2.0976
-2.1375
-2.3326
0.5933
-0.7768
-0.6461
-1.7595
-1.1137
1.5750
-1.8631
0.5170
-0.1019
-0.8466
-0.1614
-1.5706
0.4544
1.0500
-1.4583
-1.1757
-0.6269
0.3696
4.2810
0.1679
-0.5972
0.2297
-0.5502
-0.3435
-0.9696
-0.7954
-0.4157
0.0028
-0.6446
7.9475
0.1909
1.4801
-0.1677
0.6872
-0.3574
-0.8777
0.3075
-0.4241
-0.3059
0.5122
2.2813
0.0304
-0.2471
-0.6696
-0.5096
-0.0059
-0.1584
-0.3751
-0.2163
0.2199
0.8456
-0.0842
-0.4516
-0.1992
-0.0048
0.0216
0.1434
-0.1821
-0.1418
-0.0748
-0.1974
0.0514
-0.2340
0.5947
0.1538
-0.1312
0.0827
0.1819
0.4390
0.1358
-0.3743
-0.1398
0.6547
-0.0429
0.0079
0.1251
0.0867
-0.0237
0.1005
-0.0919
-0.1377
-0.9254
-0.9758
-1.1914
-3.5793
-1.4017
0.1570
-1.1383
-1.6969
-1.5584
1.1105
0.2360
-1.0408
1.0420
-1.8954
-0.3865
0.2209
-0.6143
0.6985
-0.5316
-3.1228
-0.8878
1.7884
1.9559
-2.9946
-0.1370
0.4883
0.6877
1.7530
-2.1225
-0.6103
0.0162
-1.9136
-0.3274
-2.5167
1.0190
-2.2871
1.6454
-3.9349
0.4528
0.0373
-0.0787
-1.1018
0.9878
-1.0199
-0.3360
4.7845
-2.3344
0.8584
-1.0618
0.1019
1.3585
-0.5525
0.0536
-0.8477
-0.2053
-2.3196
0.1626
-0.6697
-0.7569
0.2076
-0.4909
0.6554
-0.5831
-0.8345
0.2358
-0.0688
-0.4940
0.0940
0.0827
0.1577
-0.6731
-0.4715
-0.1239
-0.7632
-0.3989
-0.1129
0.0934
1.0494
-0.3369
0.4936
0.1919
0.1438
-0.3756
-0.1598
-0.5752
-0.2082
-0.3404
-0.4317
-0.3811
-0.1283
0.0570
-0.1667
-0.1232
0.0239
0.0333
-0.0534
-0.0768
0.4736
-0.3155
0.0013
-0.3512
0.5954
0.3562
-0.3068
-0.0019
0.1414
-0.1384
-0.1621
-0.1252
0.0062
0.0489
0.1382
0.0266
0.2112
0.0998
0.2109
0.1511
0.1476
-0.1681
-0.0236
-0.0274
-0.0278
0.0353
0.0973
0.3098
0.8624
-1.0166
0.1226
-2.3577
-1.7860
-0.3413
-1.2516
0.4250
0.4502
-0.2783
-0.2686
-2.9791
-1.2219
-0.5421
-1.7263
-6.0352
-1.0115
-2.3962
3.7054
-0.0387
-1.8329
0.0921
0.5353
-3.1421
-4.0420
-1.1285
1.6869
-2.9002
0.1524
-0.9100
-0.0023
-3.5566
-0.7905
-0.6932
-0.2688
-1.0213
0.1315
-3.6430
6.2354
-1.7103
1.0360
-2.9143
-0.9275
0.9841
-2.7382
3.6278
2.0494
3.0140
-1.5032
-0.6319
-2.3826
-2.2231
0.0103
2.3566
-0.6436
0.2857
-0.3620
-1.0030
0.2279
-0.8165
-0.9306
-0.3011
-1.2108
0.3822
-0.0879
2.9080
0.7405
-0.5191
-0.7462
-0.4239
-0.9821
-1.5490
-0.4275
-0.6014
-0.4627
-0.1912
0.0206
-0.9820
0.4801
0.3428
-0.9266
-0.0101
-1.2842
-0.7112
0.3798
-0.3426
-1.1054
-0.4019
-0.2530
-0.8528
-0.4344
-0.1702
-0.5049
-0.7846
0.1863
-0.7776
0.1255
0.1420
-0.3123
-0.1028
-0.9087
-0.0987
0.0864
-0.5622
-0.1095
-0.5740
-0.0871
0.0136
0.2827
0.0153
-0.1064
-0.1161
0.1571
-0.1989
0.0947
-0.1656
0.0709
-0.0529
-0.2909
-0.1580
-0.0203
-0.0013
0.0635
-0.2318
-0.0510
-0.1037
-1.7757
-0.2781
-1.3335
0.0727
-0.5183
-0.8840
-1.2095
-2.6352
0.2590
-1.4851
-2.9687
0.7830
1.3178
-0.3329
1.0692
-1.5582
-1.1823
-0.3850
0.0653
-1.7339
-0.3082
-0.4395
0.9114
-2.9144
-2.3274
-1.0069
-2.0757
0.0321
-0.2118
-0.0424
-2.8953
-4.5436
0.7528
2.9261
0.2006
-0.9131
-1.6925
-1.0729
-3.1515
-2.1509
-2.8853
-1.4800
1.6921
-0.1186
-1.1137
-2.2448
0.4098
2.6467
-0.1539
1.7926
1.5943
-0.6081
-0.5825
-0.1308
-0.9344
-0.0327
-0.5764
-0.5804
-0.4587
0.4533
-0.7114
-0.7632
0.3205
-0.7502
-0.4756
-1.4466
-0.7504
-0.5300
-0.3696
-0.4564
-0.3892
-0.3564
-0.2709
-0.4626
-0.4104
-0.1852
-0.6732
0.3105
-0.0772
-0.4009
-0.6253
0.1207
-0.2729
2.2787
-0.2124
-0.4015
-0.2031
-0.0754
-0.1479
-0.1437
-0.2777
-0.1284
-0.0759
-0.3190
-0.0342
-0.0450
-0.4662
-0.0149
-0.2335
0.1258
-0.3282
-0.4478
0.2999
-0.4022
-0.0905
-0.0483
0.0841
0.1895
0.0515
-0.0129
0.1508
0.0089
0.0387
-0.2143
0.1231
0.2016
-0.1796
-0.0159
0.0085
-0.1015
0.0569
0.0542
0.2001
-0.0046
-2.2337
-0.7270
-0.2996
2.5125
2.0219
0.6510
1.6074
-0.8056
-1.2691
-2.3124
-1.5551
-4.5571
-2.2575
0.1121
1.3716
-0.2861
-4.2170
-0.1760
-2.1575
-0.9378
1.3426
-1.9445
-1.8846
2.5000
-1.4597
-2.0144
0.4080
-0.1155
0.8141
-0.5795
-0.1115
-3.3641
-1.1947
0.7412
-3.1284
-2.0761
-0.6370
-0.0873
-1.4243
-2.6249
2.1781
1.4763
-2.3452
1.7818
0.6089
-0.9178
0.4678
1.8248
-1.6096
-1.4208
-1.6520
0.5691
-0.8784
0.1446
-0.7776
-1.7388
0.1193
-1.4061
0.2469
-1.7418
1.4526
-0.0804
0.0530
2.4522
-0.2157
2.5325
-0.1190
-1.2476
-0.9438
-0.4964
-1.1357
-1.7032
-0.3665
0.2898
-0.0806
0.6884
0.5421
0.9943
0.3779
0.4051
-1.5476
0.5740
-1.0695
-1.2755
0.1039
-0.0532
-1.1484
-0.1293
-0.8340
0.4801
-0.8288
-0.4955
-0.9477
-0.8107
0.6929
-1.0490
0.2869
0.1589
-0.6164
-0.1196
0.6698
0.5680
0.2173
0.0298
-0.0058
-0.4367
-0.3752
0.2112
0.0731
-0.2459
-0.1529
0.0558
-0.2602
-0.0301
0.3035
0.1458
-0.1762
-0.1770
-0.0403
-0.0095
0.0143
-0.1655
0.2761
-0.1769
0.0940
0.0633
1.1765
1.3103
-1.5571
1.0365
-0.9480
0.3799
-2.1911
-0.2190
-3.7636
1.4104
-1.4286
-1.6968
0.5813
0.8249
-2.1158
-0.2191
-0.0343
0.1758
-2.0350
0.5188
-4.1113
0.8467
-1.8038
0.9841
-2.4802
-0.2301
-3.1058
1.9521
0.3002
0.0112
-2.9278
0.4865
-1.3377
0.6484
1.6034
-1.6719
-2.5713
0.3580
-0.8765
-1.4429
1.6033
-1.2172
-3.8439
0.3864
-0.4070
1.3850
5.1445
1.2093
-1.4195
0.5359
2.1992
-0.7418
-0.4144
-1.0970
1.0828
0.2724
-0.7377
-1.6119
0.0599
-0.9736
-1.3581
-1.5880
-1.3546
0.1488
-1.6321
0.7257
-1.3073
0.9318
-1.2402
-1.1136
-1.8489
0.9450
-0.0691
-0.6687
-0.0328
-1.0407
-0.6216
-0.2314
0.5335
-1.2276
-0.3372
-1.0549
-0.0231
-0.1535
-0.4546
-1.4773
-0.7952
0.2067
-1.5504
-0.6665
0.0735
-1.0130
-0.6698
-0.3482
-0.9846
-0.1701
-0.0679
-0.4551
-0.4166
-0.0789
-0.2348
-0.0184
-0.4402
-0.1230
0.4330
-0.0782
-0.0601
-0.3764
-0.2268
-0.0405
-0.0029
0.0310
-0.2872
-0.0138
-0.0208
-0.0103
-0.0245
-0.1018
-0.0833
0.0549
0.0048
0.0506
0.4543
-0.0646
-0.0419
-0.0940
1.2089
0.5416
1.5498
-1.6286
-0.1525
-2.1132
-1.6037
-3.9018
3.0300
-1.5855
-1.8864
2.2499
-0.2011
-1.9311
-2.3179
-0.5695
3.7448
0.1278
-1.3921
-0.1714
-0.7167
0.7261
-3.8489
-2.6899
-0.1173
-1.2214
-2.0994
-0.3039
0.0548
-2.8387
1.0884
-1.6684
-4.3093
-1.5622
-4.5728
-1.6554
-1.4369
0.4064
0.5007
2.1672
1.1793
-2.0527
-1.9062
1.9417
-0.6292
0.9062
-1.1270
-0.3156
-2.6729
1.7047
1.0891
3.8812
1.3627
-0.3841
-2.3418
-1.8506
-1.6941
-0.5063
-2.1095
0.8161
-0.7727
-0.7031
-0.2682
2.1801
0.7924
-0.5367
-2.1457
1.3597
2.7528
-0.5650
-0.0253
0.5544
0.4188
-0.5633
0.9184
-1.6304
0.7882
-0.4068
0.5002
-1.1696
1.8218
-0.3520
-0.4700
-0.3845
0.9027
0.7988
0.5483
-1.2594
0.7820
-0.4833
0.4926
0.6421
0.5696
1.1983
1.1154
-0.1814
0.1828
-0.1111
-0.1695
-0.2372
-0.2677
0.7991
-0.3307
-0.3182
1.0152
0.2638
0.1752
0.1362
-0.0150
-0.6961
0.0800
0.1025
-0.6343
-0.0378
0.0413
-0.0402
0.0866
-0.1295
-0.0790
0.1974
0.0158
-0.0843
0.0563
-3.0719
-0.1203
-1.4926
-0.9381
0.4932
-1.4506
0.3694
0.5524
-0.3719
-0.5443
2.1069
0.7185
-1.6355
-2.2870
-1.3628
-1.0549
-0.7602
1.2062
0.8207
-2.4414
-1.7162
-0.5010
1.3748
0.4908
-1.9146
-1.1784
0.0169
-0.8794
0.2910
-1.3408


Weights 1->2:
-0.7853
-0.4612
-1.0238
-0.3834
-0.3290
-0.4882
-0.6611
-0.8572
-0.3712
-0.6972
-0.5617
-2.1982
-0.4892
-0.6076
-0.7503
-0.4753
-1.4967
-0.3426
-0.4571
-1.0464
-0.7578
-0.6244
-0.4636
-0.3403
-0.4922
-0.7431
-0.4069
-0.4430
-0.4887
-0.4445
0.7913
0.7526
-1.2908
0.2794
-1.8036
3.0609
-3.0298
4.2786
2.1932
2.6558
3.0770
-1.0864
3.7915
4.6514
2.1735
0.7467
-0.3315
-2.2972
-2.7386
4.0761
2.1827
1.4520
-0.6422
-0.2925
2.5595
0.3375
-3.1190
1.5733
0.5137
-3.2188
2.0800
-0.1450
0.8008
3.8972
-2.4821
-0.9503
1.5035
2.2046
0.6857
1.0908
-1.8348
0.4074
-0.7971
-2.6054
4.0835
2.8923
2.9222
2.8340
-0.5208
1.5613
2.0878
0.2990
2.4576
-0.6745
-0.6209
3.2668
0.4334
-1.1364
1.6858
1.6443
2.6840
-1.7326
2.0775
0.1509
1.0342
-0.1290
0.3848
1.8291
-2.4990
2.4708
0.5805
2.3829
2.3762
-0.0003
1.0131
-2.5824
2.7128
-0.5460
2.3387
3.4139
2.8431
-1.8477
-0.3698
-0.4824
-1.4665
1.6876
-0.3762
2.3575
1.8133
-1.7887
2.8878
2.3314
0.3006
2.1271
-1.1619
-1.4260
0.8891
2.0904
0.6656
0.9209
-4.2289
3.3995
-0.6183
-0.9904
3.5907
4.0327
2.0484
3.1015
0.1129
2.1448
0.2587
1.7716
-0.6620
-0.4263
0.3824
1.7442
0.1600
0.6375
-0.3529
0.7507
-1.5046
0.3980
1.4132
3.4075
-0.9433
-0.8928
0.9790
2.0797
-0.9051
0.2909
-1.1741
1.8854
0.1309
0.3188
4.0058
3.2829
2.3316
3.4847
-3.5008
2.1459
1.9222
0.7943
-0.8896
0.1215
-1.7683
3.0094
1.3337
0.3369
0.0676
0.5355
1.6960
-2.3733
1.1607
2.0440
-0.7893
-0.3703
1.6150
2.9094
-2.1617
0.6973
-1.1793
1.4280
-1.1693
-1.7122
2.0867
4.5795
3.3522
4.5931
0.9853
0.3955
-0.7260
2.2772
0.0278
0.4056
-0.6709
2.2396
2.4949
0.1147
0.0457
-2.1393
3.5670
-2.8526
1.4293
1.5301
2.2650
-0.5607
2.2729
0.0168
-1.2554
1.3899
-0.3496
1.0747
0.4261
0.7862
1.1525
0.6519
1.6388
-4.3329
0.7083
4.3363
1.3852
0.2198
2.7290
2.9948
-0.3057
-2.3957
0.9274
-3.4589
1.9933
-2.9358
3.1886
0.6364
1.5735
-0.3668
1.3242
0.2599
1.0925
3.0952
0.7277
1.6182
-1.0182
2.1715
1.4810
-0.6811
1.7671
-0.8106
1.6014
-3.5729
-0.3046
3.8335
1.3009
0.9155
4.2001
-3.2985
0.6525
0.4512
-0.3479
0.4311
0.4028
-3.0562
2.4707
-1.7467
2.9288
2.2856
-2.0190
1.9906
1.0057
2.5899
0.0390
-0.2627
-2.1056
1.9833
-0.9904
0.1255
0.9048
3.3955
0.8136
3.6654
2.0009
3.8834
1.4118
-1.7953
-1.0297
-1.6613
0.3896
-1.1498
0.2550
-1.5138
3.2014
-1.3570
-1.2013
-4.3360
0.2877
4.2339
-0.0057
-1.2645
0.8326
1.9158
1.1290
0.6332
0.3649
2.8780
1.9320
-6.0149
-1.2086
3.5626
1.7193
3.7665
-1.0082
0.6595
2.4088
-4.3936
0.3863
0.6136
0.9722
0.9036
1.5840
1.3468
2.2850
-2.7754
2.2204
0.5664
2.7401
-0.6156
-0.4790
0.7678
1.3527
1.8466
-0.1370
-1.8535
-1.7088
1.2174
0.9451
-0.4483
1.6042
2.1750
2.0344
1.5713
1.2986
3.2091
2.2561
-0.4200
-1.3976
-0.3347
1.7230
-2.5589
-0.6560
-0.1169
4.0159
-1.5106
2.2280
-0.2229
2.6983
-0.0062
-0.3032
2.5037
1.1300
0.7936
-1.9398
3.0242
-2.6234
1.3837
-2.2083
0.9973
-0.7408
-3.0655
1.8285
-2.8137
0.2598
3.5536
0.5046
2.6220
0.6309
-1.3801
1.6068
0.3847
-1.5892
3.4084
-1.2054
-0.6160
3.7078
-0.8785
3.2444
0.1701
-0.3208
-0.9477
1.9776
-0.2600
-1.5284
2.4858
-2.2983
1.5204
1.8211
0.7149
-0.3860
-1.5015
2.6243
0.5602
-2.2498
3.2703
1.0099
-1.3647
-0.9298
0.5258
-1.3688
1.2031
-0.1533
2.4359
-2.0004
0.7837
-1.7820
0.2654
2.0414
2.9057
-0.5874
-0.3001
0.8659
2.5281
-1.2286
-1.3002
-2.4632
-0.0746
0.4339
1.2065
2.1576
2.4523
2.4713
0.7086
0.2846
1.7844
1.5703
-0.2874
0.7917
2.6013
-0.7245
0.5490
-1.3590
0.6297
1.5061
0.6355
2.2250
0.6181
1.7236
-0.8748
-1.1570
1.4755
1.7608
1.0519
-2.7893
0.8864
-1.4272
1.5338
-1.8921
0.9858
0.8379
-0.5203
1.7181
-4.0060
0.7846
2.6596
1.0604
0.0085
1.8948
3.0620
1.7423
1.9842
0.3737
-2.3216
1.7969
0.6438
2.0550
1.2305
0.9551
-2.1528
2.2757
-0.9272
1.4799
-1.1506
-0.4146
1.6593
-1.0572
1.3789
-2.8801
2.0947
0.3503
-1.8683
2.2086
1.9355
1.0689
2.7476
0.7984
0.2618
0.4223
0.5807
-2.2043
3.5905
-1.7135
0.4522
1.4951
-2.3688
1.5284
0.4736
2.5390
-1.0513
1.7875
0.0553
1.5053
1.2241
-2.3617
-0.6804
-2.9047
2.3993
-1.3765
0.4462
1.1554
-3.2632
1.8370
0.0618
-0.7554
2.3762
-0.0363
-0.5147
1.3103
-0.2248
-0.0056
4.5243
-0.2499
2.0837
0.6798
0.3967
1.9692
2.4892
3.0471
2.2470
-1.7299
-1.7208
1.4195
-0.4356
0.0417
2.3786
-3.0602
0.6195
0.4825
0.8855
0.6235
-1.7937
1.8853
-1.0164
-1.3224
1.9209
1.1309
-1.3780
1.2779
2.3384
-1.5686
0.2884
0.0686
-0.9970
1.2878
0.7071
-3.9105
3.3358
3.2855
2.7409
0.4446
0.8352
0.2661
1.8234
-0.5618
0.2446
-0.4653
-0.4465
1.0869
0.2167
2.8537
0.1346
2.1467
3.1345
1.6592
1.4194
1.5492
2.6151
-2.2192
-2.6104
-2.3029
1.0837
0.4430
-1.7533
-2.0508
1.7588
-0.1797
-0.0890
1.4893
0.5542
1.4881
-0.4676
1.0008
2.5891
-0.3834
-0.4085
-0.9746
3.1309
-0.6264
-2.0233
-0.3139
0.0481
1.5105
2.4190
-0.4204
2.7410
-0.9015
0.2939
0.3050
2.5945
0.2191
-0.8210
-0.3846
0.4653
0.2219
-1.3547
1.9419
-0.2863
3.0139
-0.7585
1.6130
-1.6113
0.5167
1.0423
-0.6382
-1.5342
-1.8357
2.5167
-1.0766
0.3649
1.9228
-1.5301
1.1958
1.3878
-0.9405
1.9095
0.8384
0.3241
0.8394
0.1462
0.9541
1.9079
0.3322
-0.3904
0.0036
-1.1915
0.1683
-0.3658
-1.0144
0.2112
0.2074
2.9983
-2.0966
2.5428
1.6288
1.9695
1.3612
-0.0900
3.5389
-0.5088
1.6102
-0.5842
-1.0645
-1.2097
-2.1283
2.2146
1.9690
1.9554
-0.1950
0.2213
1.5355
0.2809
-0.1564
-0.0172
-0.2812
-0.6316
2.4636
1.4157
0.9106
-1.2453
1.8550
-1.9136
0.5340
1.6887
-1.6884
1.7070
-0.6487
0.2165
-2.5177
-0.4080
0.1984
-0.5427
1.2982
0.1903
0.9058
3.3016
-1.8506
1.7220
-0.5511
2.1262
0.9788
-1.5124
3.0704
-0.4692
0.5581
-0.2014
0.2619
-0.3776
-1.2518
-0.2286
0.3136
2.9757
-2.0006
2.3666
2.1539
1.6228
0.7162
-0.3209
3.4220
0.1868
1.7832
-1.7457
-0.8370
-0.4017
-2.3964
2.1911
1.7397
2.3309
1.2282
-0.4049
1.7275
0.2781
-0.0341
-0.5518
-1.3569
-1.0325
0.3811
3.2405
4.1955
-1.8002
-0.1123
-1.5048
2.8376
-1.8949
0.0428
0.9195
-0.5539
-1.7993
2.1348
2.5397
-0.3185
-0.1728
2.1707
-2.5607
4.2341
-0.0330
-1.4009
-1.0318
-2.4802
-1.2416
3.8635
-0.3611
1.5760
2.5734
0.4393
-0.9853
-0.7697
0.0778
-0.9209
-0.1600
0.6951
0.4204
-2.1336
-0.5833
-1.0076
-0.6406
0.9595
3.5671
0.4908
-0.2610
0.1039
-0.0342
-2.2296
0.8280
1.2143
-1.8500
-1.2395
0.2526
0.5138
0.1670
-0.0256
0.3326
-0.1317
0.1095
-0.2228
0.4168
-0.9493
-0.1162
-1.2217
-0.1265
0.2035
0.0759
-1.5058
0.0830
-0.5852
-1.0405
0.5763
3.1068
0.1122
0.1572
0.4473
1.1943
-1.6133
0.0595
-0.5329
-1.5592
-1.1105
0.6313
0.1610
-0.3177
-0.4329
0.2735
-0.0442
1.2565
-0.5564
0.8537
0.9542
1.3450
-1.1817
0.3926
-0.5426
1.4553
-0.0867
1.4094
0.3354
1.5558
-0.0491
0.4953
1.1169
0.9559
1.3858
0.7390
0.2008
-1.1070
-1.1884
0.7829
1.9173
1.1855
-0.6138
-0.1529
0.4756
-0.6946
0.8240
0.4424
-0.6396
-0.6017
-0.0337
0.5944
-0.1228
0.0623
-0.4629
2.5042
-2.4690
0.5983
1.4694
2.4732
-0.1548
-1.6388
3.7462
0.1221
0.7687
-0.5802
-1.2412
-0.3980
-0.7513
1.1601
3.4034
-0.2923
0.5615
0.2999
-0.2569
0.4000
-0.6481
0.7236
-1.3634
0.3769
-1.0741
-0.4003
0.3415
-0.0156
-0.3588
-0.2528
1.5908
-1.2393
0.7716
-0.1354
0.6304
1.8404
-0.3852
0.0639
-0.7986
0.1929
-0.1595
-0.5509
0.9334
-1.5176
-1.0752
-0.4200
0.1672
1.4769
-0.0313
-0.1225
0.0591
-0.4373
0.0696
0.4039
-0.6588
-0.1408
-0.7035
-0.1499
0.7014
0.1949
-1.2509
-0.7117
-0.3564
-0.9583
0.6665
3.6174
0.0792
-0.1735
-0.5249
0.1195
-0.3599
0.3631
0.4167
-1.2262
-0.7734
-0.0238
0.6268
0.0954
-0.0730
-0.1009
0.0831
-0.3303
-0.1811
0.6365
-0.4951
-0.2949
0.8505
-0.4294
-0.4113
1.4180
0.5974
-0.4684
0.7684
-1.1609
0.0437
1.6161
-1.0157
0.0221
-0.4271
1.8852
-0.0616
0.4479
0.0623
-1.8929
-0.7689
-0.2754
0.2145
0.4321
-0.2264
-0.2622
0.8464
1.6926
-0.0736
0.8921
-0.9586
0.1614
-0.8795
-0.3718
1.9510
-0.6663
-0.2777
-1.6301
-0.6562
-0.6504
1.9995
1.7581
-0.8324
0.5214
-0.8967
-1.0185
0.4594
-1.5109
2.9859
-1.7764
-0.4484
0.0987
1.1162
0.3567
-0.1309
-0.0193
0.2080
1.5248
-0.6043
-0.7532
-0.8155
0.7540
-0.3557
-0.3833
1.6816
-0.7443
1.0763
-1.0066
-0.1291
-0.5493
1.3904
1.6155
-0.0303
0.9678
-0.2633
0.5875
0.5782
-0.6340
0.4394
-0.4440
-0.1813
-0.5669
-0.2454
0.4096
-0.3198
-0.0337
-0.1064
-0.1778
-0.2705
-0.5577
2.1511
0.3580
2.0369
-0.6084
2.9722
-0.3688
0.8670
-0.7441
-0.4017
1.3941
-0.9855
-1.5224
-1.5713
0.0836
0.0336
-1.2377
-2.1238
0.0394
-0.1197
1.7180
-1.7236
0.4788
-1.4673
-0.0200
1.3138
-1.8282
0.2813
-0.0000
1.1016
2.4447
3.6848
0.6683
-0.1035
-1.1554
-0.7744
-0.6493
4.8203
-0.7157
-1.9396
1.2526
-0.9232
-3.5862
-1.5020
-0.9422
-0.4718
-1.2749
-1.3083
-0.4691
-1.0030
0.2732
2.2475
2.1914
-0.2670
0.4647
0.7590
-0.5751
1.1661
3.3097
1.4675
-0.6772
-0.2189
0.0189
-0.8849
-0.5466
-0.2592
1.8442
-1.4616
1.1163
0.2193
1.9360
-1.2693
3.0946
2.5798
1.0349
0.6618
-1.2273
-0.4846
-0.7779
-0.8966
0.6733
1.3604
1.6239
-0.4997
-0.8141
0.5165
0.0240
0.2827
-0.0231
-1.1691
-0.5927
-0.6694
0.3774
-0.5181
-0.2208
-0.0180
-0.3830
-1.8119
-0.3356
0.1565
-1.0014
0.4211
2.9048
-0.0918
-0.2083
0.0642
0.8277
-1.2388
0.2275
0.7603
-1.0257
-0.8653
0.2463
0.9708
-0.3523
0.1646
0.2638
-0.0626
0.2761
-0.6895
1.1665
-0.5831
-0.3539
-0.6238
-0.1459
2.7140
-0.6456
-0.2642
-1.2226
-0.4428
-0.9498
1.5172
2.2541
-0.4998
1.0130
-0.9809
-0.3444
-0.3705
-0.2398
-0.0614
-0.2299
-0.9840
-0.2682
-0.5385
0.5624
-0.1147
-0.3125
0.1158
0.1190
-0.6763
-0.2015
-1.1736
-0.0931
-0.8586
-0.3695
0.0025
-0.8675
-0.1864
-1.3008
1.8230
-0.7365
2.1096
1.3591
-0.6210
-0.0367
-1.1137
-0.3153
1.1094
-0.4336
2.6273
-1.3924
-0.7422
-0.8468
0.2283
-0.7813
-0.0138
-0.2654
-0.0493
-0.1821
0.9225
1.0284
-0.7217
0.2633
-1.6122
0.0879
-0.2795
0.7027
-0.6826
-0.0896
2.1473
0.8250
3.9496
-3.0335
1.2958
2.6986
-1.5849
1.2451
-2.5319
0.7069
1.1462
-2.1455
-0.5976
0.8381
-1.6023
0.3253
1.3400
-0.9743
-0.0349
-0.0872
-0.3892
-0.8651
-0.6884
-0.3947
0.2251
-0.3738
-0.0507
-0.7911
0.1191
-0.9296
1.9587
-0.8255
-0.9789
2.0208
-0.8138
0.4685
-1.2089
-0.7255
-0.1965
-0.1244
0.2557
-1.4154
-0.8662
0.2633
0.0901
-0.5013
-0.4239
0.0146
-0.2030
-0.3784
1.2406
1.6601
1.8613
2.8290
-0.5333
-1.6792
1.4855
0.4350
0.8111
-1.5338
0.1960
-0.5014
-1.5576
-0.6384
0.4484
-0.6174
-0.9210
-0.9676
0.9709
-0.4487
-0.6869
1.3165
-0.0866
0.4098
-0.7235
-0.6181
0.1332
3.6071
-0.5307
-0.7590
0.3076
1.0459
-0.3165
0.0007
-0.3448
-0.1954
-0.3386
-0.1003
0.5640
-0.7680
0.2106
-0.4900
1.2390
1.6429
-0.3070
0.5388
-0.7779
2.0066
-0.2631
0.9607
-0.0576
-1.3151
0.0453
0.0094
0.3650
0.1399
-0.0000
-0.3261
0.2365
-0.2888
-0.7079
-0.0426
-0.7505
-0.1134
-0.0904
-0.3126
-0.3954
0.2549
0.7743
-0.1421
1.1975
-0.6632
0.3483
1.4114
-0.5083
0.4103
-0.5743
0.4523
0.1176
-0.3748
0.7288
-0.7164
-0.8165
0.1328
0.2741
0.1822
-0.0526
-0.0514
-0.1179
-0.3813
0.1781
0.2439
-0.8495
-0.2311
-0.4844
-0.3732
-0.0665
-0.0784
0.5111
-0.6344
0.2532
-0.9337
0.6534
1.4902
-0.5182
-0.3320
-0.3218
-0.2505
0.9348
-0.2191
0.8954
-1.0989
-0.2392
-0.2156
0.4802
-0.3875
-0.0654
-0.3057
0.1181
-0.2926
-0.1147
0.2486
-0.8609
-0.2728
-0.2286
-0.3483
0.3752
-0.5651
1.4811
-1.5201
0.3527
-1.3555
0.0111
1.0545
-0.7092
0.8492
-0.7182
-0.3848
-0.1436
-0.0861
1.4417
-1.6838
-0.4052
-0.4394
0.2936
1.4906
-0.3909
-0.5883
0.0852
0.1186
-0.1515
0.4397
-0.5331
-0.1605
-0.9086
0.0814
0.8226
-0.3803
-1.1719
-1.0622
0.2026
-0.7040
0.3421
2.9784
0.5012
-0.3650
-0.9133
0.1863
-1.1813
0.9781
0.4251
-1.2218
-0.8356
-0.2610
1.6676
-0.4804
-0.0935
-0.3993
0.1167
0.1400
-0.6108
-0.3695
-0.8013
-0.0318
-0.7837
-0.2454
0.5555
-0.1466
-1.5188
-0.8078
-0.6168
-1.0872
0.2865
2.3380
0.1700
-0.2997
-0.6724
-0.3498
-0.8585
0.3703
0.4322
-1.0224
-1.0962
-0.3782
0.8999
0.4696
-0.4616
0.0437
-0.1848
-0.1812
-0.2932
0.2975
-1.1934
-0.3173
-0.2199
-0.5500
-0.2014
0.2922
-0.2253
-0.5684
2.0500
-1.0824
1.7495
-0.1913
-0.6010
-0.5442
-1.2531
0.2046
1.4870
-0.4911
1.7152
-1.9781
-0.7450
-0.4344
-0.2600
-0.6527
0.0377
0.0793
-0.2500
-0.2142
-0.4531
2.0208
-1.0508
-0.2017
-0.8328
-0.4233
-0.0380
-0.6328
1.1618
-1.3434
-0.3351
-1.3229
-0.0126
-0.2891
-0.1194
-0.4336
-0.3427
-0.6531
2.2250
-0.1154
-0.4646
-1.6502
-1.0711
-0.4640
0.4544
-0.1264
-0.0542
-0.1579
-0.1846
-0.6404
-0.5700
0.1167
-0.7765
0.7041
-0.4921
-0.0363
-0.7172
-0.8177
-0.2995
-1.2144
-0.2101
-0.3175
3.1690
-1.9376
-0.4170
0.8837
-1.0736
0.0340
-1.1586
0.0947
-0.8081
-1.4523
-0.6024
-0.0228
0.0534
-0.2887
0.2660
-0.4824
0.4548
-0.1166
-0.2906
2.7781
-0.7407
0.1461
-0.3717
0.2106
0.3594
-0.5364
-0.3715
-0.7586
0.4846
-0.9947
1.6157
1.6628
0.1720
-0.6661
-0.5995
1.1114
-1.0857
0.7363
0.1371
-1.4009
-0.9731
-0.3030
1.1874
-0.5154
-0.1714
-0.3212
0.1391
0.2535
-0.5955
-0.3354
-0.9036
0.8315
2.9124
-0.3418
-0.7571
-0.7872
0.1907
0.9010
-0.4777
-0.2117
-1.1765
-0.8999
-0.8121
-0.6001
-1.1929
-0.6420
1.6343
-0.3330
-0.7328
0.3746
-0.7589
0.0901
-0.4923
0.2582
-0.7010
-0.3603
0.7377
0.4466
2.0036
-0.4984
-0.3432
-0.2641
-0.3979
0.1997
-1.0293
2.9422
-1.4275
1.0188
1.1960
1.1247
1.8991
-1.8331
2.3192
0.3300
0.5414
-0.6870
-1.8533
-0.5851
-0.8318
-0.2734
1.2606
0.3953
-0.4840
0.1978
0.4247
0.3193
-0.2950
-0.4570
0.1027
0.9519
-0.6316
-0.3172
-1.0011
-0.1578
0.0116
-1.3170
0.4826
-1.1814
0.1023
-0.3761
3.3274
-2.0481
-0.3347
1.4996
-0.7536
-0.0613
-0.3006
0.6179
-0.6551
-1.3923
-0.2789
-0.6643
-0.6310
-0.0020
0.2882
-0.6594
0.0483
-0.4442
-0.6091
3.0183
-0.6429
-0.3406
-0.7951
-0.4741
-0.1143
-0.5116
0.3558
-1.2668
-0.2167
-1.0956
-0.1214
0.8957
-0.6743
-0.5761
-0.7360
-0.5753
1.1550
-0.3042
-0.6071
-1.6310
-1.0582
-0.5264
0.1833
-0.3511
-0.3529
-0.3913
-0.2025
-0.5349
-0.8293
-0.5278
-0.6932
-0.0883
-0.3935
-0.4176
-0.3591
-0.2150
0.3454
-1.1232
0.1486
-0.8036
0.3244
0.8817
-0.4811
-0.5041
-0.7360
-0.2217
0.6328
-0.3793
-0.1698
-1.5864
-0.7617
-0.5205
0.3484
0.0346
-0.1412
-0.2731
-0.2071
-0.4359
-0.5505
0.0052
-0.6751
0.0120
-1.0230
-0.4241
-0.0865
0.2491
-0.9685
-0.8890
-0.2146
-0.8758
1.5804
1.0811
-0.1035
0.9064
-0.6618
-0.2310
-0.7294
-0.6597
0.7998
-0.3734
-0.7816
0.0436
-0.2136
2.2783
-0.2831
-0.3844
-0.0224
-0.2985
-0.5741
0.0967
-0.9595
0.1891
-0.3270
-0.3472
-0.0786
0.0518
-0.3580
-0.8532
1.6469
-0.3237
1.6617
-1.1141
0.0803
0.7535
-1.0564
0.2521
0.2347
-0.1831
0.2681
-1.4516
-0.5464
0.2391
-0.0509
-0.5223
0.1418
-0.7851
0.4473
0.1891
0.2382
2.1181
-0.7307
0.0951
-0.6313
0.3404
-0.1357
-0.0835
-0.0333
-0.8559
-0.3096
-0.8233
0.3117
0.3751
-0.1387
-0.2582
-0.4117
-0.1870
0.8583
-0.1966
-0.4564
-1.4161
-0.9144
-0.4211
0.1163
-0.0286
-0.4607
-0.4095
-0.3334
-0.0476
-0.1204
-0.1214
-0.6848
0.0305
-0.1875
-0.1857
0.1309
-0.1622
-0.1636
-1.0735
1.6291
-0.7249
2.0607
-1.5494
-0.2349
-0.1164
-0.7963
0.0218
-0.2198
0.0398
-0.0254
-1.5091
-0.4585
0.0394
-0.0386
-0.3612
0.0520
-0.4893
0.2286
0.4280
-0.0608
1.8797
-0.7351
0.0189
-1.0386
-0.1618
-0.2251
-0.2673
-0.2826
-0.5749
1.3830
-0.4370
2.4992
-2.5584
-0.4255
0.7970
-0.8092
0.8225
-1.2374
0.4780
0.7684
-1.0961
-0.5039
-0.0339
-0.2186
-0.0942
0.1734
-0.7625
0.2315
0.0389
-0.1301
1.5563
-0.8398
-0.3761
-0.2864
-0.4605
-0.1493
-0.5270
0.1378
-1.1480
0.2267
-0.7748
0.4107
0.5943
-0.4435
-0.3260
-0.8776
-0.5475
0.4063
-0.2623
0.0842
-1.4122
-0.3370
-0.6547
-0.0979
-0.3428
-0.3408
-0.4048
-0.3123
-0.4312
-0.5114
-0.0353
-0.8055
0.5020
-0.0595
-0.3256
-0.0427
-0.3867
-0.4846
-1.0667
0.6667
-0.5722
2.3737
-1.5382
-0.3888
0.1325
-0.8855
0.5724
0.0175
0.0299
0.0728
-1.4675
-0.5372
-0.3429
-0.2934
-0.1680
-0.1005
-0.5128
0.0468
-0.0506
0.2686
1.9651
-0.5923
-0.4352
-0.4425
-0.2674
-0.1000
-0.3464
0.7493
-0.9808
-0.0755
-0.4363
0.2114
0.5039
-0.5148
-0.2139
-0.9867
-0.3674
0.1806
-0.2669
-0.1533
-1.2522
-0.6736
-0.4409
-0.0250
0.1183
-0.4291
-0.7105
0.0451
-0.1618
-0.1260
0.1070
0.6694
-0.4085
-1.1406
0.0488
-0.4293
2.8331
-0.5612
0.7789
-0.0164
1.7748
-0.6420
-1.8670
1.5311
-0.6252
0.1916
-0.8375
-1.2536
-0.4680
-0.4620
0.5381
0.5708
1.0167
-0.7011
-0.4796
0.3280
0.4672
0.1299
-0.3145
-0.2659
-0.4876
-0.6815
0.1490
-0.4043
-0.2569
-0.1418
-0.6764
-0.2776
-0.7809
0.9572
-0.7409
2.2036
-1.2623
-0.3372
-0.1107
-0.7762
0.0315
-0.1361
0.0184
0.0415
-1.1771
-0.5691
-0.3612
-0.1067
-0.1340
-0.2892
-0.4688
-0.0824
-0.1969
0.0291
1.8760
-0.5446
0.2952
-0.8821
-0.2563
-0.5014
-0.5961
-0.8738
0.1503
1.9420
0.1191
1.5434
-2.1499
-0.3638
0.3442
-0.9693
-0.2282
-1.5867
-0.4645
-0.0102
-1.1545
-0.9570
0.0725
-0.5863
-0.0231
-0.0518
-0.3339
0.1203
-0.3705
0.8974
1.1759
-0.5935
-0.4083
-0.9000
-0.2131
-0.4424
-0.2328
-1.1780
1.3766
-0.4355
0.1790
-0.6774
-2.3186
-0.8960
0.3096
1.6362
0.6196
-0.4547
-0.2455
-0.4726
-1.2027
0.3011
0.4498
-0.4947
-0.5467
1.6593
1.3676
-0.2608
-0.8022
1.6253
0.4353
-0.5976
-0.3338
-0.5211
-0.2581
-0.1792
-0.4317
-0.3048
-0.9621
0.4279
-0.8178
0.3864
-0.0064
-0.6101
-0.0241
-0.3225
0.1158
-0.0505
0.0865
-0.1824
-1.4138
-0.7128
-0.1118
0.1540
-0.1864
-0.3808
-0.6813
-0.1364
0.2155
-0.4299
0.1073
0.6552
0.0252
-1.6230
0.5016
-0.4809
1.8826
-0.8767
1.0915
0.5975
0.5140
-0.3159
-2.0455
0.9227
-0.7074
0.1203
-0.0603
-1.0879
-0.3187
-0.3318
0.4944
1.1620
0.8665
-0.4855
-0.4184
-0.4634
0.5328
0.0428
-0.2472
-0.9218
-0.6566
-0.5846
-0.1132
-1.0918
-0.1203
-0.2987
1.0381
-0.6611
-0.5086
1.4906
-0.4740
1.4313
-1.9165
-0.0301
-0.2964
-0.6103
0.0601
-1.5900
-0.3027
-0.1698
-0.9996
-0.7703
-0.1132
-0.2804
0.2160
-0.1378
-0.4476
-0.0714
0.0290
-0.3195
0.8291
0.1405
-0.2544
-1.1765
0.0884
0.1264
1.1190
-0.6209
0.6318
0.3404
1.0958
-0.4847
-2.0702
0.8347
-0.3832
-0.2303
-0.5554
-1.2886
-0.2248
-0.4912
0.3139
0.5762
-0.0200
-0.5923
-0.4206
-0.0749
-0.5687
-0.0440
-0.1970
-0.3841
-0.4388
0.4660
-0.0927
-0.7760
0.2347
0.1023
-0.3589
-0.2186
0.3967
0.4840
-0.1073
-0.8274
-2.1829
-0.1030
0.2601
-0.3542
1.1103
-0.7235
0.5061
0.8621
-0.9382
1.5428
0.1480
0.2205
-0.3467
0.0591
-0.0504
0.6326
-0.1298
0.2359
0.2176
-0.7137
-0.5144
-0.4913
-0.4980
-0.3472
-0.5700
-0.1687
-1.0109
-0.3518
-0.7206
-0.4439
-0.9373
-0.4597
-0.5989
-0.8824
-0.6442
-0.0847
-0.1257
-0.3756
-1.1192
-0.5815
-0.5272
-0.4331
-0.3990
-0.2781
-0.4575
-0.3246
-0.5667
-0.6041
-0.3461
-0.5263
-0.2122
-0.9300
-0.2539
-0.3036
-0.3138
-0.0938
-0.8792
-0.4900
-0.6639
0.0034
-1.2269
-0.7295
-0.4231
-0.7549
-0.5828
-0.6344
-0.3226
-0.2339
-0.9430
-0.7370
-0.5403
-0.2524
0.3242
-0.4187
-0.6281
-0.1582
-0.5434
-0.4505
-0.0710
-0.8034
-0.1219
-0.1601
-0.5439
-0.0515
-0.4014
-0.6437
-0.7339
-0.4501
1.5763
-0.3284
-2.0568
0.1728
-0.0611
0.2374
-0.4863
-1.2661
-0.0758
-0.2214
-0.7966
-0.5227
0.4060
-0.3155
0.1564
-0.4363
-0.6253
-0.1704
0.4356
-0.7776
-0.4487
-0.4473
-0.2263
-0.8437
-0.4427
-0.2099
0.3109
-0.5331
-0.3007
-0.1502
-0.1961
0.0725
-2.2622
-0.0377
-0.5753
-0.5844
-0.4531
-1.3596
-0.2421
-0.2634
-0.6238
-0.6063
-0.2925
-0.4386
-0.1611
0.0959
0.2664
-0.2016
-0.1791
-0.5849
0.1970
-0.6658
-0.3532
-0.8544
-0.3588
-0.4631
-0.5185
-0.4421
-1.0454
-0.2882
-0.8589
-0.3779
-1.1725
-0.5426
-0.3016
-0.7475
-0.5536
-0.6953
-0.3987
-0.5390
-1.1979
-0.6481
-0.4091
-0.3187
-0.2292
-0.3949
-0.7088
-0.3499
-0.4781
-0.3314
-0.5175
-0.6485
-0.5277
-1.0645
-0.4204
-0.3856
-0.4275
-0.7972
-0.8727
-0.5522
-0.5802
-0.5576
-1.0003
-0.3933
-0.3597
-0.7683
-0.4186
-0.6171
-0.4118
-0.2892
-0.9706
-0.3868
-0.4410
-0.4457
-0.3348
-0.5040
-0.6811
-0.2628
-0.5530
-0.6057
-0.3175
-0.6832
-0.2372
-0.8586
-0.3544
-0.2389
-0.4900
-0.7946
-0.6038
-0.3929
-0.8496
-0.2266
-1.1560
-0.6431
-0.5238
-0.7582
-0.3761
-0.8039
-0.2632
-0.3366
-0.7194
-0.7882
-0.4911
0.0363
-0.3398
-0.3685
-0.6833
-0.3792
-0.6011
-0.5897
-0.3934
-0.6812
-0.4377
-1.0078
-0.3189
0.2495
-0.5400
-0.5594
-0.8109
-0.3785
-0.7138
0.4213
-2.1376
-0.5113
0.3542
-0.7592
-0.0158
-1.4705
-0.0639
0.0166
-0.7751
-0.6242
-0.3981
-0.0452
0.3866
-0.2580
-0.6992
-0.2036
-0.3795
-0.5657
0.0981
-0.6382
-0.3347
-1.0713
-0.3931
-0.3935
-0.3850
-0.7064
-0.9726
-0.3771
-0.6645
-0.5236
-1.2225
-0.4541
-0.5177
-0.6866
-0.6224
-1.4688
-0.3506
-0.3467
-1.0064
-0.6375
-0.4960
-0.4204
-0.4846
-0.5721
-0.7858
-0.5247
-0.5879
-0.6194
-0.4322
-0.4584
-0.3062
-0.9199
-0.2732
-0.4976
-0.4004
-0.7430
-0.5465
-0.4182
-0.1511
-0.3998
-2.0319
-0.3310
-0.5708
0.4896
-0.5600
-1.3574
-0.2155
-0.4132
-0.8549
-0.4286
-0.7051
-0.5032
-0.2225
0.1346
-0.6313
-0.4355
-0.4441
-0.5184
-0.5229
-0.5943
-0.3064
-0.9804
-0.4177
-0.3835
-0.6259
-0.7973
0.2728
-0.5739
-0.4552
-0.5289
-2.2024
-0.3871
-0.4391
0.4018
-0.6946
-1.5298
-0.2749
-0.5470
-1.0541
-0.4903
-0.4914
-0.5976
-0.2942
-0.4196
-0.8571
-0.3507
-0.4321
-0.6275
-0.2206
-0.8199
-0.2976
-0.9730
-0.4503
-0.2314
-0.4328
-0.5727
-0.2910
-0.2830
-0.1025
-0.6099
-2.2575
-0.2898
-0.5213
-0.1595
-0.4043
-1.2597
-0.4238
-0.4344
-0.5957
-0.4419
-0.3767
-0.4354
-0.1868
-0.3200
-0.4937
-0.3617
-0.4832
-0.4991
-0.3976
-0.7035
-0.3508
-1.1403
-0.2734
0.0248
-0.3619
-0.6365
-0.7644
-0.4447
-0.7121
-0.2233
-2.1918
-0.3848
-0.3455
-0.5881
-0.0230
-1.3813
0.2023
0.0200
-1.0287
-0.6795
-0.5018
-0.0003
-0.1130
-0.4148
-0.7659
-0.2845
-0.2787
-0.4208
-0.0336
-0.4751
-0.4586
-1.0012
-0.3637
-0.2408
-0.3700
-0.5803
-0.9403
-0.2159
-0.4407
-0.2952
-1.9465
-0.4848
-0.4146
-0.5110
0.1438
-1.4311
0.1351
-0.1437
-1.0174
-0.5780
-0.5727
-0.2803
-0.2202
-0.3927
-0.6875
-0.1707
0.0532
-0.4080
-0.2735
-0.5085
-0.3964
-1.1925
-0.4737
-0.3915
-0.2513
-0.5536
-0.7408
-0.5440
-0.8443
-0.4151
-2.3135
-0.4909
-0.6260
-0.2336
-0.3422
-1.0110
-0.1937
-0.4600
-0.9669
-0.6658
-0.5172
-0.5132
-0.2718
-0.3897
-0.8268
-0.3139
-0.5361
-0.4110
-0.3928
-0.4329
-0.1334
-1.0608
-0.3610
-0.0466
-0.7009
-0.6262
-0.5626
-0.5952
-0.6522
-0.5985
-2.2225
-0.3851
-0.3787
-0.2379
-0.1520
-1.1425
-0.3226
-0.4118
-0.9821
-0.7395
-0.5537
-0.5880
-0.0690
-0.4958
-0.6598
-0.3708
-0.4038
-0.5407
-0.0930
-0.6554
-0.3586
-0.3519
-0.3347
-0.2385
-0.3959
-0.6783
-0.8974
-0.6300
-0.6337
-0.5660
-2.2677
-0.3667
-0.4205
-0.6109
-0.5337
-1.4168
-0.2840
-0.5152
-0.6374
-0.2756
-0.5550
-0.3995
-0.4451
-0.3759
-0.7980
-0.5373
-0.4881
-0.5979
-0.4825
-0.6988
-0.4326
-0.5417
-0.0883
-0.4024
-0.6693
-0.7845
-0.9448
-0.4144
-0.6913
-0.4812
-2.2474
-0.2783
-0.5543
-0.7375
-0.6185
-1.4227
-0.3619
-0.2047
-0.5303
-0.3711
-0.6194
-0.5248
-0.2958
-0.3898
-0.7971
-0.3216
-0.6848
-0.4090
-0.3581
-0.3963
-0.6182
-1.1885
-0.4026
-0.5632
-0.1741
-0.6060
-0.7626
-0.5012
-0.5638
-0.5222
-2.1106
-0.3355
-0.4392
-0.6219
-0.3170
-1.6273
-0.1779
-0.4601
-0.5428
-0.4358
-0.4780
-0.3935
-0.2625
-0.5235
-0.7708
-0.2249
-0.7494
-0.5747
-0.4808
0.2535
-0.0915
-0.2423
0.0898
-0.0338
0.0535
-0.1031
-0.0641
-0.0401
0.0303
-0.0046
-0.0495
-0.1472
-0.0493
-0.2312
0.1049
0.0582
0.0588
0.1206
0.1210
0.0187
0.0404
-0.0301
0.0315
0.0575
0.0402
-0.1824
-0.0313
0.1665
-0.1200

Direct connections:
