version: 10
file format: 0

training data file: /tmp/train-lm-from-UD-corpus.sh.4bLe9LWTk.train
validation data file: /tmp/train-lm-from-UD-corpus.sh.4bLe9LWTk.valid

last probability of validation data: -374022.207921
number of finished iterations: 8
current position in training data: 0
current probability of training data: -373227.584025
save after processing # words: 0
# of training words: 1716128
input layer size: 140
hidden layer size: 30
compression layer size: 0
output layer size: 111
direct connections: 0
direct order: 3
bptt: 0
bptt block: 10
vocabulary size: 110
class size: 1
old classes: 0
independent sentences mode: 0
starting learning rate: 0.100000
current learning rate: 0.003125
learning rate decrease: 1


Vocabulary:
     0	         0	</s>	0
     1	    285585	32	0
     2	    169018	101	0
     3	    167913	97	0
     4	    103223	115	0
     5	     96535	105	0
     6	     94479	114	0
     7	     86281	108	0
     8	     86154	110	0
     9	     84957	116	0
    10	     62383	111	0
    11	     56996	100	0
    12	     53303	99	0
    13	     52245	117	0
    14	     35862	109	0
    15	     35577	112	0
    16	     18069	118	0
    17	     17077	44	0
    18	     15966	113	0
    19	     15932	39	0
    20	     15528	103	0
    21	     15367	98	0
    22	     11459	46	0
    23	     11126	102	0
    24	      9143	104	0
    25	      7944	243	0
    26	      5967	120	0
    27	      5728	233	0
    28	      5537	224	0
    29	      5152	69	0
    30	      4808	67	0
    31	      4044	106	0
    32	      3803	80	0
    33	      3792	121	0
    34	      3740	232	0
    35	      3697	65	0
    36	      3509	48	0
    37	      3432	237	0
    38	      3369	76	0
    39	      2778	34	0
    40	      2705	83	0
    41	      2517	77	0
    42	      2410	49	0
    43	      2358	242	0
    44	      2178	122	0
    45	      2141	45	0
    46	      1911	71	0
    47	      1883	66	0
    48	      1753	84	0
    49	      1588	57	0
    50	      1579	50	0
    51	      1536	68	0
    52	      1428	82	0
    53	      1383	250	0
    54	      1383	231	0
    55	      1287	74	0
    56	      1223	73	0
    57	      1197	70	0
    58	      1099	85	0
    59	      1042	53	0
    60	      1016	86	0
    61	       982	40	0
    62	       980	41	0
    63	       944	78	0
    64	       913	51	0
    65	       793	79	0
    66	       782	52	0
    67	       780	183	0
    68	       735	56	0
    69	       683	54	0
    70	       641	55	0
    71	       593	72	0
    72	       539	239	0
    73	       464	107	0
    74	       387	37	0
    75	       337	58	0
    76	       276	252	0
    77	       240	59	0
    78	       230	81	0
    79	       221	119	0
    80	       199	225	0
    81	       196	88	0
    82	       187	63	0
    83	       131	75	0
    84	       116	87	0
    85	       114	191	0
    86	        95	201	0
    87	        92	241	0
    88	        71	47	0
    89	        70	90	0
    90	        57	89	0
    91	        56	192	0
    92	        17	33	0
    93	        14	193	0
    94	        12	43	0
    95	        12	210	0
    96	        11	161	0
    97	         9	186	0
    98	         9	91	0
    99	         9	93	0
   100	         8	205	0
   101	         8	246	0
   102	         5	218	0
   103	         3	64	0
   104	         3	200	0
   105	         3	38	0
   106	         2	235	0
   107	         2	228	0
   108	         1	61	0
   109	         1	238	0

Hidden layer activation:
0.0010
0.8763
0.0008
0.0056
0.0086
0.0000
0.0000
0.9973
1.0000
0.0022
0.0000
0.0000
0.0006
0.0000
0.0000
0.0000
0.0000
0.0010
0.0022
0.0000
0.0000
0.0000
0.0003
0.0010
0.0000
0.0001
0.0000
0.0127
0.0001
0.0009

Weights 0->1:
-0.0157
-9.3378
-7.6418
-5.6775
-2.9225
0.7400
-1.3029
-1.4481
-7.3312
-8.7476
2.9969
-3.2325
-3.3106
-0.2544
-1.4774
-1.3692
-2.4364
0.8761
-1.2868
-4.1229
-4.1373
-3.0552
-1.4371
0.0104
-2.7098
-3.1729
-4.0420
-1.3739
-6.4161
-4.2501
-2.0241
-3.5233
-1.4742
5.7639
-7.5319
-0.7862
-5.0360
3.4953
-2.0839
-2.9111
-1.6349
-1.0856
-2.4192
-3.4103
3.1114
1.0376
-2.0819
-0.8433
1.0466
-1.5105
-1.0023
-1.9946
-0.7656
-1.8744
1.8529
0.0723
-1.4359
0.3472
-1.7966
-1.9492
-2.8416
-0.0577
-1.4359
-0.3106
-1.2712
-3.1369
-1.7907
3.6607
-1.1963
-1.5197
-1.0006
0.6828
0.3422
0.4950
-1.6174
-1.5715
1.0034
-1.2083
-0.9704
0.7614
1.8783
-0.6068
-0.8498
-0.0663
-0.4967
-0.5059
0.3065
0.2692
1.1784
-0.4785
-0.3036
-0.0001
-0.3263
-0.0272
-0.0654
0.4914
-0.6240
-0.1155
0.1287
-0.2005
0.2516
0.5958
-0.0351
0.2315
-0.0198
0.0100
0.1002
0.1303
-0.2509
0.0468
0.8673
-1.8857
1.1833
1.1474
2.4315
-1.9556
-0.0289
0.2678
-4.4551
1.6958
2.0355
-3.3209
0.4338
-4.8320
-3.3787
0.6432
7.6838
-3.1673
-0.4269
0.4033
-2.8738
1.5319
-0.5288
-1.5009
0.2782
-0.3596
0.1416
2.5275
-0.0828
-2.5988
0.0144
4.7958
-5.1205
0.7887
-3.3382
-6.4163
-6.4005
-3.3992
-1.3952
-4.6154
-4.4252
1.0448
-0.6778
-3.3781
-3.1993
-3.6128
-1.8280
-2.0736
-0.9577
-2.1050
-1.6007
-1.4351
-2.8979
-4.1828
0.7458
-2.8990
0.9440
0.1968
1.4052
1.8590
-0.7912
0.8888
-4.4304
0.6408
-6.4687
-1.5940
-0.3598
-6.0807
-2.8117
-1.5296
-3.4442
-3.2399
-3.1809
3.8883
3.0292
-2.7302
-0.2942
-2.5169
-2.5167
-2.4096
-2.5827
-2.8215
-1.8582
-0.9718
0.7298
-1.7137
-1.7639
-1.8567
-2.2494
-2.0824
-0.4995
0.8849
-1.9401
0.0409
-1.9283
-1.6635
-2.0752
-1.3589
-1.0431
-2.0389
-2.0918
0.6641
-0.5201
-1.4201
-1.6117
-0.3751
-2.4515
-0.9079
-1.6400
-0.9946
-0.4020
1.6290
-0.8792
0.5764
2.4216
-0.5956
0.3139
0.0301
-0.7268
-0.1502
0.0877
-1.0262
-0.0616
-0.0714
-0.2307
0.1585
-0.7568
-0.1563
0.0005
-0.0690
-0.1843
0.1350
-0.0342
-0.0180
0.0652
-0.0268
-0.0249
-0.0281
-0.0687
0.0475
1.6153
-1.4616
0.9063
1.7296
-0.9522
1.1426
0.8808
-0.0809
-0.0721
-1.6650
-2.3593
1.6372
-1.4370
-1.0828
-8.2615
-2.8727
6.5159
-4.4712
-2.5163
-1.8887
-0.0517
0.2160
0.2184
0.2673
0.7007
0.1342
0.3592
-1.8888
0.4967
-1.3092
-0.4121
-7.7497
-3.9673
-5.5229
2.7490
-5.1442
-3.7083
-5.9907
0.3627
-2.3727
-9.6004
-4.6944
-0.4944
-2.0517
-4.6158
-2.2163
-2.3046
-1.7804
4.0543
-5.0719
-2.1098
-5.4360
-0.1479
-2.2849
0.0338
-3.0865
1.0876
1.1309
-3.9850
-1.1153
-2.6056
-3.4166
-4.5973
-2.2484
-5.8294
-3.8959
-4.5625
-0.7341
-3.2131
-2.1934
1.4930
0.3099
-3.5082
-5.8855
-3.9507
-4.7623
-3.3595
-2.5780
-3.8603
-4.1924
-3.5231
-1.2266
-1.1128
-3.8340
-1.0036
-0.1282
-2.8741
-3.1346
-3.8423
-3.6869
1.4934
-3.9224
-0.0320
0.2588
-3.2916
-1.4052
-3.0930
-1.9786
-2.5051
-3.2031
-3.1103
0.2854
-1.8657
-0.2373
-1.1930
-1.5049
-4.4308
0.1338
0.5545
-1.6753
-4.8503
-0.7001
-0.6592
-1.3841
0.5730
-1.2315
2.6231
-2.7793
-0.9304
-1.0600
-1.0563
-0.5374
-0.4430
-1.5631
-1.0826
-0.5691
-1.1670
-1.8936
-1.2854
-0.1736
-0.3404
-0.3078
-0.7626
0.1116
-0.0191
0.2761
-0.6229
-0.0740
-0.0894
0.0367
-0.2032
1.1625
1.4433
0.7407
0.4455
-0.5105
0.8713
-1.3566
-0.3554
-1.7273
-2.3540
0.6597
-0.1051
-0.0626
-1.6020
-1.7552
-5.8207
-0.3080
-0.7921
1.7767
0.3520
1.1984
-0.4459
-1.8187
2.1259
1.2347
2.1861
2.5739
0.0527
-1.8171
0.3393
-4.5229
1.4764
-3.1623
-3.0653
-1.2128
-2.4030
-5.9884
-6.6512
-4.0788
-4.4656
-2.9326
-7.8670
-0.3765
10.2423
-6.3810
0.4321
-0.1901
4.7557
-2.5755
-2.8621
-8.5659
1.9281
-5.9963
-5.2059
-4.3608
1.0732
7.3736
-2.3840
2.0307
-5.3331
-1.5924
3.0188
-3.0594
8.7880
1.7897
-5.4739
-0.3862
-0.1997
1.0229
-5.0271
-4.2190
-5.2619
2.2565
-0.4289
7.5741
3.0692
-4.2872
-0.7990
-4.8356
-4.5990
-1.9624
-0.9764
9.2742
-2.9920
-1.9253
-0.4427
-1.2812
3.9519
-3.5880
-3.7417
-2.1281
-1.5767
-1.3214
-3.4498
-0.1704
-4.1139
3.4831
-4.2524
-4.0854
-4.0762
-4.2114
4.4654
-1.8145
-3.0646
-1.6169
1.9802
-1.8051
2.3982
-1.5467
3.8871
-0.7753
-1.4548
-2.1375
-1.9941
2.3887
2.3264
-0.6166
-1.7069
-0.7325
-1.5106
1.2260
-0.8598
1.0932
-1.4721
0.9124
1.0111
-0.1794
1.3272
-0.1881
0.8705
0.1914
0.8276
0.2536
0.1263
-0.0965
0.2358
-0.0106
-0.2496
-0.1332
-1.8900
-1.2118
1.3410
0.3280
2.1835
1.1617
1.1482
-1.8380
1.4479
0.1481
1.5147
1.1778
0.6369
-5.9269
3.3650
2.2643
-3.2225
-1.6596
1.1631
7.1189
-0.9650
2.5367
-5.0868
0.6701
-2.7469
-5.2990
-6.7477
-2.3316
-0.5156
-3.4279
0.0552
-7.6193
0.2196
-0.8369
-8.4531
-2.0925
-7.0541
-7.1406
-4.3146
-4.5498
-3.9217
-2.7230
-3.5201
-0.1089
-6.1475
-6.6562
-2.9461
8.6864
-1.4067
0.3348
-3.4184
2.3946
5.5889
-4.0762
-1.1126
-1.1892
-1.0189
0.0695
-1.3225
1.5981
-3.7316
-4.8929
-2.0021
-1.5491
-0.5105
2.7121
1.1656
-1.5108
-3.2740
-2.5363
-2.1035
-3.4501
6.2880
1.8355
-0.1498
7.8500
-0.5623
-3.2071
-2.8109
6.1123
3.7119
-2.3301
-2.2786
1.9640
-2.7302
-2.9812
-0.8136
-0.6180
2.0916
3.8965
0.1069
-0.2157
-0.1341
-3.0781
3.5095
0.9488
3.9475
2.0371
4.0575
3.6822
3.4761
-1.2652
-2.3604
-2.4577
1.7590
2.0607
1.9052
1.4062
-0.9862
1.2509
0.6901
-0.7390
0.7981
-0.4632
-0.3375
0.1554
0.1862
-1.5131
1.6114
-0.6994
-0.6648
0.4363
0.3664
0.2187
1.2800
-0.1723
0.5507
1.5405
0.1270
0.4735
0.3549
-0.1062
0.4312
-0.1182
0.3956
-0.1778
0.0834
-0.2436
0.1600
-0.0991
1.5795
-1.9136
1.3503
0.1372
-0.4477
-0.7677
1.5233
0.8168
-1.4116
3.4454
-1.9920
-0.1178
-1.0581
-4.0272
-5.4412
-3.8786
5.5019
-0.9015
-0.8658
-0.5958
1.1221
0.3891
0.4716
-0.2675
-3.9912
1.3537
0.1042
-1.1202
-0.6127
-1.5105
-0.1591
-0.9854
-2.7492
-0.9423
-4.3560
-3.7554
-0.9811
-4.2513
-0.3133
-5.0979
3.9856
-6.1400
2.4696
-4.0375
-0.1200
0.1697
0.7328
-1.2708
3.1540
-0.1142
2.2226
-3.8195
-2.2962
-6.3322
-2.1191
0.1194
-0.7235
2.0639
2.2210
8.4721
0.2630
0.2109
1.5459
-1.3505
1.2614
0.1444
-2.8200
1.2514
1.4303
-3.2960
0.5147
0.0429
-1.6543
2.0809
1.6569
-4.1159
-0.9110
-0.0601
-0.7501
-0.3294
-0.1091
-0.4197
-1.1937
1.3986
0.4583
1.4852
0.6076
-0.9744
0.2824
-1.5878
-2.7827
-0.6241
-0.3152
4.5530
-1.0297
2.9617
-0.5574
7.4589
-0.8422
-1.6357
-0.2276
-1.1237
0.6403
0.2880
-1.4666
-0.5960
-0.4282
-0.2112
2.1273
-2.2667
-0.2917
-0.3613
-1.0359
0.8745
0.2588
2.5607
0.5352
0.9351
-1.2033
0.0257
1.7777
-0.1779
-0.7745
0.8170
-0.5562
-0.4216
0.7994
0.0256
1.5465
-0.0962
-0.2869
0.0645
0.1608
-0.0670
0.2283
0.2086
-0.0706
-0.0450
0.0388
-0.0317
-4.5929
-0.0065
-5.7794
-0.3351
0.5534
-0.8297
2.0465
-2.4865
0.0015
-6.6850
0.1512
-2.7652
1.9824
0.4940
7.1439
-3.3607
-5.7591
-2.3210
0.4429
3.2337
-3.1836
0.7794
-1.3119
-4.3036
2.1066
-2.1451
-5.7599
-9.1921
-4.6671
-8.1607
0.2928
-6.9960
-6.9371
-5.6292
-5.3880
-3.8303
3.3591
0.9774
-2.3268
-3.5138
-11.3435
-6.6515
-1.5659
4.7427
-2.5231
-2.9639
-1.7125
-5.5592
0.7425
-0.2109
-1.3444
-5.0965
-5.5218
-2.9822
0.1287
0.6742
-2.3993
-2.8900
-5.6553
-4.7316
-0.3405
2.5968
-5.2575
-5.1402
-8.1875
-5.1853
0.8429
-7.9681
0.7647
0.0362
-2.0522
-1.9857
-0.7942
-2.2114
-0.3643
-2.0157
-3.1843
-1.6441
-3.2308
-1.1601
-0.7772
0.6049
-1.6235
-4.4277
-2.8539
-1.1259
0.0749
-3.0396
-3.9492
-0.7796
-4.2203
-0.9641
-1.4414
-2.2190
-0.9830
-3.5794
-1.1536
-1.4249
-1.8312
-1.5445
-1.1139
1.2779
-1.1336
-4.3123
-0.9146
-1.6682
0.6350
-0.8342
2.9081
-2.3258
-0.4937
-1.6291
-0.9422
-0.5842
-0.5890
-1.4167
-1.1241
0.3674
-0.6993
-0.1823
-0.1847
-0.1755
-0.8056
0.1828
-0.6587
-0.2169
-0.8412
-1.5214
-0.7484
-0.2649
0.4975
-0.0744
0.0511
0.0200
0.0350
0.0369
0.0448
-0.1154
-0.2168
-0.0603
-2.5937
-1.2212
-1.0080
-1.5864
-1.8342
1.0469
-1.3954
-0.2211
-0.4344
0.2831
-2.1200
0.6477
2.5765
2.5139
-1.0014
1.4423
3.0040
-4.3431
0.1601
-3.6223
-0.7843
-3.0917
0.2539
0.4890
0.2796
0.3631
0.9597
-1.8616
-5.1879
1.8184
0.2863
-6.7871
-10.2431
-8.0330
-5.5220
-1.2996
-7.7505
0.3257
-5.5298
-8.1756
1.3177
2.2639
-1.5076
-8.6373
-5.6588
-3.7065
-0.3175
1.0972
-0.8377
-6.8528
1.6603
2.2170
0.0871
1.2908
-3.4188
-4.7479
-2.7495
-0.6912
0.6219
2.2105
1.8220
0.2392
0.0325
0.7282
-3.8275
-0.7073
-6.0007
-1.3422
0.9632
-2.0603
0.0393
0.3241
-1.9547
5.5652
0.6214
-3.7175
0.4544
-1.8574
3.4921
4.1675
1.0192
0.6390
2.3994
4.4880
2.0367
0.6073
-0.5833
1.0517
-0.5073
1.5554
2.3162
0.5218
-1.7632
1.5780
1.2799
0.7745
2.2297
0.3162
1.7514
2.1658
2.6827
1.0398
-0.1368
0.5010
-0.4303
1.1692
0.6408
-0.3472
1.2438
2.7007
-0.5527
0.1889
-0.0649
0.3513
0.4816
3.3989
0.1083
0.6665
0.4716
0.9311
0.5262
-0.2669
0.2882
-0.0200
0.1534
0.1210
1.1354
0.0895
-0.0309
-0.1598
-0.0621
-0.0966
0.3601
-0.3443
-0.1049
-0.1737
0.2587
0.0067
0.0232
-0.1249
-1.1458
-0.9678
4.2496
2.4279
1.0593
-0.7178
-7.1026
-1.3079
-4.0515
-1.9183
-3.3007
-4.3731
0.7961
1.6352
0.1893
-6.6483
0.7216
-2.8990
-2.4762
-1.7309
1.6740
0.6967
0.1041
6.4193
-1.0733
-1.6726
0.8715
0.3719
2.4849
-1.7490
-0.0758
22.1753
-1.2541
-4.6544
-8.2191
-3.0091
-3.4831
-4.2370
-3.6981
-5.1278
-2.9295
-3.9260
-7.1843
-4.8244
-8.1078
-7.8360
-6.1194
-4.4533
-5.1924
-1.8337
-5.2574
-1.3690
-4.7465
-4.9249
-2.9228
-4.4137
-4.9092
-0.9295
-3.9812
-3.7715
-2.4516
-1.6022
-3.0263
-4.5953
-6.9875
-2.1228
-3.6558
-6.3766
-2.4651
-3.2986
-2.9638
-2.6557
-2.6470
-0.0769
-5.8246
-2.8213
-2.0563
-1.9292
-3.1495
-2.3672
-2.7675
-2.9936
-2.6737
-4.9347
-3.5779
-1.3086
-3.0594
-2.5395
-5.3581
-2.5003
-1.2318
-0.1000
-3.4513
-2.9548
-2.1153
-2.5196
-2.7857
4.8155
-2.3737
-2.0394
-2.3270
-2.4172
-0.6706
-4.2889
-2.7721
-2.8645
-2.1536
-2.5642
-1.0807
-3.2354
-0.2815
-2.4779
-2.7851
-1.2997
-1.5273
-2.4402
0.6481
-3.2374
-1.5625
-2.1659
-1.1648
-0.1570
-1.6938
0.0355
-1.5756
-0.2021
-1.4965
-0.6399
-0.9522
-0.9267
-0.1695
0.3059
-0.1912
0.3281
-0.0197
0.2219
0.0418
0.2104
-0.0644
0.0798
0.6970
-0.6189
-0.2610
0.3051
0.3971
-0.7541
1.1618
-0.6356
0.0647
-0.3530
-1.8472
0.7240
0.3987
-3.3749
-1.5374
-1.8757
1.5037
2.4949
-0.0791
-1.1470
0.8621
0.6584
0.1434
-0.9921
-0.0242
0.4369
0.3748
-1.7277
-1.2912
-0.6443
-0.5284
-8.3595
-3.9409
-7.2433
-0.8494
-10.5260
-4.2620
-3.7790
-5.3502
-4.0703
-8.5137
-4.0328
-4.9525
-4.2896
0.2795
-1.7320
-4.0633
1.2615
-5.5242
0.4959
1.4743
-4.5888
1.1229
-1.2947
-2.2572
1.2303
0.9787
6.4786
-3.2735
-3.9642
-1.4978
-1.8403
-5.3248
-1.3067
-4.3273
-3.9514
1.5017
-3.6503
-3.3760
0.9749
-1.8639
-3.8937
0.7055
-6.1582
-4.2023
-7.5851
-1.7994
-1.1080
-1.5562
-0.4099
2.0034
-2.1085
-5.1674
2.7175
-2.7428
-2.4997
-4.2244
-2.9859
-3.5705
2.5742
0.7579
-0.8042
1.6390
-3.3308
1.5832
-5.5480
1.6476
-2.1209
1.9078
2.5622
1.4371
-0.8709
-0.8975
-2.1022
1.0076
-0.1220
-0.2160
1.6621
-1.7737
-1.5530
-3.1163
-0.4137
0.8303
-0.6781
-0.8456
-0.8594
0.0590
-2.7531
-3.1477
-0.8107
-1.4939
-1.8974
-0.0564
-0.4675
-0.4245
0.1354
-0.0729
0.1545
-0.3497
0.1703
-0.1113
-1.1019
-0.4991
-0.2539
0.1347
0.0480
-0.2700
-0.0055
0.0206
-0.0204
0.1920
-2.3074
0.9218
-1.1863
1.7927
0.3808
-0.0965
-0.8799
-1.9785
-0.6365
-1.1215
1.1193
-0.0071
0.8293
1.5647
-0.3445
-5.3977
2.9332
0.0509
0.6321
0.5272
0.1679
-1.2887
0.4534
1.0737
1.9532
1.3414
-0.3406
-0.4821
0.3691
-0.2131
-7.8247
-3.5381
-6.1754
-1.1211
-7.3439
-1.9561
7.2747
-0.2718
-7.8737
-4.3668
-4.5566
-3.2199
-6.6453
-1.9005
-7.4224
-1.1685
2.0680
-3.5825
-0.7065
-6.4366
-6.5830
0.3806
-4.1495
-3.9309
-4.3398
0.2689
-2.9568
-3.1117
-4.1562
-3.5451
-0.0446
-3.6113
-3.4158
-2.3617
-4.2936
-1.9480
-9.0515
1.2151
0.5607
-0.9253
-3.5486
-3.0253
-5.8624
-1.4635
1.2376
-3.1912
-3.3001
-4.9230
-3.6261
-5.2871
-1.7846
-1.5610
-4.3684
-3.4403
-2.7387
-4.6276
-3.3045
-4.9033
-3.4462
-3.2804
0.2091
-2.1015
-2.4175
-3.5927
-5.0681
-3.4814
3.2932
-2.6697
-3.1059
-3.1522
-2.7363
-4.2690
-0.8211
-0.9263
-0.0541
-0.7723
0.4878
-1.3607
-3.0350
-3.2116
-2.4338
-0.5105
-2.4961
-0.5340
-1.1538
0.2265
-0.0231
-0.6942
-0.4126
-0.5405
-2.4144
-0.6034
-0.9491
-0.7736
-0.4338
-0.7912
-1.5724
-0.4669
-0.0128
-2.5022
-0.5530
-0.4922
0.1041
0.5910
0.0173
-0.8814
0.0915
0.1052
0.0990
0.5593
-2.5457
-0.2696
1.3023
-0.1276
-0.0572
1.8550
0.8331
0.2643
-1.4348
1.7016
0.9831
-0.3742
-3.3829
1.0329
1.4839
2.5093
1.4640
0.0143
-0.8497
-1.1830
2.1483
-0.1418
1.0598
-1.5126
-3.1057
0.4178
-0.4155
-7.6132
-1.1252
-0.0763
-10.1883
-1.5139
-8.2541
-8.1121
-4.4351
-7.6372
-6.8207
-1.0679
-3.8492
1.6872
-7.3737
-2.5817
-9.1310
-6.1568
-1.9854
0.7838
-3.6765
7.2892
5.2263
-3.3191
0.4968
-4.1124
-4.8423
-3.6822
-3.6798
-1.3662
-0.4153
0.5748
-0.9685
-0.0784
-4.7048
-0.2091
-3.5907
-1.1075
-0.8528
0.4314
-6.8569
4.3697
5.1517
-0.2588
0.2692
-0.6205
0.5077
4.4900
-3.8251
1.3609
-0.4059
-0.3201
-1.6171
-0.1712
0.7399
0.1462
2.0909
3.0994
-0.5565
-0.5608
-0.1767
-1.9340
-0.3992
-0.0039
-0.8367
5.0835
-0.7829
-0.5672
-0.3006
-0.5627
0.1179
-0.6974
-0.4421
-0.4306
0.2194
-2.6080
-0.3439
0.0468
-1.5524
-1.0408
-0.6762
0.2343
0.4236
2.7520
0.0404
-1.2239
-0.1232
-0.2948
-0.2345
0.0625
-0.5986
-0.2063
0.3196
-0.2393
0.2374
-0.1173
0.1056
0.2763
-0.1475
-0.0384
-0.0141
-0.0831
0.0052
0.1481
-0.1852
0.2411
-0.2586
0.0541
-0.0407
0.2639
0.1773
0.1230
-0.2070
1.1640
-1.7079
1.7776
-9.5859
-2.6903
-2.0578
-2.8329
3.0104
-5.4270
-1.2115
-1.4014
0.9903
-7.1746
0.2314
9.5721
-0.9365
-4.8896
0.0173
1.0319
-0.2326
1.4868
-3.4212
2.4570
1.5682
2.3249
-0.2297
-1.9582
0.3574
-1.5946
1.3104
-0.0767
-9.7087
-9.3539
-6.3190
-2.2384
-9.8951
0.3502
-2.2564
-1.3216
-7.2129
-8.6182
-4.5154
1.9978
-7.8921
0.6658
1.7166
1.9910
-4.6735
1.2749
-1.4638
-7.4977
-0.4362
-3.9710
0.1571
0.6204
-7.0584
-0.0395
-3.1572
-6.3584
-3.7665
2.9720
1.8539
0.3785
-4.2708
-4.2444
-6.6220
-2.7051
-7.3985
-2.1334
-4.5639
-1.1320
-1.2684
-1.7201
-6.4194
-1.3684
-5.3260
-3.1752
-2.8593
-1.8374
-4.2222
-2.2489
-2.6245
0.5041
-2.7676
-2.4530
0.4135
-3.3688
-1.4737
-3.6206
-1.2230
1.3151
-4.1941
-4.5469
-1.3925
-2.2888
-1.7663
-1.5541
-0.4956
-2.1291
-1.8971
-2.5042
-0.6986
-0.9204
-3.8161
-2.2926
-2.9635
1.4333
-0.3929
-0.4029
0.7708
-4.2037
-1.7283
-1.4323
-1.7659
-0.0170
-2.3201
-3.0750
2.1832
-1.7177
-1.0130
-0.5181
-1.7600
-1.4099
-1.1679
-1.0235
-1.1196
-1.4325
-1.3710
-1.7526
-0.1331
-1.2599
-0.1367
-0.9674
0.2270
-0.1865
-0.0954
-0.1205
-0.4810
0.0813
0.0465
0.7102
1.0014
1.6583
-1.1858
-0.2050
-0.3128
-1.8607
-0.2326
-0.0122
1.2013
2.1631
-0.3856
0.9031
0.9864
2.2349
0.1378
0.9883
-1.4464
-0.4024
-0.0246
-0.8649
-0.8627
0.9924
-1.2736
-1.9106
-0.2498
-1.4253
-0.1478
2.0832
1.3483
-0.3737
-8.2571
-2.3752
-4.6063
-8.5968
-3.7206
-2.5012
-8.2839
-4.6900
4.2491
-5.2319
8.7088
-6.0480
-3.5712
-5.5796
-3.4510
5.0474
1.8819
-2.1882
-6.9190
6.0985
2.8918
1.9702
2.5180
-0.6889
-5.2782
-4.5980
-2.6826
-4.5114
-4.8431
-3.1666
-0.2284
-4.7227
-3.3774
-2.6020
2.9733
-2.9904
-4.9751
-3.5399
-3.9150
-1.2132
0.2941
-3.1124
-4.1368
-3.7101
-4.2643
2.8084
2.4169
2.0428
-2.7202
-4.2528
2.9526
-0.1585
-4.8073
-1.1482
0.1051
-4.0479
2.6067
-1.6646
-2.9392
-3.1269
-3.0074
-2.7384
-0.2862
-2.7599
-0.8802
-2.5034
-1.7539
-2.4189
-3.1675
-1.8564
1.9955
-4.3318
0.8036
-1.7665
-1.0875
-1.5467
-0.5401
-1.3122
-3.2577
-2.3710
-1.2473
-0.9084
-1.0886
-0.7032
-2.4468
-1.6933
0.8103
-0.8672
-0.5738
-0.8851
-0.6788
-0.7411
-0.8547
-0.8864
-0.6220
-1.5335
-0.3072
-0.9454
-0.4343
-1.5665
0.2791
-0.7890
0.0111
-0.9919
0.0343
-0.7452
0.0839
0.1791
-0.3622
0.4632
-0.0105
-0.9033
1.6305
0.6100
0.2009
-0.2472
-0.2762
-1.4604
1.7159
0.3589
-0.1354
-0.5232
-2.9785
-0.6579
-0.4236
1.4050
2.6850
-0.8165
3.4303
0.5226
0.8497
-0.1210
1.3147
-0.7383
-2.9507
-0.5861
-2.5197
-5.5634
-0.3411
0.0616
-2.7148
2.3930
0.5421
-3.8868
-1.8696
-5.4674
3.3036
-3.9684
-4.7416
-5.4555
-2.9795
-3.1891
-5.2129
-1.0301
-2.5807
3.0624
-0.2751
-0.4671
-4.6333
-3.1018
4.7504
-0.6861
-2.9015
-0.5825
-1.8267
3.5706
-0.9244
-2.3633
1.3652
-1.6502
2.1000
-4.8349
4.0201
0.3669
-0.6868
-2.7307
-1.3458
1.6236
-2.3164
-1.1007
-2.5735
-4.0683
-1.7829
-3.1467
0.4646
-0.7280
-2.0673
-2.5674
-0.7349
-2.0581
-0.4948
-3.4602
3.1532
1.2624
-3.3904
-3.9240
-3.8950
-3.5793
-1.8355
-3.2945
-3.1546
-0.0529
-3.1752
-1.8092
-3.2744
-1.7200
0.2515
-0.7104
-1.1497
-0.8831
-1.3159
-0.2095
-0.9668
-1.9777
0.8102
-0.0973
0.2498
-0.3371
-1.6656
0.0695
1.1290
0.1995
-1.8951
0.2260
-2.3349
-0.4177
0.1504
2.0720
0.6275
-1.1730
-0.3662
-0.1013
0.7746
0.6038
0.1614
-0.9591
0.0673
-0.9707
-0.0986
-0.3905
-0.0642
-0.2245
-0.1006
0.2534
0.5435
-0.1105
-0.0277
0.0317
-0.0129
-2.2765
-1.2670
-6.8143
-0.4337
-4.6831
2.5014
2.3483
0.5271
0.0525
-0.4193
0.1088
0.8327
-0.0201
-1.3742
-9.3181
-0.9315
-0.7781
-7.5977
-3.7609
2.4441
-1.7202
-1.8750
-9.5287
-2.6717
-8.6120
-3.6257
4.0091
-5.5938
1.4811
-0.9565
0.0898
-7.2945
-1.4510
-5.7709
-4.1377
2.9183
5.0495
-1.7852
3.3183
4.1518
-5.1990
-3.1767
-6.7281
1.9590
-4.3596
-1.8449
-5.6592
-2.4476
-3.7092
-1.0982
-3.8342
-1.9234
-3.5007
-5.4997
-5.8714
-1.4325
-5.5503
1.8228
0.1860
-3.9820
-0.4564
-5.1383
-2.3784
-4.6940
-0.5974
0.7349
-2.0573
5.9183
-3.4625
-1.0306
-1.0138
-2.3333
-2.0122
-2.1590
-0.3964
-3.3391
-0.9640
-0.8684
3.1896
-4.1280
-2.3780
-0.4410
-2.7678
1.1585
-0.7187
-2.0641
-0.2697
-1.2457
-1.6154
-1.1087
-2.2696
-3.7376
-1.0460
0.3266
-1.7173
0.7723
-1.6273
0.6179
-1.3849
-1.1184
-1.3746
-1.0903
3.4431
-2.7136
-1.3893
0.3242
-0.3911
0.7696
-1.8826
-0.7301
0.7892
-1.8385
-0.2478
-0.4206
-0.9470
-1.2807
2.9969
-2.1902
1.2713
-1.1932
-0.7223
-0.0680
0.4693
0.9420
0.2589
0.5561
-0.1390
-0.3782
-0.9791
0.0556
0.3276
0.0247
0.7853
-0.2231
-0.1739
-0.0260
0.1789
-0.0523
0.1217
0.0739
-0.8547
-0.1161
-0.0588
0.1587
2.0724
-0.4759
-0.5070
-2.2574
-0.1364
-4.4340
-3.8382
-0.9493
-5.6750
-5.4289
2.3387
-2.6021
-1.2359
1.2290
-0.8619
3.0440
-1.4771
-1.8942
-0.9724
-2.3964
3.2244
-0.6327
2.7653
-0.1513
-1.8324
-2.0786
0.0893
-2.9710
-1.2636
-6.5914
1.2156
-7.2039
1.0953
1.1061
0.2576
-0.4140
-6.4359
2.1104
-0.0860
-0.7210
-1.7264
2.3142
1.4535
-1.3944
-2.5671
-4.7904
0.5076
1.2545
-0.8541
-2.7967
-2.3129
-2.3676
0.1560
-2.0371
-4.0871
-1.5889
-1.4907
-1.4324
-0.0490
-3.2983
-4.7375
-5.8300
-3.3838
-0.9484
1.3853
-2.5318
-0.5875
-1.4003
-2.4160
-2.6187
0.0943
-5.1131
-0.2921
-1.6155
-0.3168
-3.3780
-2.3562
-0.5206
-1.3537
1.9351
0.0812
-1.4568
-6.0429
-1.7374
0.1569
-2.9297
-3.9046
-3.4137
-1.4486
-0.1345
-2.7252
-2.8414
-3.3172
0.5700
-2.8638
-2.7592
-3.2219
-1.8592
0.3227
-3.1364
-1.9469
-1.8690
2.3488
-0.6081
-2.2981
0.9640
0.1310
-1.2838
-1.0846
-0.5010
-1.1559
-3.2460
-2.5229
0.0654
-2.9843
-1.4690
0.4633
-0.9447
-1.5251
-0.1373
-2.3741
-2.7888
-1.7898
-0.1641
-1.5185
-0.0872
0.4011
0.2980
-0.0228
0.0338
-1.1747
0.1013
-0.0095
0.0872
-0.0646
0.0846
1.0522
-0.1081
2.7804
2.1571
-0.6762
0.9714
1.5093
0.4333
0.3337
-6.7288
-2.2140
4.7844
-2.1661
-3.8224
-4.3064
-4.8967
-6.7214
-6.6477
-5.8922
0.6996
-1.0832
-0.1998
-2.4499
-0.6634
6.4282
-9.6310
2.6652
-9.1766
1.3366
-2.5453
-0.6417
-9.4589
0.6447
1.0321
-1.6480
-0.4084
-3.0740
-1.2699
-1.0556
-2.1648
7.9061
-1.5650
-0.9157
-8.0525
-4.5547
0.5563
-3.1712
-5.4355
3.3810
-10.7407
-2.8106
-2.0475
-6.8125
-1.3378
-3.6929
-1.0412
-4.7338
5.0411
1.4395
0.2386
-2.6953
-0.7023
-3.0386
-1.7571
5.4102
-2.6076
-8.2625
-1.8362
-2.1036
-4.5254
-5.8568
-5.4950
-5.6420
2.8098
-2.6828
-6.3355
-4.6155
-3.9242
-6.5433
-4.4791
-5.5463
-4.9980
-6.1367
0.4536
-2.0038
-3.2213
-1.4411
-6.0213
-4.8583
-6.6571
-4.7557
-5.4109
-3.0508
-5.6907
-5.4401
-3.6933
-5.5137
1.2140
-3.8802
-5.1192
-4.9030
-5.1223
-0.5305
-1.9362
-3.1124
-2.6976
-4.5184
2.3636
0.0387
-3.3957
2.0105
-3.3134
-0.4812
-3.6575
-3.2165
-4.0658
2.6395
-3.8503
-3.8839
-3.7746
-3.0356
1.7921
-1.6871
0.5811
-2.3750
0.9349
-2.9255
-3.4943
-2.8189
0.0354
0.4802
0.5384
-0.0161
0.1242
0.1914
-0.3047
0.0624
0.2454
0.1114
-0.1409
-0.4370
0.0521
0.2442
0.7043
0.3658
0.7422
0.1614
-0.1184
0.0843
0.1360
1.0379
0.1089
-0.4029
0.8028
1.2249
0.1771
1.7175
-0.4528
-0.4729
0.0951
0.1825
0.8685
-0.3161
0.9273
-0.4253
-0.4438
-0.9513
0.1351
0.7916
-0.1468
-0.2964
-4.6890
-0.1532
-9.9715
-6.0936
4.6324
-7.2622
-8.7359
-3.5015
-3.7859
3.0373
-1.6650
-7.9026
0.6148
10.3165
-2.1513
5.0932
6.9918
-3.8772
-6.2513
-3.9548
-1.8719
2.5238
-6.2560
-1.9893
-3.7601
-4.8236
-0.6571
-2.6749
2.0156
-3.5975
-1.7004
-3.5533
1.3129
-2.2342
-3.1580
-0.2779
-1.1416
-2.5329
-1.2389
-2.9450
-0.4286
-0.5305
4.6896
-1.4562
-6.0903
1.3749
-2.6635
-3.2342
2.7429
0.1962
-1.3410
-0.6584
5.1296
1.7592
-1.2214
-3.2498
-2.1525
-2.3446
-0.8102
0.1236
-1.7864
-1.1434
-0.7621
0.6409
0.0451
0.6653
-2.1697
0.8252
0.2819
0.4243
-2.4944
-2.7431
0.8419
-0.5792
1.0661
-2.9247
1.5634
-1.1780
-0.4231
-0.7147
-0.0035
1.4075
-0.7985
-1.1627
-0.9305
0.1554
-0.0211
0.4404
0.2018
-0.3106
-0.7266
0.2998
-0.7618
0.5963
0.3914
-0.9375
0.2241
-0.8936
0.0122
-0.5723
-0.1667
-0.1511
0.0644
0.3120
0.3838
-0.4643
-0.0533
-0.0360
-0.0677
0.4648
0.4327
1.8269
-0.1987
1.7293
-8.2201
4.4369
-2.0912
-1.8572
0.1539
1.6516
-0.6468
0.0424
-6.0624
-8.4570
0.0908
6.3938
1.9164
-0.9475
2.7515
-0.4063
1.1729
-2.2698
-2.9053
-0.8025
-0.5816
-1.9722
-0.2059
-0.4744
-4.6529
0.0341
-5.8442
-8.5409
-0.4261
-2.9888
0.6006
-0.2274
-7.0069
-4.9444
-6.7600
1.1706
-0.3245
-6.4125
-0.3036
-4.1563
-1.3098
-4.3548
-0.2032
1.7552
-8.6310
-0.2809
-3.2539
-1.3273
-5.1879
-6.3922
1.3094
-0.7495
-3.9087
-1.4931
-2.4222
-4.9659
-4.4701
-0.9419
0.5428
-3.9422
0.7320
-1.3888
0.6412
-4.2595
-3.8493
-0.8366
-4.2618
-1.9555
-2.9221
-2.1368
1.3378
-4.0713
-2.5519
-4.3533
-2.7891
-2.5016
-2.6553
-2.6491
0.6646
-2.9128
-3.5417
-0.5572
-3.3758
-2.2525
-3.3669
-2.4069
-2.0601
0.2170
-1.7021
-2.3726
-1.2178
-2.9045
-0.9277
-2.6038
-2.3463
-2.3893
-2.0810
2.3586
-1.0348
-0.0274
1.0473
0.1753
0.4454
1.7093
0.9938
-0.9664
-2.2496
1.0507
-1.4150
-1.0458
-0.9663
-2.4065
-0.8105
1.7193
-1.7348
-1.6977
0.5485
0.7689
0.3381
0.9224
0.8792
-0.6190
0.1740
-0.9883
0.2197
0.3566
-0.1676
0.1596
-0.0598
0.3346
-0.5244
-0.1055
-0.0242
0.0943
-0.0351
-0.1029
1.2544
0.3609
-4.3656
-1.0972
-1.3786
0.8757
-0.2153
0.3143
-10.2052
-0.0212
-1.9683
-0.7264
-7.4886
3.2438
0.6932
1.0665
-2.0954
1.3198
-3.3459
0.3636
-3.2948
0.0752
1.3913
1.6567
-10.4892
-0.2398
-0.3212
-4.0003
-1.7034
-0.0039
-7.6446
0.4895
-1.7811
-1.7163
3.4427
-3.5246
-7.9850
-4.9365
-6.1363
-3.7719
0.2077
3.6805
4.0674
-2.3226
-6.6865
-3.3371
2.8968
-3.6403
1.3750
1.6699
-2.9823
3.6169
-4.1859
-0.6543
4.6163
-1.7151
-1.8558
0.0246
1.0686
-0.1319
1.2277
0.1120
1.9116
-1.3424
-1.6063
1.0101
7.1416
-1.6757
-0.4519
-2.8843
-2.0038
-1.7599
-1.8070
0.4989
1.6904
-0.3356
-0.9856
-1.7637
-1.0481
-1.6117
-2.4872
-2.2938
-0.5894
-1.1244
-0.5143
0.5568
-2.3367
5.4493
-1.0385
-0.4252
-3.0885
-0.5605
-1.5365
-1.5115
-0.1308
-0.7879
-0.0691
-1.0164
-1.0942
-0.7430
-0.0775
3.5865
-1.5213
-0.8257
-0.4364
-0.5575
0.5805
-1.6730
-1.6219
0.6934
-1.4167
0.6473
-0.2111
-1.1234
-0.4355
0.4514
-1.0361
0.9420
-0.4404
0.0119
0.2197
0.1538
0.5454
0.5721
-0.0947
-0.0888
-0.0299
-0.6698
0.1849
0.6035
-0.2691
0.6417
-0.2323
-0.0631
-0.0805
0.3881
0.1063
-0.0828
0.0169
2.8433
1.1908
-11.9334
-0.3767
-3.4348
-1.5867
-1.9274
1.1919
-1.7798
0.2636
-3.7091
1.4812
0.7485
-4.8336
-1.8028
-1.3987
-3.1964
-1.9381
1.2656
-0.7362
-4.5031
0.8669
3.2618
-1.6482
2.9189
-0.1988
-0.0544
0.4541
-6.0089
0.8447
-0.1419
-3.3435
-0.7387
-3.6204
-8.9012
-6.1864
-2.1908
-10.4758
-6.8373
-6.4970
-9.6965
-5.9093
-8.3457
-3.8744
-8.2046
-8.6031
-2.9270
9.2365
-1.6918
-10.6577
-9.3742
-6.4330
6.2679
-3.7297
1.0566
-2.1425
-1.3250
-3.8746
-3.1111
-0.8439
0.0455
-1.0167
-2.9958
-0.9734
-0.1528
-3.6226
-0.0615
-3.6258
1.1986
-3.6115
0.5074
-0.9078
-2.0847
-1.2853
-2.5275
-0.4138
3.5148
-2.4024
-0.8070
-1.9418
-2.9147
-0.8681
1.9960
0.8839
-4.6030
-1.7523
-1.5143
-0.1307
-1.8179
-2.1745
-2.3402
0.4796
-2.1389
0.8970
-2.5276
0.9612
-2.0518
-3.1077
-2.2328
-2.2716
-2.8091
0.1884
-1.7117
-1.2031
-0.3108
1.4123
0.0143
-0.1530
-0.7173
-0.3214
-0.2520
-0.3782
0.1040
0.7578
-0.0846
0.3207
0.4420
-0.1910
1.1650
-0.5437
0.2649
0.8871
0.1999
-0.1525
0.0994
0.4846
-0.0246
0.1376
0.0862
-0.0385
0.4434
0.5868
0.0585
0.0291
-0.0870
-0.0698
0.1839
0.0937
-0.0023
0.1093
0.0038
-4.4873
-2.9981
-4.2755
-1.8907
1.2361
-7.6030
-2.8208
-3.4497
3.1597
4.1813
-5.1004
2.0830
-1.9113
1.6234
-0.2757
4.4368
3.0238
-2.0678
-0.5904
-0.9217
0.8023
-0.1904
2.6954
-4.7531
-0.7168
0.9659
-9.6342
-2.6424
-2.5568
-0.3163
-8.2438
-8.8679
-5.1210
-3.7949
2.7061
-2.4810
-8.1783
-6.9286
-4.5269
-2.1455
-6.1820
-3.5651
1.8467
-7.8499
10.6204
-5.3106
-3.6269
-2.5253
-7.7525
-2.8722
1.0374
-4.1424
-1.0117
-3.1147
-6.0960
-1.7247
-6.3170
-2.9940
-5.7881
-3.9859
0.4078
-2.5744
-3.7745
-5.9738
-3.5793
-3.2496
-4.3195
-3.4838
-6.0191
-2.2607
-3.0034
-5.0857
-1.0665
-3.3525
-3.1700
-0.6346
-1.5687
-2.9493
-4.2301
-3.9077
-5.1364
-1.9366
1.2788
1.2536
-1.1175
-2.0657
-1.0866
-4.5190
-3.5794
-4.6407
-5.7082
-3.8815
-4.0178
-4.1001
-2.8541
-3.1979
5.0080
-3.5453
-3.4293
-3.1586
-2.1344
-2.3097
-3.1095
-2.8419
-2.0138
-1.6709
-0.5506
-0.5822
-1.8549
-1.5576
-3.5644
-2.5680
-1.6293
-1.7744
-3.5246
-1.0580
-0.8759
-1.9841
-1.2643
0.1526
-0.6533
-1.9159
-0.2676
-1.0502
-0.4711
-1.5354
-0.7159
-1.6995
-0.3241
-0.7392
0.3806
-0.4431
-0.0476
-0.1114
0.0684
-0.2058
-0.0394
-0.1555
0.2280
1.0103
1.2116
3.2749
-3.3146
-0.2855
-0.2932
0.1188
-1.4020
1.5094
0.3710
-0.0441
0.1254
-2.1977
2.0109
1.4481
1.5058
-3.4729
2.1273
-0.8069
-1.2521
0.9421
-0.6403
0.2964
2.2732
-3.2584
0.4853
2.5677
-5.5941
-1.2069
0.1214
-0.0023
-10.5583
-6.8359
-6.5328
-7.0653
-6.3363
-3.0845
-0.4379
-4.4330
-0.8756
-10.7179
-2.2319
-1.3659
-5.8282
-5.7132
-2.9650
-5.0242
5.2727
3.2953
-0.2141
-4.3439
-6.2815
5.5870
-7.1922
4.8546
-3.4142
-8.1745
3.8176
-6.5337
2.0073
3.5280
5.6458
2.9727
2.3442
-7.7773
-0.9332
-0.4804
-9.5354
-1.3281
-0.9862
0.0798
1.1359
-1.8850
-4.8209
0.1882
3.4213
2.3303
2.4846
2.2383
-3.8879
1.2971
-0.6191
1.7049
-7.3160
2.8523
3.3150
2.0497
0.5274
1.3718
1.5362
1.7726
1.6430
-2.9508
2.6557
0.1821
-1.6916
-1.6444
-1.2837
-2.2131
-0.7261
-1.2925
2.3800
-4.9471
-2.2650
0.9436
2.2475
-4.2236
1.8275
2.8085
-0.9216
-3.5630
3.1770
0.7137
0.2689
1.0863
-0.0444
2.0276
-2.8665
-0.4232
1.5746
0.8969
-1.7384
-0.0836
-0.6081
0.1243
-1.5356
0.4554
-0.1153
1.2107
0.0456
-0.7539
-1.3926
-0.5209
-1.0073
-1.3122
0.1777
-0.2989
0.1493
0.0369
-0.2543
0.1205
-1.9253
-1.7855
0.0045
-0.1213
-0.1375
0.1251
-0.0771
-0.9223
0.7270
0.2748
0.2905
-3.7955
-1.0897
1.8010
-1.4569
9.1575
-0.5049
1.0971
0.1767
0.1895
-1.2191
2.3777
1.5653
-0.3988
0.3437
-1.9220
1.3232
1.7388
-0.9267
-0.0670
-7.1570
-3.3666
-7.8263
-4.1230
-6.5223
-4.2885
0.0955
-7.8100
-5.5949
-5.9094
-4.4944
-4.4332
-9.3867
-4.4328
-5.3766
-5.1586
-2.8730
11.4868
-7.3358
2.8638
-8.1811
-2.8193
-4.7227
0.8833
-2.6404
2.4283
-1.0164
-3.2600
-2.7420
-1.2432
7.6234
-2.3325
-2.6094
-3.3699
-2.9468
-0.7426
-4.7304
-0.2460
0.5350
-2.2216
-0.9716
-0.9424
-3.8593
-3.8776
-3.5934
-0.9399
-0.9710
-1.1411
2.9777
-0.4862
-2.0914
-1.6015
-6.6238
4.0361
0.0877
-1.8140
-0.2209
-2.7690
-0.4012
-0.6593
-0.9536
0.7247
-1.7971
-0.1913
-1.8280
-0.7604
-0.4961
-0.3053
-0.8082
-0.6840
0.4285
-1.5866
-1.6460
-0.6960
-1.0250
-1.3474
-0.8767
6.3769
-1.6609
0.0123
-0.2089
-0.7504
-0.3063
-0.0637
-0.4692
-0.2683
0.2233
-0.3461
-0.1345
-0.0318
0.1053
-0.2153
0.0471
-0.0836
-0.2079
-0.4027
-0.7401
0.0105
-0.2487
0.1257
0.0955
-0.3048
-0.0704
-0.3833
0.0014
-0.0975
0.0890
-0.1693
0.1546
0.9463
-3.5821
0.7879
-0.5255
1.8731
0.6824
0.6807
-2.1537
-3.0314
-4.9676
1.6670
0.0832
-0.2994
-6.2444
-10.7945
-0.5894
2.5977
4.2775
-0.2722
-1.0705
-0.8738
1.0180
-0.9194
-2.8104
0.6442
0.5980
2.7946
0.9728
-3.1193
-1.7252
-0.1718
-9.9205
1.0016
0.3254
-6.5624
-6.3437
-1.8856
-0.4835
-4.5972
-4.9413
0.9387
-8.3675
-1.2145
6.5461
-7.1633
-4.6721
-7.0603
-2.3241
-4.7041
-0.9641
-3.1019
-2.7393
-3.2892
-2.7929
-0.4107
2.6380
-3.1184
2.4584
-0.4388
-1.8266
1.7968
-4.2049
-1.6454
-6.0140
-2.9592
0.0437
-4.1780
-3.9891
-2.5262
0.0087
-0.9392
-1.0577
-0.6838
0.3711
-3.7585
-5.9514
0.7676
0.1925
-1.2665
-2.0161
-0.7186
-2.3779
-3.0695
-0.6095
-3.5832
-1.7377
-0.5338
0.1954
2.0989
-1.9472
0.1674
-2.8118
2.7634
-2.2015
-1.2516
0.3349
-2.2536
2.7986
-2.0731
-1.5687
-1.3914
-0.0381
-2.8958
-3.0364
2.1704
-3.2419
-0.2180
0.8861
-1.7765
-1.6930
-0.1599
-0.4816
-0.2964
0.3169
-0.3955
-1.3407
0.5164
-3.9734
-2.3087
-1.0765
-1.5552
-0.5129
0.1151
0.1634
-0.5746
0.1540
-0.9374
-0.2991
-1.3080
0.0904
-0.2784
0.1262
-0.1428
-0.1917
-0.0833
-0.0731
0.1985
0.2524
-0.0175
-0.1471
0.1959
0.3108
-0.7612
-1.8811
-0.0032
-1.6664
-1.3410
-0.0012
-1.8279
-0.2969
-0.9399
0.5032
-1.2129
-0.0322
0.3772
0.0622
0.2549
1.4015
0.8682
-1.5507
0.6567
-1.1470
1.1072
-1.2901
-0.4760
1.5127
-0.8827
0.9468
1.2003
-0.2827
-0.0539
-4.2963
-3.2548
-3.5123
2.1948
1.4700
-6.1694
-7.6524
3.5490
-0.2408
-1.4624
1.9860
-4.4302
-8.2051
-0.3468
-5.5054
-2.1384
-0.2043
7.1630
-4.6960
-5.1653
3.0861
-0.6758
-1.1059
-2.1915
-2.5934
0.1098
-3.1454
-4.7424
-1.1467
-4.0179
5.1215
-2.9231
0.1141
-2.3563
-3.2244
-1.5416
-3.9050
-1.4348
-4.2447
-4.9061
-2.6323
0.7522
-1.4504
3.0546
-1.6282
2.3813
-4.3538
-2.4288
-0.0580
-0.7296
-2.1638
-0.7746
-3.3122
-0.3918
1.2697
-3.8632
-1.9086
-2.7059
-0.5303
-2.7829
-1.9380
-0.6490
-0.9515
-1.0845
-4.2596
-0.3319
-1.1038
0.6080
0.3806
0.1821
0.5352
1.5750
-1.2292
-1.3182
-0.1931
-0.7078
0.0648
3.4887
-0.4078
0.3337
-1.2651
0.1128
-0.2751
-0.0329
-1.6456
-1.4518
0.3302
-0.0505
0.7994
1.8430
0.2140
-0.1210
-0.0819
-0.0805
0.6787
-0.3163
-0.0235
-0.4161
-0.1146
0.7469
0.0477
0.4328
0.0203
-0.1749
-0.2197
0.1937
-0.0507
0.0511
0.1173
-0.8522
-0.3715
1.6797
-0.3088
0.5854
1.3770
-0.6370
0.3863
0.3536
-3.9239
-1.0523
-2.0421
2.9289
-2.7525
-3.3520
-1.5979
3.3333
-2.5173
-4.0511
-9.8338
0.7530
0.0954
-3.0721
0.4583
2.2977
-2.8602
-1.0343
-9.1140
-0.2877
-4.6862
-0.1299
-7.0729
-9.4373
-2.4578
-1.8681
-0.2296
3.4273
-1.6638
6.9690
-2.1490
-5.4886
-3.3775
-6.2429
-1.9139
2.9302
-4.3098
2.5620
4.5913
-3.8539
-1.8604
-6.0239
-0.5131
2.9963
-4.3414
3.0040
-2.7483
0.9621
-5.0167
-1.4987
-2.0937
-3.1863
-0.4241
-1.9768
-2.4283
0.3259
-3.2653
-3.4490
0.2389
-2.9835
-2.7063
-1.3328
0.6098
-2.0776
-4.7502
4.7418
-2.5742
-1.0974
-1.2486
-2.8419
-2.4424
-2.1916
-1.0071
1.4993
-1.0703
2.9850
-1.6630
-2.6460
-1.2000
-2.8704
-1.2640
-2.2533
-1.4873
-2.6762
3.1271
-2.1684
-3.8578
-1.9978
-4.2724
-2.2596
-1.9986
-2.4202
-0.3808
3.1423
-1.4436
-0.8694
0.6490
-1.1308
1.6545
-1.4234
-0.1389
-1.2448
-0.8769
0.0322
-0.1728
-0.3761
-1.1528
0.2651
-0.0574
-1.8945
-0.1321
-0.6755
-1.2448
-0.6596
-0.8176
-0.5096
-0.5896
-0.7332
-0.1485
-0.8478
0.0445
-0.2762
-0.0631
-0.3216
-0.1997
-0.4598
0.1189
-0.0197
0.1355
0.2512
-0.0071
-1.1663
-0.9197
1.4422
-2.5849
0.2586
-0.2725
-2.3712
-0.0154
-1.7434
-0.7981
1.2793
-0.6423
0.3776
2.6620
1.2591
-1.2336
-0.2173
-3.4059
2.4554
-3.3801
0.4799
-1.3685
-1.3515
-0.0964
-1.1851
1.3543
-6.4976
1.6207
-0.1504
-0.7194
0.0535
-13.1997
-11.6183
-0.8918
-1.8266
-5.5881
-10.0317
-5.2300
-3.1556
-9.8881
-2.0928
-7.1356
-7.6232
-6.7163
-8.7323
-4.8064
-5.7108
4.9107
-1.8835
-1.1603
-3.6623
-7.6772
5.9659
-3.8560
-1.2088
-2.6744
-7.6582
-0.3747
-0.5216
-1.3388
2.2700
-7.7501
0.7739
-6.6952
-4.6899
-0.9754
5.8139
-5.4992
-0.5782
3.3138
0.6265
0.6658
6.6290
0.8257
-1.1005
-8.4903
3.1582
2.2818
-0.8409
5.9224
6.3591
2.8558
1.5832
-2.4962
0.4829
2.7040
2.0816
1.2373
-0.9980
6.1404
0.1855
2.8829
3.8009
1.6454
6.2968
-0.5758
6.5781
1.1925
6.0182
6.1153
6.0011
1.0605
-1.3312
-1.8049
5.5509
1.9839
-4.1260
2.0648
-0.6331
-4.7949
-0.8995
1.4660
2.3056
0.8815
0.0778
1.1673
-1.5592
-2.5497
-0.9214
0.1480
0.7556
0.1470
1.6069
0.4125
1.5869
0.5692
1.3361
1.8444
1.3544
0.5500
0.9029
-0.0947
0.1777
-0.1989
0.0654
-0.0476
0.0272
-0.6035
0.1213
0.1669
-1.1993
-0.8141
0.5866
0.3543
0.7096
-0.9294
-1.6405
0.5682
-2.7979
-0.1091
-0.6224
1.5001
-2.1649
1.0317
1.6153
2.1139
-0.8606
0.0319
0.7386
-2.9053
1.0717
-0.9185
-0.1534
1.9174
0.3639
1.9457
-2.2137
1.1961
-0.9879
2.0436
-0.3053
-7.4475
-10.2756
-11.1455
0.6579
-5.1009
-5.4059
-0.0203
-2.8225
0.3046
-4.9731
1.1696
-1.5455
-5.9096
-1.6923
-0.7552
-7.6879
-2.8094
-2.5395
-7.3987
-4.4991
-0.0088
-4.0540
0.1672
-3.7568
-3.8859
0.6917
-1.7652
-5.2323
-5.3193
-3.4737
1.4866
1.7155
-1.4060
-5.5706
-7.0533
-2.3722
-2.8413
1.0187
-2.2846
-5.2457
-2.3931
-3.0673
-4.4754
0.1246
-5.4533
0.7605
-2.1729
-3.0527
-0.7324
-2.0878
-3.5464
-1.0962
-6.4604
0.0762
-0.3056
-5.6929
-2.0991
-5.1800
-2.2513
-0.7701
-4.1567
1.6597
-2.6957
-1.7573
-2.1753
-1.5460
3.2269
-1.4640
-2.1128
-1.3723
-2.1001
-0.2577
-2.0050
-0.9403
-1.9737
-1.5032
0.4878
-1.0190
-2.1496
-5.4026
-2.2854
0.0321
-1.8807
-0.0225
-2.5452
0.3705
-0.2701
-2.4294
-1.4618
-0.6272
-1.6372
-0.2563
-1.6883
-0.4920
-0.7863
-2.0024
-0.0478
-2.3502
0.2168
-1.8264
-0.8781
-1.1926
-0.3538
-0.4235
0.2337
0.2015
0.0607
-0.1067
-0.1171
-2.2610
0.1171
0.2338
0.1098
0.2744
0.1214
-1.5073
-0.0984
0.7755
2.5809
0.9238
0.3358
2.6677
-3.3691
-6.6888
3.3170
-0.6357
-1.2901
-1.1996
-2.9956
-0.6148
1.3095
-0.7093
-0.1486
-0.2347
-0.7182
0.5167
0.6518
-1.5793
1.4838


Weights 1->2:
-0.8037
-1.0259
-0.9220
-1.9788
-0.6231
-0.5780
-0.8542
-0.7695
-4.0044
-1.2651
-1.0475
-0.3303
-0.7211
-0.8564
-0.5160
-1.1138
-0.3423
-1.8457
-1.0740
-0.4241
-0.7757
-0.8415
-1.1289
-1.1919
-0.5225
-0.8713
-0.4067
-0.9803
-1.1199
-0.9222
-2.7137
-3.6699
0.8916
-3.2076
3.1502
-2.5970
-0.8471
-0.5368
-5.4631
5.3385
1.4152
-0.6679
0.5166
0.4793
5.5176
4.5015
-9.6899
6.8282
3.5160
4.7101
2.8200
-0.8820
0.4663
2.2299
-0.4717
2.9798
-1.8275
3.6029
1.9326
5.2005
0.5097
-0.1329
2.8635
0.1744
-3.1438
-3.2368
3.5778
-1.7930
5.4641
2.9876
3.6149
0.6224
4.1846
5.4576
-1.8280
0.1688
6.3342
4.0759
2.3528
1.3387
1.2576
-2.5506
1.9270
0.4732
-0.2497
1.0706
0.3204
3.1185
-2.7246
2.6651
-0.1316
0.5150
3.5904
-1.2258
-2.8209
-0.6320
3.0985
-0.8848
5.1369
1.9486
1.9723
1.2815
3.5338
4.3963
1.9874
0.9033
4.1984
4.0778
3.7133
-1.3771
1.1269
-4.2065
2.3959
2.1587
1.3948
1.4700
-0.9158
3.5713
-2.9241
3.8509
0.9270
-0.2547
3.6049
2.0946
-0.3709
-1.1550
0.7443
-1.0867
4.6646
3.7881
1.5337
1.3559
-2.1383
0.5758
1.5609
2.9647
-2.0612
7.7090
0.8294
-1.2773
2.1799
0.3891
1.9659
1.5786
-1.7573
3.5637
-0.8195
1.3884
-4.6597
3.6169
-0.0980
2.2831
4.4617
0.7408
-1.9638
-2.2319
2.0952
-1.4090
3.3418
2.0105
2.5806
0.7779
4.5269
5.7232
0.1127
-0.0178
3.0880
5.1633
1.4796
0.2209
-0.0354
-0.8780
0.5542
-0.4139
0.2135
4.3082
0.3710
2.8412
-3.4941
2.3861
0.4421
0.1646
-0.1841
1.0625
-0.0621
0.9301
0.5384
-1.3522
3.5865
0.4782
-1.9633
-0.0768
0.9492
4.2283
-1.9802
2.4783
3.3453
7.9994
-0.0140
-0.4302
1.6625
1.0308
3.1930
-1.7318
1.8116
4.5067
-0.9449
0.7206
-1.0100
3.3743
2.8772
-0.9645
-0.6068
0.9441
1.4110
2.1769
0.1335
-1.4926
5.3386
1.3131
2.5563
-0.9787
1.4997
2.2691
4.2169
0.5055
1.2829
6.2441
-1.3477
0.3476
1.7731
-1.0806
3.0712
-1.1370
0.7693
4.1678
-1.1003
1.1628
0.4490
1.8555
1.4088
-0.9133
-1.3727
3.1227
0.4918
-0.5116
3.1644
-1.9356
3.9600
2.1498
-3.3036
1.4265
-0.8118
0.0816
-1.1466
2.7458
2.9850
8.2957
-0.2641
1.4218
3.4759
-0.0465
1.4285
-0.3891
2.3928
2.7443
1.5969
1.1911
-0.9379
-0.7788
2.9974
-0.2133
5.2302
1.1256
0.3758
0.3792
-0.8431
-3.3669
4.2718
0.0552
3.1070
-1.7940
1.3743
1.2050
-0.1373
2.1359
-5.3202
6.5161
-1.0060
-0.6200
2.4925
0.4381
4.2553
-1.8568
1.1298
3.4448
0.6203
1.8589
0.6226
-1.4214
2.0245
0.7245
2.5092
-1.3639
-2.6322
0.6651
2.0799
-0.6916
2.6079
1.5882
2.1855
0.1503
4.7473
4.3316
-1.0709
0.5776
4.6228
3.6526
2.3136
-2.5607
0.8660
-1.2468
2.0526
0.9023
2.1884
-0.1814
2.4995
2.5679
-1.9726
2.3537
2.8073
2.0439
3.1988
1.0807
-1.2418
-0.3243
-0.4530
-3.1506
4.8368
-0.7654
2.8875
-1.0795
-0.0874
2.2635
0.3820
2.2442
-1.3054
5.7496
0.3104
-0.1184
1.4137
-0.0984
3.1573
-2.1381
0.1657
3.7346
-0.0307
2.0090
-0.4069
-2.3651
2.8061
0.5195
4.9131
1.6806
0.0254
0.2732
-0.5771
-2.2706
4.2678
-1.1885
4.1548
-1.6311
1.8549
0.9922
1.2930
1.1058
-7.1694
6.3757
-0.2005
0.8805
1.8680
1.4796
3.7484
-4.1852
0.1603
3.2879
-2.2754
2.6425
-0.4246
-2.3758
-0.3870
-0.6784
3.3127
1.4061
-0.9699
-0.1898
3.5596
-2.7151
4.2483
0.1592
0.4000
1.6521
3.4912
4.5855
0.0168
0.0404
2.4212
7.0469
1.3746
0.9665
0.0644
-3.2334
1.2103
0.8385
4.3855
0.0887
2.3248
1.1344
-1.8402
1.5601
1.6718
0.1181
0.3828
1.8924
-1.1097
-0.0754
2.1198
-1.2069
4.0668
2.8942
0.7321
-1.0712
-0.0600
1.3074
1.9848
2.9561
-6.4171
6.4700
0.7993
1.7133
1.2104
0.8551
1.6507
-1.7953
0.8865
3.2092
1.8803
0.1974
-0.0995
1.5031
1.5723
0.9426
1.6945
1.0099
0.6771
0.3109
3.7381
-1.8871
4.5235
4.9326
3.6918
-1.3478
-0.3447
-1.1413
0.6493
0.4743
-6.1963
5.3229
2.6550
1.4029
0.0409
1.2780
1.3866
-3.0173
-1.7083
1.3892
1.6233
0.0573
-1.1025
-2.1804
0.5574
-0.0674
2.1039
0.8136
-0.7891
-0.4784
2.9018
-0.7606
4.2538
0.0690
2.0830
-0.3531
-3.2007
0.9390
-0.2380
3.6421
0.1690
7.1708
1.2287
1.7633
-0.0678
0.5663
1.3595
-4.2233
2.8347
0.0827
-2.8934
0.9762
-0.4448
0.0408
-1.2204
-1.8785
0.5147
-1.3191
2.1697
-3.4026
0.0498
-0.3442
-0.2805
3.8825
-0.5358
0.6030
0.0495
-0.1342
0.4256
3.1210
-3.9519
4.1039
2.1441
2.5041
2.4030
-2.2191
0.2371
1.6209
0.3292
3.1397
-0.3518
1.7175
2.1976
4.7546
1.7509
1.0997
1.1733
1.2701
1.5997
-1.1763
0.1475
-1.3919
3.9719
2.9130
2.4156
-2.2874
0.6623
0.8380
3.5897
2.3517
-3.5707
4.9316
-0.3943
2.2661
1.0044
-0.0170
2.1053
-3.8684
-3.3828
-0.5279
-2.8169
2.4291
-1.2578
-1.2524
-1.5140
-0.3652
0.9419
-3.1813
-0.4610
-2.2448
2.2012
0.2922
2.6959
2.1440
-0.2099
0.1361
-0.3678
0.0826
2.4795
0.7565
7.3529
2.3749
2.9168
2.6286
1.9326
-0.5766
-2.7208
0.2113
0.6938
2.2353
1.8062
1.7923
1.2790
3.7657
0.8483
0.3444
1.9599
1.7466
-0.2792
0.4966
1.6615
-1.6838
2.4531
-0.9950
1.4967
0.6796
-2.1521
1.5631
-1.4457
4.2969
-7.2195
6.3578
1.6307
0.0287
1.5906
1.7066
1.8685
-0.8803
1.8856
2.0424
-1.8727
0.9073
-1.3605
-1.4114
1.5399
0.7201
-0.8207
1.4232
0.0144
1.1161
2.0041
-0.3309
2.0872
3.2592
0.7338
-3.4615
2.6013
0.8402
-1.3401
1.6582
-5.9661
5.1837
3.0006
2.6903
1.1319
1.5754
1.0863
-1.4188
-1.9140
2.1571
-2.1298
-0.3983
0.2798
-3.3828
-0.9789
-1.8919
0.3997
-1.1532
2.0632
-2.4727
-0.0403
-0.5129
0.8195
3.8781
-0.6815
0.5618
0.3353
-0.2303
0.8262
2.7011
-0.5168
3.3529
1.7962
2.4501
2.1373
-2.5523
0.1115
1.5790
0.2867
2.9121
-0.2564
1.5826
2.5826
4.4307
1.4380
-0.0631
3.4907
1.4580
-0.3532
0.8290
1.5613
-2.1517
3.6661
-0.7106
3.3282
-0.7360
-1.1257
-0.4785
2.0989
2.9252
-3.6577
5.6746
1.3795
1.0607
-0.4771
0.8880
2.7332
-2.6394
-1.1695
0.6205
-2.9119
-0.2184
-1.5685
0.4498
2.7772
0.1852
2.0308
1.1401
0.3872
-2.1316
1.4762
-1.0427
4.0372
2.5557
1.2223
1.0484
4.1850
1.0773
1.8178
1.4061
1.4111
4.1629
-1.2240
2.6490
0.2961
-2.5964
-0.3676
0.6828
0.2730
-0.1837
-0.1549
-4.1451
-2.1068
-0.5797
2.4946
-1.5654
1.8663
-0.7665
-0.8666
-1.0676
1.5379
-0.7131
-1.5094
-0.2619
3.3893
1.7237
0.9011
2.7496
-2.5899
-0.7695
4.5827
0.4599
2.6965
-2.0590
-0.8213
-2.9702
3.6015
-1.5518
2.3160
-1.5854
2.8565
2.4623
-2.1862
1.3797
-2.5780
-0.2759
-3.3300
3.0409
-0.3083
0.7071
-0.0715
-0.0204
0.6594
-2.5493
-4.1783
1.3415
-3.7233
-0.2425
2.6553
7.3295
-0.9003
5.4853
3.3731
-5.6004
1.7084
0.9364
0.8908
-2.4408
2.4077
-1.2405
-7.1228
0.4301
-1.5229
-2.6022
-1.1226
-0.0899
2.2243
1.2683
2.1601
-3.7223
3.3026
0.6251
2.5073
-0.4079
0.8727
-0.9383
5.4319
3.7031
1.1601
1.7548
2.9652
-6.6869
2.2568
-4.0545
2.7525
-1.4634
-0.9859
-3.6202
2.7020
-0.2038
2.6674
0.4511
-2.9461
2.4736
0.1382
0.2356
0.1241
-1.8670
-2.6436
0.0223
1.2358
-1.0747
-0.1741
1.4099
0.7527
0.2891
3.4331
2.9751
-0.3402
1.0086
3.3922
2.5311
2.5862
-0.5374
-0.0644
-1.4311
1.1195
1.0502
1.1503
2.0232
-1.2418
3.7824
-3.9246
3.2335
-2.4314
0.7189
-2.1122
2.4736
-0.8830
1.1504
2.6486
4.9373
1.9248
-1.5417
0.9555
2.5399
2.0510
-0.2607
-0.9045
-1.8789
3.7248
-4.3780
-3.7565
-0.2780
1.8313
-3.3878
-0.8615
1.8342
-2.2851
-2.6206
1.5956
-3.0223
0.5083
-2.6743
0.1072
0.6195
0.6997
2.0551
-0.1754
2.2606
0.9970
2.0075
2.2318
-3.7547
0.9730
-1.5963
1.6888
1.8480
-0.4907
-1.2329
-0.7656
-1.8411
-2.9188
-0.4811
1.1435
2.0692
2.1295
1.6448
-1.2571
-1.7961
-1.0240
-3.3444
2.9640
-2.2006
2.5525
0.0065
2.4978
0.4233
0.6809
0.7786
2.9322
-2.9117
2.4301
0.6762
1.8976
1.1985
-3.6800
4.8348
1.0098
2.0027
-3.8260
4.9572
0.8334
-2.1319
-0.3633
0.6757
0.7830
-1.8715
-6.2488
0.7995
-0.4295
-0.0960
-2.2213
-5.5454
-1.2306
1.0094
-0.2658
1.0317
-0.4929
1.5228
-1.6296
3.4182
1.8216
-3.7100
1.5626
0.5675
-1.5847
-1.2905
-2.2218
-2.0148
2.9409
-3.2956
-3.3207
-0.7135
2.2595
3.3135
1.3299
2.3340
-2.0461
-1.4279
-0.4980
-1.3151
1.0604
2.3555
1.9553
-2.3213
5.8779
-0.9162
2.3156
4.2271
0.1622
-1.2517
-1.9177
-4.8617
-0.2980
-0.8939
-1.1342
3.9060
0.0020
0.2241
-6.1777
1.9910
-1.0241
-1.7819
-3.9718
-2.0137
-1.0310
-2.3069
1.7658
3.2325
2.4044
4.4068
-0.8522
-1.5095
1.0933
-2.2237
1.2624
-0.8720
-1.7872
-2.8266
0.5865
-0.0080
0.9273
3.0187
2.4654
0.8295
2.0653
3.6949
-4.1609
0.2039
7.1854
1.7933
1.1246
-1.2927
0.7547
-0.4422
1.5996
-0.4812
0.0866
1.6665
-1.7810
3.2509
-3.4489
2.3830
-1.5747
0.6523
0.0255
2.5524
-1.2785
0.6298
1.6457
3.8152
1.9161
-0.7543
1.2458
1.8100
1.7196
0.7595
-0.2405
-0.8589
0.4040
-4.2682
-1.9860
0.1092
0.1706
-2.6396
-0.0735
2.7945
-1.4555
-1.8418
0.8613
-2.0605
-0.0878
-1.7662
0.4405
0.4302
-4.6470
0.6613
2.7257
1.5401
-5.0046
-0.6371
-1.3343
2.4321
-4.1170
-0.3149
-2.3673
-4.4724
0.9497
1.4548
-1.0628
-5.9675
1.2991
0.5202
-0.7550
0.5223
-0.4549
2.7052
-1.0493
-6.4098
0.9359
-1.0127
5.8564
-0.4768
-1.2814
2.4024
1.6878
-0.3075
0.4753
-2.3364
0.5981
-3.9263
-2.2582
1.7797
3.2740
-0.4395
3.4984
3.8758
-0.4233
0.1226
5.2407
2.1108
1.5347
-3.1210
-1.5739
1.9419
1.1673
-1.7843
1.1743
2.9343
-1.2517
2.3991
-4.1157
2.1068
-1.2330
0.6186
-0.9549
2.0519
-0.1510
2.2192
1.4641
5.0236
1.5539
-1.6723
0.3563
2.4936
-1.7177
-1.4352
0.4164
-0.6764
0.3285
-3.1959
-3.4763
-0.6268
2.4826
0.4576
-1.6597
0.1846
-1.5759
-1.3406
-0.9560
-2.2997
0.7694
-1.3366
-1.5296
0.1091
0.6455
-0.7101
0.1525
-0.7627
-0.8920
1.5608
2.4115
3.0188
-0.8957
-0.2078
-0.5966
-0.7887
-2.0307
1.8978
-3.5046
2.1168
1.1971
2.3280
2.0586
-0.9673
0.0351
0.6233
-0.4724
2.7510
-1.2327
1.2878
1.1831
4.1623
-1.2163
0.9366
-1.2086
2.5402
-0.7887
2.3307
-0.7459
3.3060
1.3642
-0.9338
0.5896
1.3367
-0.9211
-0.6891
-2.3610
-1.0894
1.6695
-1.4387
-2.5574
-1.9087
1.5959
1.6992
0.8900
2.1675
-1.2565
-2.4142
-0.8428
-1.9387
0.5492
1.3190
-0.1932
0.6731
-0.6834
1.4007
0.3613
1.9584
-1.1699
1.8971
2.0521
-1.3156
-0.4306
0.1009
-0.1861
0.7725
-0.1263
-0.8209
0.1932
-1.8205
-2.2000
-0.1780
-0.2161
1.5954
0.7921
2.1970
-0.5209
-1.6451
0.5178
0.0989
1.3758
-0.2756
1.0348
-0.2256
-2.4584
-1.3885
2.9399
1.2901
0.2290
-0.5848
2.0220
1.1993
1.0446
0.0888
-0.9212
-4.4638
1.4701
-2.3642
-0.7110
-6.3179
1.5261
2.5288
-2.8852
2.0359
-2.3808
2.3586
-0.5864
-2.3821
0.1772
-0.8621
3.4827
0.8530
0.9661
-0.7452
-0.2689
-1.7018
-1.7010
-1.1189
0.0332
-4.5460
-0.8062
4.0116
3.5686
0.8866
2.0963
2.2320
-0.6684
-0.0005
2.5999
-0.2241
-0.4837
-2.8643
0.0644
1.6174
3.0829
1.2970
0.1437
-0.5286
2.0860
3.9594
-7.0885
2.8920
0.7541
0.0397
0.8169
1.9569
-0.9207
0.3158
-0.1265
-2.5322
0.1854
-2.5293
-1.4129
3.6710
-4.2083
2.6482
-2.2866
1.9052
-2.5246
2.4489
1.5991
0.4966
0.7233
1.7235
0.1444
1.2996
0.7953
3.3249
2.0847
1.8590
-2.6113
-2.0513
-0.3392
1.4460
-0.3533
-1.4783
0.4293
-1.1247
-0.7750
1.6229
1.0665
2.1430
-0.9503
-1.9391
1.8519
0.6537
-2.9447
2.3404
-0.7186
0.7168
1.1776
3.7423
1.0093
-2.9334
-0.9227
-0.0008
-0.6690
2.9044
-1.8272
2.9178
1.1578
3.1950
-1.2329
0.9796
-1.3596
2.4744
-0.0570
1.7887
-1.7369
1.1928
1.2505
-0.9413
-0.9792
-0.3051
-0.5684
0.2349
-1.9426
-0.5183
2.4688
-2.2799
-1.9968
-1.8317
0.6030
2.9643
-1.0877
2.2477
-0.2428
-0.5781
-0.8339
-0.0867
1.0188
-1.6891
0.8950
0.9915
-1.3957
0.7024
-0.1211
2.6717
1.1093
0.9928
1.4044
-2.3863
-0.4127
-0.6681
-0.8718
1.2960
-0.6518
-1.5522
-1.0626
-2.6528
-1.6533
0.5025
-0.7202
2.0409
-0.1554
2.1224
0.2269
-2.2051
-0.7442
-0.4252
2.6702
0.2999
-1.1239
0.6482
-0.0757
1.0865
0.2339
2.3377
-1.3079
3.2018
1.2245
-2.6585
0.2026
0.7085
-0.7621
0.0735
0.7298
-1.4501
0.1130
-2.4201
-0.6372
-0.2293
0.6615
1.8467
0.0774
1.4958
-0.3201
-0.5954
1.7823
-1.6017
1.6386
0.5177
2.4387
-0.8588
-2.2953
-1.2092
5.1642
0.5490
-3.9722
-1.1999
0.0874
0.5960
-0.5105
-0.2445
-2.3411
-3.0620
-1.3326
-1.5069
1.4049
-5.3969
0.9571
-1.1369
-2.2703
2.0834
-2.5913
-1.1998
2.7991
-1.5750
1.1670
-0.1708
4.1503
-1.3118
1.8757
0.2941
-2.2211
-0.9834
3.2459
1.2892
-1.5088
-0.8366
1.3392
1.2390
-1.5939
-0.9687
-1.6218
-4.4528
2.3666
-1.3501
-0.1978
-5.6815
0.5868
1.0840
-2.0068
2.1711
-2.2635
1.7158
-0.5362
-1.3055
0.9329
-0.9725
3.7300
-0.8860
-1.7118
0.8531
-1.6460
1.9170
-0.7019
1.1094
-0.0924
3.6620
1.2392
-0.8851
-0.3323
-0.3439
0.8547
-1.3707
1.4679
-0.4283
3.5068
-2.9924
-1.9541
-0.2079
1.7652
1.9372
-1.7831
1.5151
-1.5208
0.0114
-0.3579
-1.3770
0.0814
-1.0691
-1.0919
0.7766
-0.1818
1.7244
0.1337
1.8360
0.1772
1.8471
1.3753
-1.3089
-0.8701
0.9383
-0.8846
-0.4017
1.3925
-1.4710
0.7838
-0.6935
0.0321
-2.3967
0.7745
1.3719
-0.6795
2.7191
-1.1564
-1.4901
0.5993
-2.0721
1.2333
-0.2360
0.2275
-0.1806
0.0147
-1.3142
-1.4915
1.6821
0.0802
-3.4845
0.4509
0.9074
1.8692
1.7190
3.5709
2.0564
-0.7004
0.3206
4.2100
2.4276
1.0428
0.5220
-3.4643
-1.7617
0.9354
-0.1730
3.3708
-4.6997
1.8527
1.9884
-0.7529
1.7946
-0.7088
-0.5494
2.4235
-5.6461
-2.1127
-3.3140
-2.6521
-2.9166
-1.5422
-0.1551
1.3162
-4.8834
-0.3055
0.5985
-3.7270
3.6546
-2.3707
4.7786
1.6744
0.1987
-1.0009
1.4051
0.5084
-4.7814
1.2499
2.5187
0.8105
2.1359
-1.0080
-3.5817
1.1887
-0.4179
-1.1327
0.9108
-0.1455
0.9682
1.0627
2.2911
2.2135
-1.3172
-0.0034
-0.0336
-0.0048
-0.7643
-0.2735
-2.0315
-0.3752
-3.4012
-1.0076
-0.7356
-0.5614
0.0374
0.5981
1.0875
-1.2508
-2.3502
-0.1066
-0.9026
1.8737
0.7909
-1.8433
0.4942
0.7154
2.2842
-1.0542
1.0964
1.4844
2.7558
1.2165
-1.3633
0.4977
0.6751
1.4948
-0.2075
-0.5570
-1.5347
0.4717
-2.2540
-1.7266
0.2244
-0.9765
-0.7911
0.4349
2.8367
-1.2326
-2.3042
1.4797
-1.5634
0.9858
-1.2831
-1.5030
0.5491
-1.4776
2.4530
-1.3375
1.4202
-0.7303
2.2929
1.3676
-1.1315
1.2687
0.8421
-0.3733
-1.3449
1.5927
-1.8644
0.2028
-1.3162
-2.0547
-1.3317
-1.2560
1.5018
-1.7991
2.1469
-1.1517
-2.5567
0.4403
-1.5298
0.9736
-1.7476
-1.8109
0.8140
1.3837
3.8151
-5.3421
-0.4895
3.3675
3.6532
0.4517
-1.9235
-0.8386
0.1201
0.0372
-0.4778
0.3248
-3.5497
-0.3533
-0.5040
-1.7292
3.1431
0.9282
1.5045
1.9100
2.1719
1.1990
-4.5036
5.6935
-2.6763
-1.3200
-5.2734
2.1462
-0.5513
-2.2896
-1.0241
2.8831
1.1526
-2.0679
-0.6814
0.6465
2.1228
-2.1752
-0.7967
-2.7366
-3.9574
2.0161
-0.6031
1.3339
-4.5497
0.9791
1.1707
-1.3649
1.5140
-0.8761
1.2264
0.0777
-0.9557
1.3921
-0.1556
3.8091
-1.1359
-0.2676
0.8458
-1.1425
1.5996
0.4232
1.9700
-0.1363
2.9324
0.5648
-2.5613
-1.7740
-0.1323
-0.7362
-0.5012
0.8728
1.5207
1.8502
-3.7685
-3.3762
-0.9909
0.0844
2.1339
0.0637
2.5746
-0.5033
-2.1174
1.0254
-2.4302
1.9084
-1.4653
-0.7628
3.6043
-1.1528
-1.5756
-1.0071
-1.8563
-0.8197
-2.5349
0.1000
-1.9957
-0.8470
-0.1850
-1.0304
-1.3101
0.0774
-0.8654
-0.0827
-2.8062
2.1071
-0.7566
-0.5221
-2.5484
-1.5602
-1.4732
-0.0512
-0.6355
-0.5502
-1.0862
-1.6221
-1.1762
-0.4870
-0.6540
0.3704
-2.4956
1.4198
-4.0486
-2.3613
1.2182
-3.4465
2.3437
-0.9291
0.2109
0.3868
0.2392
-1.4841
0.9308
-0.6612
0.6868
1.5841
2.2704
1.5185
-1.6882
0.3507
1.0691
0.1776
2.7267
-0.5035
0.9931
2.2908
2.7214
-1.8710
1.3463
-1.6476
2.3883
-0.4328
2.0548
0.2276
3.2153
0.3539
-2.2517
-0.2213
1.1207
0.7468
0.6893
-1.6532
-1.7572
1.7438
-1.5549
-2.4325
-1.7061
1.1140
0.8670
-0.5529
0.4227
-0.6168
0.8050
-0.7499
-2.5670
1.7521
0.8632
1.5258
-0.1448
-2.2938
-0.4307
3.0828
1.3943
-0.9139
-0.3706
0.7756
1.1860
-1.5962
-1.0034
-0.9371
-3.5037
2.3185
-1.5683
-0.0896
-4.3538
1.0947
-0.5694
-1.8833
1.6585
-1.8578
0.9643
0.5858
-0.6328
0.3895
0.0263
3.5154
0.0142
-1.8987
1.3010
-0.3124
0.4130
0.4241
1.1844
1.2892
2.4266
-0.0352
-1.6898
1.4647
0.2695
2.0551
0.8626
-0.9701
-2.6614
0.9451
-3.1728
-0.3814
-0.1692
-2.0841
0.7675
-1.2633
1.8233
-1.3631
-1.1197
0.3730
-2.3373
1.3940
-0.8944
1.5710
-0.6442
-2.3870
-1.1428
3.5072
1.6428
-2.4979
-0.6114
0.4476
1.8377
-2.2035
-0.3595
-1.5922
-2.9964
2.0574
-1.1351
0.6332
-4.9755
1.0736
0.3057
-1.9333
1.7353
-1.5592
0.9344
0.3601
-0.9970
0.7989
-0.4820
3.2397
-0.9451
-0.8100
-1.7750
-3.5226
-4.7535
-1.1182
-1.5426
-0.3441
0.3479
-3.2210
3.1570
4.7292
-0.9210
-2.5616
-2.3131
-0.6764
2.2740
1.5458
-1.7664
-2.6675
-0.7757
-1.0220
-1.1093
-2.3761
-0.5027
1.1336
1.0189
-0.8325
-3.2012
-2.3869
0.1700
2.1362
-0.7541
-2.5145
-1.0773
3.3584
0.6674
-1.8519
-0.9282
0.3076
1.8110
-2.0733
0.1813
-2.4631
-2.6710
1.7308
-0.8648
-0.2673
-4.6850
1.1995
-0.9819
-1.5225
1.3813
-1.2192
0.2115
1.4535
-0.6978
0.6500
-0.7248
4.0878
-1.0474
2.1614
-0.7050
-2.6453
-1.0814
3.6967
1.0883
-2.0316
-0.7685
0.3852
1.5926
-2.1751
-0.3785
-2.9401
-3.1464
1.4023
-1.4713
0.3199
-5.0167
0.9784
-0.2388
-1.5059
1.3052
-1.7662
0.5077
0.4850
-1.1311
0.3459
-0.0059
3.8618
-0.9005
1.6811
-0.8417
-2.1935
-0.4901
3.5561
1.1514
-2.0615
-0.7120
0.0886
1.7047
-2.2275
-0.0534
-2.3731
-3.2354
2.2029
-0.7294
-0.0806
-4.7217
1.4113
-0.1913
-1.4190
1.3375
-2.4151
0.2543
0.6361
-0.6027
0.1296
-0.2671
3.8672
-0.8046
-1.6493
1.0839
-1.6111
2.6770
-0.7111
1.4015
0.8465
2.7258
0.3675
-1.3179
1.4259
1.0321
1.1602
-1.3785
0.2707
-2.6272
0.4608
-2.5228
-1.2488
-0.8803
0.1873
-1.3205
-1.9585
1.9874
-1.3971
-1.7066
-0.3399
-2.1307
0.0788
-1.0787
1.0771
1.8207
4.2342
0.8351
-0.3608
-1.8249
2.1854
-2.9661
-4.7042
-3.3054
-2.7321
-2.0647
-1.5694
-1.6486
-2.8241
-1.0396
-0.1145
3.2663
1.4567
0.3362
-0.4160
3.2698
1.1838
-0.3309
-1.3449
2.4301
-1.5531
0.5519
-2.9245
-0.8778
1.5186
0.5037
2.5719
-1.2750
-0.6368
-0.7645
-0.9472
-0.9202
-2.0534
-1.3812
0.3724
0.7287
2.7688
0.7749
-0.9579
1.0582
-1.5033
1.5589
1.2032
0.8301
0.5390
1.8497
1.4756
-2.0260
2.9891
2.1686
0.3872
0.7619
0.9072
-0.3615
0.5903
4.9444
-2.3698
-1.8292
1.6512
-0.2970
-2.5586
0.3882
-3.0376
2.7994
-2.5483
-1.5427
0.0145
-3.5206
-0.3876
-1.0507
-0.8892
-5.1377
0.1390
-1.0736
-1.1629
-1.8259
-2.8525
0.8660
-0.7103
-2.7738
-0.5701
-2.4468
3.7856
-1.2687
-0.2455
-0.7516
-0.0680
-1.9193
0.8192
-3.1922
-1.7162
-0.8623
-1.8007
2.3452
-0.2266
-0.0531
0.1473
-1.4395
-0.4766
1.7415
-1.4995
0.7428
1.4187
2.3911
0.9307
-1.3692
0.3167
0.1752
-0.5006
2.3844
-0.7030
1.4751
1.6142
3.0492
-1.7110
-0.6356
1.7202
3.1111
-2.6435
1.2432
1.1875
-2.0608
-4.3084
-2.6665
-4.7373
3.1544
-0.7752
1.5379
-0.7956
-3.6695
-1.6906
0.8563
-2.5405
-0.8502
-0.5693
0.1024
-0.0219
0.6361
7.5239
-2.6647
5.3713
-0.7441
0.8592
-0.5645
0.4758
-1.8188
0.2047
-2.2363
0.6262
-1.4875
-2.2263
-0.9225
-3.3306
1.8877
-1.1065
1.4707
-0.3986
-1.1968
-0.2373
0.6956
-0.1935
-0.1665
1.2257
2.6723
-0.3405
-0.2854
-0.3261
-0.3685
0.5853
3.3092
-0.7437
1.4229
1.6624
3.3497
-1.0104
0.9202
-1.1242
3.0151
-0.4517
1.1691
0.1067
3.7805
-0.8635
-1.9564
0.2285
0.2587
0.1934
-1.9736
-0.0532
-1.3183
0.1838
-2.8020
-2.0354
1.1721
1.6439
0.8660
-0.9621
-0.0560
-0.7617
-1.5172
0.4293
-1.5039
-0.4165
-1.4331
2.3116
0.0731
0.2276
-0.5237
1.4855
-1.3992
-1.5854
0.6520
-0.9493
0.2671
-0.1432
0.3482
3.0519
0.4881
0.3483
0.3214
3.0411
0.8100
1.1466
1.5454
-1.7386
1.9168
0.1174
-0.0101
0.1866
0.0498
0.8740
-1.1546
-2.1509
-0.0983
2.0893
0.2488
1.8812
-0.7733
-1.2537
-0.3617
-0.4347
-0.7215
-3.6035
-2.3452
2.0349
0.5527
0.1448
1.0302
0.9460
-2.7445
2.1650
-1.6721
0.5283
1.4307
-1.9959
0.3453
1.2003
-1.1495
1.1972
-0.3721
-1.6094
4.5109
-0.1517
2.7243
-1.5659
0.0632
-0.4323
1.7857
-1.1938
1.2578
-0.7379
1.2816
-0.1481
-1.7909
-1.4671
-0.9443
-1.3435
-1.2423
3.1801
-0.6890
1.0508
-1.7425
-1.0648
-0.4289
-1.9096
1.0370
-0.3244
2.5410
-0.8009
-1.3684
0.7539
-0.9345
0.5085
-0.6392
-0.5099
-0.0637
0.2739
-2.1499
0.2838
-2.2105
-1.9938
0.1021
-1.4657
1.9147
-1.8713
0.9611
-0.5194
-0.6218
-1.1850
1.1456
-0.9333
0.6332
1.4804
1.8850
1.2564
-1.1042
0.1598
0.3554
-0.8227
2.4372
-0.5135
-0.0041
1.0456
2.7893
-0.7797
1.3011
-1.1032
0.9845
-0.1486
2.4320
-1.1489
1.0091
-1.1560
-1.0835
-0.5914
-0.7616
-0.7743
-0.6687
-0.5040
-1.0471
-0.1729
-2.0430
-1.2253
0.0937
-0.7262
1.8419
-1.1507
1.0060
-0.3651
-1.3881
-0.4228
-1.1299
0.5079
-0.2243
-1.0926
0.5948
-1.2551
0.2488
-0.6361
2.3838
-0.7237
2.1032
-0.6409
-1.3631
-0.7567
-0.2464
-0.4645
-0.0862
-0.4053
-0.6887
-0.1709
-2.3744
-1.0336
-0.1924
-0.8170
-0.9860
-0.4489
0.0898
-0.5603
-0.8373
-0.4001
-1.0987
0.2854
-0.6337
-1.4459
-1.8203
-1.4231
5.1224
-1.2608
1.2829
-0.8500
4.1171
-0.3272
-1.7008
-0.9443
-0.3283
-1.4500
-0.3902
-0.7083
-1.7085
-0.5326
-2.4402
-1.8582
-1.1004
-1.2542
-2.5037
-1.4402
-2.0955
-0.6458
-1.2769
-0.6547
-1.3258
-1.1549
-1.2995
-1.5990
-0.8249
-0.9992
2.6097
-1.0024
-0.0351
0.3560
4.8525
-1.2057
-1.5125
0.0668
1.1604
-1.2631
-1.2805
0.2015
-1.1810
0.4763
-3.1838
-1.5283
-0.2805
0.6801
-1.6156
-1.5196
-1.5106
-0.5533
-1.0871
-0.3287
-1.1265
0.6354
-0.7957
0.8596
-0.4920
-1.5023
1.3108
1.5564
-0.7196
0.4676
0.4811
-4.0762
-0.8364
-1.7536
-0.7790
-0.9960
-1.1619
-0.9497
-0.1046
-0.5949
1.7769
-0.2315
0.9013
0.1568
1.7738
1.4671
-1.4395
-0.3400
1.1705
-0.2278
-1.7440
-0.8893
-1.7350
-0.0588
1.8167
-1.2523
-1.4424
0.9819
-1.4946
-1.7359
0.9868
-2.1086
1.8138
-1.5515
-0.2503
-0.7329
-1.5491
-0.6081
-1.8325
-0.3018
-2.7895
0.8233
-0.5883
-0.3583
-0.0153
-1.1329
1.3014
-0.3789
-0.4131
-0.5250
-1.0188
1.5317
0.3788
-0.6223
0.1212
-1.2638
1.2428
0.1481
0.5059
-0.8774
0.7636
-0.8057
-1.3099
-1.1841
-0.1986
-0.9071
-1.1861
-0.4003
-0.8421
-0.4054
-1.7268
-0.7515
-0.6379
-0.7026
0.6878
-0.9494
-0.0769
-0.3124
-0.9561
-0.3878
-1.1211
-0.5457
-0.4689
-0.6457
0.0300
-1.1034
-0.4459
-0.2365
0.1585
-0.9622
1.0138
-1.0395
-1.4684
-0.9401
-0.0397
0.2261
-0.4522
-0.2133
-1.2135
-0.2296
-2.5459
-0.9259
-0.1967
-0.5439
-0.0874
-1.1821
1.3433
-0.4257
-0.9378
-0.0736
0.5567
1.5484
-0.5446
0.4508
-0.0944
-1.1793
0.0703
0.1875
-0.3920
0.4335
0.1265
-1.5359
-1.6499
1.0253
0.4473
0.6654
-1.3142
-0.5701
-1.4376
-0.7062
-2.4762
-0.9381
-0.5459
-1.2178
-0.1540
-1.1932
1.7325
-0.8123
-1.8320
-0.5286
-1.1032
-0.3398
-1.0909
-0.7327
-0.5882
-0.0217
-2.0584
0.5776
-0.6815
-1.0514
-0.6185
-2.7511
-0.1432
-0.6557
0.4682
-0.3661
-0.3189
-0.3539
-0.4441
-0.3709
-1.2151
-1.0506
-0.4581
-0.6213
-0.5800
-0.0831
-1.0636
-0.2143
0.5264
-0.3595
-0.8154
-0.1632
0.0068
-0.9701
0.5683
-1.0647
-1.7078
-0.7366
-0.7027
-0.5471
0.0101
-2.2931
-1.1443
-1.1772
-0.3227
-0.5928
-0.9786
-0.2466
-1.0255
-0.1800
-1.8588
-1.0120
-0.7006
-0.8615
-0.6929
-1.1075
-0.4844
-0.7450
-0.9494
-0.4601
-0.5948
-0.7235
-0.7943
-0.9247
0.5489
-1.1985
-1.6003
-0.2628
-0.4211
-0.8012
-0.7004
-2.6155
-1.1828
-0.6886
-0.5118
-0.7346
-0.7751
-0.2624
-0.7174
-0.3290
-1.8858
-0.9153
-0.2472
-0.5403
-0.4561
-1.1058
-0.6993
-0.2271
-0.8427
-0.3667
-1.0171
-0.6350
-0.5904
-0.8463
-0.8246
-1.0206
-1.5984
-0.5347
-0.8168
0.8658
-0.6176
-2.8032
-1.1523
-0.6260
0.0085
0.1667
-1.0564
-0.3004
-1.2760
-0.2414
-1.9977
-0.9191
-0.4776
-0.9196
-0.7633
-1.0996
0.7095
-0.7664
-1.0420
-0.3432
-1.0639
-0.5569
-0.8539
-0.9230
-0.7626
-0.9210
-0.5080
-0.6101
0.0806
-0.6050
0.8966
-2.4656
-1.1645
-1.0721
-0.4119
-0.8802
-0.9608
-0.4026
-0.7428
-0.0557
-1.8411
-0.9870
-0.4574
-0.5438
-0.8275
-1.0553
-1.0690
-0.5554
-1.0624
-0.3396
-1.1015
-0.9221
-0.7072
-1.0051
-0.9996
0.5259
-2.1270
-0.9320
0.7916
-1.1159
-0.8973
-4.1081
-1.6318
-1.1144
-0.6494
-0.0483
-1.2458
-0.3609
0.6007
1.9082
-1.6548
-1.1321
-0.2186
-1.1596
-0.8291
-1.4572
-1.2488
-0.6129
-1.2482
3.1374
1.5523
-1.2011
-0.2304
-0.8871
0.0086
-1.0217
-1.6944
-0.8016
-0.5140
-0.8284
-0.4584
-2.4460
-1.2335
-1.2064
-0.3850
-0.7785
-0.7849
-0.1818
-1.0082
-0.4897
-1.8831
-1.1815
-0.4256
-0.8694
-0.6851
-1.0982
-1.2993
-0.4624
-0.9447
-0.5071
-0.9087
-1.0733
-0.7854
-0.6232
-0.9668
-0.4266
-1.9485
-0.0437
-0.8072
-0.7460
-0.1743
-4.0052
-0.3644
-0.1959
0.0864
-0.2592
-1.0533
-0.3973
-0.6864
-0.2202
-1.5786
-0.5204
-0.5347
0.2524
-0.9639
-0.6289
-0.2479
-0.2665
-0.0171
-0.4587
-0.6684
-0.5220
-0.2157
-0.8160
-1.1341
-1.1394
-1.6835
0.0329
-0.8000
0.2898
-0.4392
-3.5759
-1.2717
0.5964
-0.2774
-0.2773
-0.6907
-0.4060
-0.9316
-0.1682
-1.9193
-1.1058
-0.5173
-0.8075
-0.8392
-1.1290
0.5031
-0.6833
-1.2404
-0.3013
-1.0702
-0.8567
-0.9675
-0.9887
-0.6773
-0.3791
-1.1453
-0.5991
0.6243
-0.2354
-0.6575
-3.9638
-1.4225
-0.9820
-0.6062
0.2791
-0.5155
0.0958
-1.0267
0.3936
-1.7106
-0.7368
-0.1817
-0.8608
-0.7537
-0.0110
0.0227
-0.6046
-1.1468
1.2926
0.0930
-0.7842
0.3467
-0.9634
-0.5422
-0.9472
-1.8209
-0.4754
-0.7377
-0.7358
0.1439
-3.2026
-1.1929
-1.0475
-0.4971
-0.7650
-0.9175
-0.3026
-1.0702
-0.3630
-1.6531
-0.9358
-0.5729
-0.7616
-0.9151
-1.0446
-1.0097
-0.7740
-1.0228
-0.5214
-0.9423
-1.1007
-0.7852
-0.7280
-1.2075
-0.8502
-1.6222
-0.0485
-0.6539
-0.7887
-0.7247
-3.9750
-0.8504
-1.1712
-0.3680
-0.7291
-0.8649
-0.2941
-0.7718
-0.3758
-1.7981
-0.2886
-0.4165
-0.3110
-0.7209
-1.1002
-1.1330
-0.7067
-0.4864
-0.4923
-0.8879
-0.7766
-0.7737
-0.8554
-1.0106
-1.1051
-1.9002
-0.6658
-0.6708
0.2019
-0.7549
-4.0046
-1.0473
-1.1092
-0.2977
-0.4612
-0.8943
-0.3101
-1.1148
-0.3463
-1.8509
-1.0840
-0.4798
-0.9445
-0.9677
-1.1354
-0.1872
-0.5964
-0.9235
-0.5836
-0.9818
-1.0623
-0.6992
-1.0415
-0.7031
-0.8373
-1.8487
-0.6409
-0.7490
-0.8431
-0.6643
-3.2638
-1.2881
-1.1014
-0.4051
-0.7623
-0.8851
-0.3899
-1.0641
-0.4273
-1.7160
-1.0607
-0.3493
-0.8603
-0.5943
-1.0618
-1.2010
-0.6026
-1.0531
-0.4985
-1.0570
-1.0942
-0.8860
-0.1045
-1.1139
-1.0457
-1.7936
-0.6136
-0.6164
-0.7900
-0.6228
-4.0414
-1.2544
-0.9994
-0.4718
-0.8042
-0.7462
-0.4561
-1.0281
-0.4345
-1.1469
-0.1953
-0.1740
-0.8437
-0.7667
-1.0496
-1.3199
-0.6697
-0.6023
-0.2944
-1.0113
-1.2280
-0.9162
-1.0914
-1.1144
-1.0708
-1.8490
-0.7265
-0.5895
0.0170
-0.6805
-4.0275
-1.1875
-1.2053
-0.3832
-0.1100
-0.9335
-0.2458
-1.0516
-0.3106
-1.6320
-1.0384
-0.5721
-0.9214
-0.9245
-0.6208
-1.2067
-0.4394
-0.9609
-0.4844
-0.2759
-1.1710
-0.4951
-0.7908
-1.0179
-0.5925
-1.9951
-0.8618
-0.7859
-0.8030
-0.7189
-4.0048
-0.8315
-1.1644
-0.6064
-0.8297
-1.0023
-0.4011
-0.9463
-0.6190
-1.7778
-1.0708
-0.4936
-0.7265
-0.8095
-0.8410
-1.1992
-0.5740
-0.9453
-0.4027
-1.1046
-0.6899
-0.3644
-0.9080
-0.9690
-1.0372
-1.8740
-0.6646
-0.6852
-0.7221
-0.6696
-4.0282
-1.2025
-1.2149
-0.5819
-0.8599
-0.8308
-0.3408
-0.8770
-0.3349
-1.5301
-0.8397
-0.5358
-0.7656
-0.7951
-1.0652
-1.1343
-0.6147
-0.9965
-0.6377
-1.0670
-1.0245
-0.7982
0.1467
-0.0141
-0.0093
0.0283
0.1356
-0.0615
0.1366
-0.0092
0.0870
-0.1170
0.1732
0.0052
-0.0075
0.0631
0.0008
-0.0598
-0.0657
0.0990
-0.0308
0.1038
0.0117
-0.0192
0.1390
-0.1630
0.0372
0.0126
-0.0779
-0.1248
-0.0604
-0.1975

Direct connections:
