version: 10
file format: 0

training data file: /tmp/train-lm-from-UD-corpus.sh.3oaYucMkt.train
validation data file: /tmp/train-lm-from-UD-corpus.sh.3oaYucMkt.valid

last probability of validation data: -109352.630838
number of finished iterations: 7
current position in training data: 0
current probability of training data: -109135.851699
save after processing # words: 0
# of training words: 450559
input layer size: 122
hidden layer size: 30
compression layer size: 0
output layer size: 93
direct connections: 0
direct order: 3
bptt: 0
bptt block: 10
vocabulary size: 92
class size: 1
old classes: 0
independent sentences mode: 0
starting learning rate: 0.100000
current learning rate: 0.003125
learning rate decrease: 1


Vocabulary:
     0	         0	</s>	0
     1	     87373	32	0
     2	     49460	1575	0
     3	     33987	1740	0
     4	     28260	1585	0
     5	     25409	1583	0
     6	     25330	1606	0
     7	     22238	1607	0
     8	     21509	1605	0
     9	     19723	1608	0
    10	     15643	1578	0
    11	     15196	1576	0
    12	     10534	1587	0
    13	     10036	1705	0
    14	      8568	1604	0
    15	      8561	1588	0
    16	      6930	1586	0
    17	      6622	8204	0
    18	      4712	1601	0
    19	      4663	1711	0
    20	      4487	1593	0
    21	      4438	1582	0
    22	      3993	1602	0
    23	      3704	1580	0
    24	      3582	46	0
    25	      3434	1581	0
    26	      3148	1548	0
    27	      2653	1570	0
    28	      2170	1662	0
    29	      1933	1589	0
    30	      1876	1591	0
    31	      1563	1670	0
    32	       959	1590	0
    33	       719	1584	0
    34	       665	1592	0
    35	       642	1594	0
    36	       618	58	0
    37	       578	1579	0
    38	       412	1574	0
    39	       396	1563	0
    40	       299	1688	0
    41	       275	1776	0
    42	       273	1777	0
    43	       227	1567	0
    44	       224	1620	0
    45	       215	1778	0
    46	       205	1571	0
    47	       197	1611	0
    48	       174	1785	0
    49	       147	33	0
    50	       144	40	0
    51	       142	41	0
    52	       129	1781	0
    53	       121	1779	0
    54	       117	1784	0
    55	       112	1783	0
    56	        99	1780	0
    57	        99	1782	0
    58	        77	45	0
    59	        72	8230	0
    60	        67	187	0
    61	        67	171	0
    62	        62	1572	0
    63	        46	34	0
    64	        45	93	0
    65	        45	91	0
    66	        43	47	0
    67	        32	1569	0
    68	        30	1616	0
    69	         6	69	0
    70	         5	1615	0
    71	         5	1609	0
    72	         4	97	0
    73	         3	121	0
    74	         3	110	0
    75	         2	101	0
    76	         2	114	0
    77	         2	72	0
    78	         2	105	0
    79	         2	103	0
    80	         2	104	0
    81	         2	119	0
    82	         1	118	0
    83	         1	111	0
    84	         1	109	0
    85	         1	116	0
    86	         1	65	0
    87	         1	82	0
    88	         1	80	0
    89	         1	98	0
    90	         1	99	0
    91	         1	117	0

Hidden layer activation:
0.0000
0.0005
0.0005
0.0003
0.0000
0.0211
0.0000
0.0006
0.0000
0.0000
0.0000
0.0000
0.0000
0.0040
0.9963
0.0000
0.0010
0.0001
0.0437
0.0000
0.0000
0.0010
0.0183
0.0063
0.0000
0.0001
0.0027
0.0003
0.0000
0.0032

Weights 0->1:
0.1388
-4.1135
-1.5753
-1.9295
-1.1251
0.9125
2.7942
1.0069
-3.2429
-3.4280
-5.1436
-4.0819
1.1142
-0.1152
-1.0830
0.9681
2.8647
-3.1746
0.0326
7.6473
-0.6330
-4.2199
-1.3971
-1.4727
-0.3422
-2.6055
-0.4273
-1.3236
-1.4799
-2.2241
1.4726
3.7643
0.0173
2.9098
7.6820
1.5519
-0.2710
3.7569
-0.2777
-0.3199
-0.2011
-0.5967
-2.0321
-0.3944
-0.1737
-1.4419
-1.9051
-0.1057
-1.7054
-0.0984
-1.4233
-0.3039
-1.5771
-1.1706
-1.5115
-1.3499
-0.9914
-1.3477
-0.8314
-0.1857
-0.4535
-1.2355
-0.7762
-1.4137
-0.4115
-0.4527
-0.5563
0.2054
-0.0904
-0.4607
0.1842
-0.0577
-0.3407
-0.0462
-0.0585
-0.0524
0.0760
-0.2413
-0.2688
-0.2101
-0.0006
-0.1163
-0.1485
0.0897
-0.0846
0.0302
0.0080
-0.1135
-0.1633
-0.1085
-0.1003
0.0047
-0.2531
-2.9654
-2.7267
2.0431
2.4342
-0.8497
-0.2577
-0.9046
0.6711
0.4781
-2.4410
-2.1245
-1.0265
1.7818
-0.8997
-0.6008
-1.0032
-1.4664
-0.0635
-2.7491
-1.3183
-1.4114
-2.8222
-0.9003
0.7324
0.9067
-4.7463
-0.3500
-0.2189
0.0110
0.1595
-6.2241
0.9707
-3.1191
-5.7793
-1.3275
-4.0836
-4.0487
-0.0806
-4.8238
-2.1226
0.0867
4.8673
1.5964
-1.0629
-2.1707
-0.8742
-3.4626
1.1212
-2.5065
-2.0905
5.3915
-2.1084
-0.7913
-0.5415
-1.6589
-0.9107
-1.0111
-2.4174
-1.6993
-1.8701
-2.2543
-0.6263
0.3412
-0.3743
-2.2669
-0.3924
1.8158
2.1778
-0.6547
1.0603
-1.1340
-1.0900
-0.6645
-0.5655
-0.8579
-1.4875
-0.4709
-1.2240
-0.4824
-0.7074
-0.1952
-0.7459
-0.7747
-1.0944
-0.8886
-0.5053
-0.7820
-0.1801
-0.7442
-0.8215
-0.3716
-1.3257
0.1078
-0.3111
-0.1225
-0.0105
-0.2941
-0.4618
-0.1583
0.1015
-0.2617
-0.0168
-0.1369
-0.2103
-0.0366
-0.2027
0.0232
0.0531
-0.1987
-0.1879
-0.1427
-0.0373
-0.2643
0.0015
-0.1368
-0.1625
-0.0835
0.1091
-0.0149
-0.0012
-0.1112
0.7053
2.6197
-0.5652
-1.1474
-1.8587
-0.9123
-0.6377
-0.6130
-0.9559
-0.9462
0.9924
-2.1007
0.8109
-0.5215
-1.9822
2.8364
-2.7143
1.7896
-0.7292
0.0913
-2.5395
-0.7029
-0.9370
2.7663
2.3588
-0.0764
-0.0531
0.4332
-4.0598
2.1114
0.0306
-6.2314
-4.5128
-1.3768
2.3314
-3.6952
-4.9282
0.4813
-0.9420
-0.6336
-0.8192
-7.5755
-2.0083
-1.7056
2.4982
-2.2668
3.0019
-3.8026
-3.5884
3.0267
1.2228
-2.8241
1.3623
4.0249
0.0779
-0.6853
-0.3272
1.7509
-0.2426
3.4542
1.6520
-1.1632
0.9551
0.7643
-0.8302
1.4291
-0.3619
-0.4325
1.0648
-0.2044
1.5030
-2.2682
-1.4832
-1.4531
-0.9010
-1.6023
-2.1838
-1.4773
-1.7528
-0.3647
-0.5509
-0.2932
-1.4947
-1.5417
-1.5914
-1.6405
-1.3901
-1.2543
-0.0612
-0.9685
-1.2095
-0.5087
-0.9976
-0.6053
-0.4721
0.0597
-0.1475
-0.3159
-0.4200
-0.3096
0.0504
-0.2826
-0.3553
-0.1639
-0.2930
-0.3919
-0.3155
-0.2356
-0.2196
-0.5408
-0.3755
-0.2455
-0.2753
-0.1203
-0.0408
-0.0244
-0.0428
-0.1528
-0.0706
-0.0591
-0.1411
-0.2984
0.6827
0.8624
-0.5345
0.4902
-1.1066
-1.2855
-0.9699
-0.7321
1.7105
1.2637
-1.4122
1.8031
-3.7509
0.9276
-2.0688
1.1067
4.1452
-0.7107
-1.3557
-0.2137
-0.7624
1.1747
0.6167
-0.4573
-0.6744
0.6729
1.7645
-0.3610
-1.6588
-0.1456
0.2197
-5.6331
-4.7886
-7.7188
-3.5444
-2.9057
-5.8575
-2.5445
0.0078
-1.1723
-6.1036
2.7337
0.6202
0.0593
-2.3437
-0.3898
-2.0810
-0.7702
1.6922
2.2054
-0.7851
1.0675
-0.8408
0.7620
0.4088
-1.6374
0.5967
-1.5551
-0.4507
0.1836
-1.6048
-0.0166
0.7040
-1.8610
4.4672
-0.1434
0.0734
-1.9416
0.2953
0.3520
-1.2554
0.0633
-0.2483
-0.6215
0.5216
-0.0352
1.1150
0.4392
-1.6554
0.1831
-0.0023
0.1780
-0.1760
-1.0123
-0.4490
-0.1601
0.1318
-0.5532
0.0622
0.0012
0.0122
-0.1492
0.5944
0.4009
-0.1353
-0.2948
0.0427
0.4593
0.1990
-0.1278
-0.7732
0.0612
0.1066
-0.0732
-0.0882
-0.0644
-0.1931
-0.1671
-0.1571
0.0481
0.0061
-0.0312
-0.0207
-0.0412
-0.1501
-0.1703
-0.0386
-0.1251
0.0440
-0.0741
-0.0247
-0.0464
-0.7760
0.5595
-0.9374
2.3384
3.8658
2.4747
-2.7952
-1.1776
0.2695
-1.7190
-1.2522
0.5057
0.2748
0.8840
-4.0128
0.5826
0.7413
-2.8197
-1.9812
1.0475
2.7807
-3.9917
-1.5129
-2.7394
1.4976
1.5322
-4.1089
1.5956
0.1733
-1.8233
-0.1994
-1.1371
-2.1394
-2.4047
1.0742
0.6995
-0.8229
4.2932
-5.1761
-5.3231
-2.0689
-0.8048
-0.4886
-0.7239
-1.7965
2.6415
-5.4968
0.7021
2.6452
-0.9142
-0.1192
0.7415
-0.6366
-0.5775
0.2967
2.8308
0.0886
-0.1785
-1.4744
-0.6127
2.8475
-1.8966
-1.7980
-5.1466
-2.2612
-1.5946
-0.0310
2.5487
-0.7066
0.0171
-1.1932
0.7494
-1.0497
0.0541
-0.2285
-0.2427
1.0468
-0.0243
-0.8402
-0.1076
1.8204
-0.0514
-0.4667
-0.1601
-0.5150
-0.0899
-0.2128
0.4745
-0.1902
-0.2982
0.1270
1.0509
1.1563
0.6022
0.0379
0.4672
-0.3850
-0.1637
0.1677
-0.3242
0.0336
0.0063
0.0705
-0.1143
-0.0122
0.1031
0.0226
0.1381
-0.0729
-0.1745
-0.0343
-0.0803
-0.0768
0.0766
-0.0042
-0.1632
-0.0377
0.0135
0.2371
-0.0614
-0.1372
-0.1788
1.0594
-4.7516
-2.4485
-4.1982
-0.9234
-0.2581
-3.1615
-4.0051
0.5838
0.9027
2.4889
-1.1072
-2.3449
-0.7184
-2.4623
2.4913
-0.0365
-1.8867
-0.1913
-0.8699
5.1217
-3.1784
-4.0039
0.4611
0.9777
2.9386
1.8856
-0.8374
-1.2685
-4.3868
0.0412
-7.2743
-3.8813
-6.0586
-5.7917
1.3415
-2.8271
0.5996
-0.0227
-1.5464
2.2673
0.7919
-4.4167
-0.6393
-1.8938
-5.6624
-2.1972
-3.8882
-0.2017
-2.3082
-1.5320
-1.7717
-2.2916
0.8532
1.4408
-2.5665
1.8876
-0.4066
-0.8073
-1.5500
1.8771
-2.9749
-2.0533
0.5400
1.8725
-0.8994
1.4671
1.6568
-1.2607
0.7994
1.4636
0.9357
-0.5850
1.1535
0.9865
0.6313
0.2775
1.7078
-2.2101
1.0900
0.4376
1.0367
-0.0034
-1.0726
-0.1352
-0.2647
0.5118
0.0355
0.8478
1.4269
1.4995
-0.9275
0.3563
-0.2818
1.5850
-0.9360
0.5729
0.9507
0.3434
-0.1732
0.0861
0.2617
-0.2295
-0.0994
-0.3000
-0.2554
-0.1741
-0.1915
-0.0235
-0.1446
-0.2943
-0.2562
-0.0625
-0.1824
-0.0316
-0.1612
-0.0131
-0.0260
0.2311
0.1765
-0.2990
-0.1192
-1.0867
1.6204
0.2355
0.8296
-1.5579
-0.6110
-3.3793
-0.8702
-2.0540
1.2968
-0.3148
-1.2975
1.8589
0.1914
-0.8549
-2.1121
0.1907
-0.6035
0.2428
1.9050
-0.5007
-1.1072
0.0473
2.2627
-0.7240
1.4996
2.2506
1.7979
0.0683
-0.1209
0.0319
-5.3811
-2.1369
0.0905
-2.5263
-0.3551
-0.4278
-3.2868
-1.8902
1.7738
-6.9918
-1.8068
-2.9959
1.7968
0.2467
-3.8300
-0.3833
-4.2119
0.7103
1.3701
3.5186
1.5976
1.4485
1.6866
0.0916
1.0901
-0.1682
-3.0401
-0.6746
-0.0961
-3.5588
0.0290
-0.0840
-0.9164
1.3949
0.4650
-0.2117
1.2329
2.6576
-0.1197
1.2232
-1.2349
-1.9710
-0.7263
0.0418
-1.7535
-1.8896
-0.1193
-1.3906
-0.2170
-1.4710
-0.0905
-1.2653
-1.2407
-1.4402
-1.2768
-1.2317
-1.3799
-0.1362
-0.6265
-0.3840
-0.8640
0.6778
-0.4394
-0.1986
-0.4964
0.0725
0.1627
-0.0129
-0.1419
0.0384
-0.0680
-0.2176
0.0496
-0.2048
-0.1102
-0.0326
-0.2640
-0.1808
-0.0598
0.0101
-0.0581
-0.0066
-0.0560
0.0470
-0.0001
-0.1879
-0.1225
-0.0277
-0.1446
-0.0567
0.1069
-0.6734
2.3222
-0.9185
-2.0523
6.4998
1.3120
3.9371
-1.5203
0.5345
0.6995
-3.1344
1.1958
-1.5499
1.0431
-0.6080
-2.2412
0.5382
0.6433
-0.7738
0.1724
0.8234
-2.7230
-3.3247
-2.5952
-2.8775
-1.6243
-1.8892
-3.9738
-0.8143
-3.3075
-0.2244
-6.7339
-1.1634
-2.4048
-3.8431
-4.6736
-5.5924
-2.7714
0.0723
-0.1248
0.9443
1.4692
-1.4580
-0.1661
-5.0063
-1.1817
-3.8773
-4.2764
-4.7478
0.7359
-2.1818
-0.0696
-0.1571
2.8435
0.1886
-2.7610
-0.7427
0.8116
0.2903
2.7246
0.5924
-1.1326
3.9535
-2.0809
-0.4208
-1.5421
0.0155
1.6119
3.8613
-0.0066
-0.2228
-1.7797
-1.2412
-1.2764
-0.4502
-1.1607
-1.3751
-0.6855
-1.9791
-0.6070
-0.3309
-0.3468
-1.5974
-1.5701
-1.5993
-1.5046
-1.1620
-1.0903
-0.3367
-1.0454
-0.7258
-0.1399
0.7397
-0.3189
-0.5848
0.0227
-0.1815
-0.9727
0.0578
-0.1915
-0.1300
-0.2582
-0.1965
0.0204
-0.5586
-0.3056
-0.1872
-0.0534
0.0665
-0.4045
-0.1981
-0.3301
-0.2566
-0.1695
-0.3017
-0.1876
0.0521
-0.1257
-0.0684
-0.0485
-0.2472
-0.1199
1.6089
-1.7648
-0.8612
1.2990
-0.2764
0.4617
1.8022
0.8724
0.2361
2.5725
-0.3036
1.8786
0.9451
-0.8514
-3.0658
-1.5212
0.2211
-2.1379
1.0310
-0.0787
-2.1607
-0.5469
-1.6890
0.5788
2.2382
0.1992
-2.4792
0.1385
-3.4745
0.9126
-0.0044
-4.0509
-1.6640
-0.1689
0.8581
1.6144
-5.7792
0.4967
1.8164
-5.4515
0.3395
-1.3914
0.7308
-4.9827
-0.1197
0.7276
-2.3711
-4.1498
-0.1843
-2.2658
-4.2459
2.5001
0.6819
-2.3618
-0.7746
0.2856
-0.5092
-0.7523
2.1284
-1.0534
0.7322
-2.3562
1.1713
-2.8155
-0.1482
0.8987
-0.4716
2.4341
-0.4947
-0.2182
0.8377
-2.1522
-2.8362
-0.3679
0.0545
-2.8924
1.3947
-0.3371
-2.8842
-0.2716
-2.9920
-0.2223
-2.8170
-2.0646
-2.6301
-2.4873
-2.5915
-3.1643
-2.3531
-0.3673
-1.1244
-1.7807
0.0275
-0.6028
-1.2135
-1.8227
-2.3101
-0.2678
0.2658
-1.7575
-0.0271
0.0179
-0.4600
-0.2389
0.0655
0.1104
0.0335
-0.1395
0.2097
0.1573
-0.0342
0.0680
-0.1364
0.0300
0.0676
0.0357
-0.0231
-0.2699
0.0526
-0.4538
-0.0077
0.0398
-0.0976
-3.0397
-1.3873
1.3945
-0.1083
-0.1168
-5.4318
-5.3104
-2.0603
-2.6563
0.7892
2.1483
1.1801
4.9734
0.2954
1.2283
-2.7259
-1.7612
-0.3288
-1.7809
5.3852
-2.2383
-8.4234
2.6328
-1.6434
0.4041
-2.2650
0.3964
2.0576
1.7869
-0.0035
-2.4970
-3.3148
2.8722
-3.6525
-3.5993
-0.2415
0.2721
-5.0544
-5.1764
0.3919
-1.7718
-1.1176
1.0850
-0.3925
1.7517
0.5728
1.1005
-2.2103
-1.9951
0.0840
0.9599
0.3678
2.8665
-0.4251
-1.8584
-0.4223
-1.8700
-2.0610
0.3450
-1.5058
-2.2595
1.4545
0.5133
0.5439
-0.9061
-0.3625
0.4600
1.0940
-0.2387
1.6448
-0.4719
1.0872
-0.1704
-0.2697
-0.7388
-0.0364
-0.0778
-0.7153
-0.3013
-1.5837
-0.2575
-0.7668
-0.9061
-0.6981
-0.6648
-0.7748
-0.9087
-0.9418
-0.1179
-0.6142
-0.3798
0.5185
-0.6108
-0.5504
0.3810
-0.9396
0.0401
0.0785
-0.6049
0.0862
-0.0149
-0.1299
-0.0413
-0.0756
-0.0740
-0.0851
0.0220
0.0974
0.1465
-0.0122
0.0077
-0.1730
-0.0863
-0.0534
-0.1073
-0.0440
-0.2657
-0.0568
-0.2306
0.0155
0.0146
-0.8151
0.5119
-1.5365
-1.4967
-0.2553
-1.5859
-2.0888
-1.1670
-3.1957
1.0211
-1.0050
-2.1176
0.3324
0.9673
0.4428
-4.1035
-5.4028
-1.2453
0.6334
-2.6775
-0.0790
2.2606
-3.0010
-1.3777
-1.2708
1.5304
-2.1713
-2.4240
2.0851
0.7082
0.1106
-6.1690
5.6363
-0.5054
-3.6467
-0.4167
-0.6004
0.8015
-4.3318
-4.4376
-2.2345
-3.2042
-0.8735
-1.1501
-4.2525
-1.4370
-1.4186
3.4372
-2.5003
4.4398
-3.2541
0.2234
-2.1994
0.9942
-0.2648
0.6314
-0.3804
-0.0174
-2.9213
-2.6446
0.1014
-1.8830
-1.7306
-1.6151
0.1199
-0.7329
-0.0610
0.0093
0.1824
-0.1995
2.1668
-0.3722
-0.6491
-0.2273
-0.1669
-0.4450
-1.0481
-0.7455
-0.6040
-0.0638
-0.2376
-0.1633
-0.2116
-0.2457
-0.4721
-0.2546
-0.1233
-0.1697
-0.1734
-0.3751
-0.2395
0.1952
-0.8164
-0.0484
-0.1294
-0.0099
-0.0718
-0.5138
0.1270
0.0064
0.3136
-0.0551
-0.0069
-0.0060
-0.0021
0.1726
-0.0851
0.1015
-0.0596
0.0460
0.2141
-0.1602
0.0198
-0.0434
0.0051
-0.0679
-0.1568
-0.0872
-0.1380
-0.0205
0.1282
-0.1700
3.4592
1.3931
-2.6048
-2.1979
0.4110
-1.0900
-0.5934
0.2171
-0.8356
-3.6708
-0.6690
-3.2277
1.6542
-0.5691
-5.2174
1.4208
2.2877
-1.5202
-2.2611
-0.6474
-1.4848
-1.9089
-3.5384
-1.5357
-0.3293
0.7304
-1.2458
-1.1898
-1.8757
2.5072
0.0600
-4.2023
4.0545
-3.3341
0.0016
-4.2790
-1.6643
-2.9415
0.8928
-3.1889
0.1077
-0.3459
-2.6755
0.3154
-3.3819
0.6595
-1.6350
-1.8237
-1.0201
0.5711
0.5370
1.4045
1.0773
-1.2936
-0.5236
-2.1800
-0.2509
5.4562
-2.0444
0.6309
1.1944
-1.6144
0.9440
0.8850
1.8749
0.8257
-0.1959
-0.0361
3.0697
-0.2838
-0.9442
-0.8178
-1.4033
-0.0829
0.0437
-0.9175
-0.1043
0.2523
-1.3902
0.0339
0.2345
-0.0142
-0.8129
-1.0058
-0.9725
-0.6900
-0.6487
-0.5840
-0.6342
0.2455
-0.1574
-0.5442
-0.4935
0.0788
-0.1159
0.7093
-0.0310
-0.2380
-0.0084
-0.0820
-0.1699
-0.0327
-0.0206
-0.1742
-0.1345
0.0259
-0.1616
0.0820
-0.0139
0.0041
-0.0667
0.0985
0.0629
0.2648
-0.1171
0.1087
-0.0975
-0.1290
-0.1085
-0.0614
-0.1961
0.1988
-1.2969
1.8422
-3.4545
1.3757
1.6767
-4.0328
-1.1015
-2.6269
-1.6970
-1.9877
0.1666
-0.3891
1.9406
2.4992
-2.8456
0.2535
-1.0323
0.9982
-2.0052
-1.3239
-1.7205
-1.2837
-2.3594
2.1231
-3.6148
-1.8338
-1.3529
-1.0820
2.7271
2.5583
0.1006
-1.2447
-4.9881
1.8403
-7.1148
1.0264
-0.5624
0.4256
-1.5596
-0.2546
-3.7647
-2.8790
-5.6355
2.0046
-2.4366
1.8046
-0.6611
1.5846
-1.0856
-1.1333
-1.6287
-0.8938
-0.2561
-3.4050
-1.2699
-2.1408
-1.2664
1.5297
-0.1271
-1.0804
-0.8896
1.8133
0.9124
1.1453
-1.0378
-3.3151
-1.0166
-0.0628
-0.5768
-0.8383
-1.3427
-2.6291
-1.7603
-0.9984
-0.7328
-1.9994
-0.2350
-0.6376
-2.4916
-0.6639
-0.4610
-0.8766
-2.3082
-2.1848
-1.8907
-1.5569
-1.6888
-1.7904
-0.3801
-0.9296
-0.7236
0.0226
1.1383
0.2373
-0.6465
0.0539
-0.4607
-0.0720
-0.1712
-0.5016
-0.1523
0.0287
-0.0664
0.0537
-0.1917
0.0737
-0.0912
-0.1213
-0.1334
-0.2800
0.0041
-0.0896
-0.1357
0.1090
0.0564
0.0848
0.0495
-0.1995
-0.1316
0.0370
-0.0134
-0.0208
0.0396
-2.6730
2.0860
-0.9803
-3.1148
-1.1049
-2.1838
0.0252
2.2622
2.0383
-1.0578
0.7787
0.3119
1.1720
-1.1391
-0.3251
-2.3449
-3.2314
-0.6369
1.9794
4.8424
0.1715
-2.9648
-0.4355
0.1630
-3.2010
0.4475
-3.6895
-0.6791
-2.9149
0.0827
-2.1737
-5.3477
1.2411
-4.2227
-3.5664
-2.6174
-1.0678
-0.2980
0.1204
-0.0445
-4.2537
0.1406
-1.4780
-1.0430
-1.2828
0.4599
-1.0039
-3.9715
-2.9287
-0.5539
-4.4529
-3.8041
-2.3359
0.9232
-1.8560
1.2692
-2.8384
-2.4777
1.8488
1.9082
-0.9691
-1.1627
-1.5923
-0.7450
-1.0582
0.5111
2.8076
0.0511
0.2915
-0.2365
0.6596
-0.1591
0.1711
0.5892
0.1383
0.0340
1.4089
-0.4641
0.4512
-0.2698
0.6309
0.4532
0.1951
0.4999
0.2961
0.7622
0.3035
1.2640
0.3419
0.3917
-0.3001
-0.8024
0.2334
0.2910
0.0096
0.9409
0.2707
0.5012
0.2918
-0.0702
0.0888
0.0781
0.1741
-0.0615
-0.2743
-0.1030
0.0937
-0.1618
-0.0020
-0.1778
-0.2175
-0.1651
0.0147
-0.0266
-0.1402
0.0492
0.0934
0.0920
0.1437
-0.0746
-0.0134
-2.2272
-0.1012
-0.3550
-0.0871
-6.9131
0.9492
-2.2776
-3.2401
-0.3244
-2.3559
-0.2495
1.4628
-1.2122
-0.2896
-1.2177
-3.3996
-2.6333
-0.5727
-1.1316
-2.2057
2.0657
0.2552
-1.6043
1.1891
3.0935
1.3284
0.4681
-0.3569
-0.4742
0.1322
-0.0733
11.1479
-1.0592
-1.5479
-0.8924
-2.8126
0.3609
-6.9858
-2.4909
-4.0273
-0.7917
0.2348
-0.9324
-1.6959
-4.1141
-3.4785
-1.2201
4.7508
-2.4823
-4.4019
-2.7847
-1.0588
-5.1907
-4.0370
-1.3889
-2.4689
-1.5502
-1.7222
-2.6922
-0.7946
1.1638
-2.3818
-1.8481
0.8285
0.8790
-2.6793
-1.3820
0.7232
1.1533
-1.0942
0.5435
-3.2713
-2.5627
-1.9814
-1.5702
-3.0139
-1.1201
-0.3310
-2.8430
-1.2275
-1.7471
-1.1981
-2.2572
-2.6001
-2.3285
-2.4142
-2.3841
-2.4759
-1.2206
-1.4117
-1.4115
-0.7124
1.0750
-0.9859
-1.4196
0.6771
-1.1514
-0.8229
-0.5585
-1.0458
0.0655
-0.9853
-0.4408
-0.0449
-0.0339
-0.0543
-0.1390
-0.6151
-0.0309
-0.4465
-0.0258
-0.2163
-0.2294
-0.2841
-0.0111
-0.0802
-0.1898
-0.4040
-0.0729
-0.3317
-0.1726
0.0366
1.0069
-0.1797
0.0183
-1.9978
-0.6708
-0.5870
-2.1210
-1.1603
-2.9488
-3.0961
0.4047
-1.3317
0.4562
0.4379
0.1151
1.1218
-2.9552
-0.8951
-1.2450
0.7199
2.2878
-0.0124
-1.1193
0.0508
1.4764
1.4162
0.4856
-0.8076
2.2966
-0.5348
0.1606
-2.7990
-1.8360
3.6644
3.2277
1.1359
0.9111
-1.0520
-2.7628
0.2479
-0.9065
0.1318
-0.4523
-0.0519
-2.3991
-3.7906
-3.4955
-0.4761
0.7720
2.3732
-2.1053
-2.9964
-2.7886
-0.1103
-0.3057
0.2886
-0.2137
-3.3463
-2.1422
-2.7756
-1.3699
-1.1282
-2.0116
0.7844
1.4904
-1.0160
-0.2122
-1.6438
-0.5669
0.0907
-0.6549
-0.8851
-0.6732
0.0353
-0.0379
-1.0719
-0.1460
-0.1407
-0.7962
-0.0870
-1.7067
-0.2649
-1.0040
-1.1397
-0.5115
-0.3315
-0.7927
-0.2703
-0.4798
-0.0604
-0.1350
-1.1132
0.0770
0.1988
-0.2558
-0.9863
-0.3963
-0.0711
0.0482
-0.1345
0.1351
0.2142
0.1552
-0.0745
-0.0203
0.0579
0.0271
0.0226
-0.0076
0.0185
-0.0377
-0.0971
0.1731
0.1401
-0.2557
0.1162
0.0276
-0.1098
-0.1292
-0.1825
0.0493
-0.1293
-1.4175
-4.5022
-1.4490
1.4536
-2.4771
-4.9464
-4.5670
-2.0553
-2.1677
2.2718
-0.9927
1.1572
0.1587
-1.0156
-0.5918
2.0364
-3.5330
-1.5421
-0.9829
-0.7950
3.5342
1.2773
-3.2435
1.4357
1.8020
0.5996
-0.4288
-2.6851
-0.7191
1.3120
0.0140
-3.0612
6.3176
0.7778
-4.5500
-4.5559
-4.8852
-2.1105
-1.6002
3.1931
-4.4510
-3.3685
-3.8491
-0.5420
-3.5211
-3.1756
0.4904
-3.3209
0.3844
-0.1928
0.1829
-3.0280
-3.5963
-2.8442
3.0437
-0.2660
3.7117
0.9494
0.7084
-3.0478
-2.2261
-2.0596
0.2637
-1.0083
-0.2479
0.8103
1.6899
-0.3515
1.3475
1.4269
0.0713
-1.5815
-2.3849
0.4012
1.6828
-1.8106
0.9760
1.0508
-2.9166
1.3293
-2.3330
1.2620
-1.7882
-2.3356
-1.7181
-1.6403
-1.5113
-1.5505
1.1498
0.3344
0.2088
-1.1299
0.2260
-0.0829
0.2366
-0.8337
1.0361
-0.1526
0.4207
0.1179
-0.2379
0.0151
-0.1476
-0.1026
-0.0271
-0.2460
-0.0282
-0.3286
-0.0122
-0.3230
-0.1162
-0.1788
0.0579
-0.0999
-0.0974
-0.0159
-0.0499
-0.1738
0.1774
-0.1599
-0.0428
-0.0342
0.9538
-1.7300
-0.8847
0.1043
-3.3822
-1.4973
-3.8801
0.1834
-1.0198
-0.9940
0.2965
2.1448
-0.0623
1.8578
-0.2307
1.3190
-0.6269
-0.6742
-1.0588
-0.9030
0.5723
-0.3676
-0.6551
0.1593
0.7538
-0.8240
-0.8980
-0.4320
1.3515
0.4870
-0.0144
-5.1195
-1.4505
0.3189
-2.0241
-2.1748
-2.1671
-5.4038
-0.2352
-0.7058
0.2508
-0.7642
-3.0748
-5.0963
-0.8410
-1.1724
-4.5959
-2.2205
-0.0818
-0.4987
0.9402
-0.6240
2.1920
-2.7529
2.5786
-1.2375
2.8823
-2.5538
-3.8846
1.1999
2.8583
-2.9422
0.4766
0.7189
0.2552
0.1173
1.9712
1.8592
-2.4046
2.0447
-0.7657
-0.8448
-1.5683
-0.4046
0.2735
-1.7610
-1.4449
1.8255
0.3463
1.3298
-1.4619
1.7083
-1.0371
-0.0979
-0.4573
-0.7093
-1.1178
-0.6334
0.4991
0.3047
0.5196
-0.7083
-1.2820
0.0714
0.2855
-0.2298
0.8495
-0.0430
0.6745
0.5978
0.0951
0.2974
-0.0693
-0.0157
-0.2683
-0.2414
-0.3348
0.0225
-0.1494
-0.1917
-0.1787
-0.2109
-0.2312
-0.1610
-0.0524
-0.0230
0.1015
-0.0771
0.0117
0.0578
-0.1396
-0.1188
0.9422
-0.4828
-0.9345
-1.4182
1.1442
-1.9606
0.8953
0.4182
-1.0577
-1.6107
0.4779
1.8206
-2.9631
1.1362
-0.5213
-2.5322
1.3279
0.6356
1.5560
-3.7829
-5.2763
2.6195
-1.2818
-0.9329
-1.2999
0.3288
-1.8256
-1.6808
2.4690
-0.6926
0.0770
-7.9105
-2.1892
-5.7054
-4.0800
1.1766
-1.0202
-6.7230
1.4345
0.4636
-1.3515
3.2431
-2.6605
0.1117
-2.4302
-3.1822
-0.3242
1.1967
0.9027
-3.8662
-1.2087
-3.8218
-0.3230
-2.3081
-0.4459
-3.0870
-0.9031
-3.1466
-1.8866
1.4790
-1.4971
1.2478
-0.4310
-0.2743
1.1332
-2.3222
-0.5470
-1.0998
-0.5184
-0.6980
2.3826
-1.7101
-1.9275
-1.1678
-1.0104
-1.6598
-2.4983
-0.5950
-2.7022
-0.8152
1.1312
-0.6516
-1.7347
-2.3066
-1.6766
-1.7129
-1.4207
-1.4151
0.0372
0.0301
-0.0806
0.4110
-2.7004
-0.7186
-0.0918
-0.4425
-0.2844
-0.2651
-0.8639
-0.3336
0.0353
0.0645
-0.2256
0.0062
-0.5118
-0.2179
-0.0791
-0.1818
-0.2138
-0.3808
-0.2767
-0.3001
-0.1660
0.0269
-0.1319
-0.2327
-0.0546
-0.1543
0.0871
0.0739
-0.2738
0.1398
-0.7601
-1.2374
1.2078
1.5683
-0.3607
-0.9141
-2.9025
-0.0019
-1.9018
0.4228
0.7842
-0.2342
0.5209
-1.8814
-0.9203
-0.8229
-2.4143
2.0867
1.1915
-0.9982
-0.4438
-0.2657
2.1467
2.9545
0.8484
1.5339
-1.2102
0.5579
0.0213
-2.8076
0.0339
-4.1260
0.9176
1.8960
-0.7549
-4.0336
-5.7033
2.1155
-3.6530
-2.6866
-3.8944
-4.4847
-5.2732
0.9513
-2.7999
-2.7127
2.0463
-1.4132
-3.1584
-3.8748
-3.4498
3.0885
-2.1860
-0.9710
1.4434
-1.8519
0.9425
0.2821
-1.1489
-2.4973
-0.9436
1.9205
-1.4101
-0.7250
-0.5145
-1.5080
0.9898
-0.3023
-2.2185
0.9057
-1.8460
-1.3380
0.4257
-0.0315
0.1980
-0.0967
1.1220
0.3305
-1.5778
0.5165
0.2322
0.2391
-0.7754
-0.6433
-1.3308
-0.5326
-0.0410
-0.8122
0.0636
0.1983
0.1991
0.2353
0.4968
0.2988
0.3440
0.3883
0.1042
0.0048
-0.2334
-0.1820
-0.2165
-0.1433
-0.0509
-0.0974
-0.0575
0.1169
0.0158
0.1097
-0.2288
0.0219
0.1597
0.1273
-0.2451
0.0440
0.0195
0.0750
0.0822
-0.0359
0.1352
-0.1415
0.0501
0.0685
0.1730
1.3871
-1.1647
-0.9902
-2.0537
0.6788
-1.4673
-2.2473
0.8941
-0.8645
-1.5717
1.5711
-0.4145
-3.3189
-3.1752
4.5176
-4.1543
-1.2446
0.8927
-0.9723
2.9701
1.2631
-3.5817
-4.7984
2.6616
-2.5171
-3.1909
1.0287
0.0727
-3.8293
-0.0379
-1.6018
1.3624
-3.2539
-4.1950
0.3080
2.9732
3.3085
0.8229
-4.3741
-0.0937
-2.2526
-2.9746
-4.3839
-0.1098
-2.8553
1.6953
-1.0505
-2.7352
2.4210
-0.1447
-2.1995
-0.6582
-1.3560
-0.5531
-2.8774
-0.2646
-1.0533
-1.9237
0.9841
-0.5987
0.3040
0.2235
0.1495
-0.9521
0.2263
-0.1261
-0.7411
0.1766
-0.2088
-0.7815
-0.1588
0.9761
-0.0253
-0.1063
-0.5073
-0.0146
-0.1192
-0.9518
-0.2725
-1.2045
-0.1322
-0.8992
-1.2400
-0.8168
-0.6100
-0.6316
-0.5621
-1.1436
-0.2423
-0.4666
-0.3907
0.1736
0.3823
-0.4814
-0.0735
-1.0384
-0.0662
-0.1136
-0.5303
-0.1766
0.1108
-0.0898
-0.0704
-0.0779
0.0191
0.0676
-0.1305
-0.0334
0.0193
-0.1214
0.0063
0.0077
-0.1336
0.1253
-0.0210
0.0704
-0.0496
0.1209
-0.2097
0.0015
-0.1020
-2.2366
-3.5858
1.1115
1.7561
-1.7956
-2.1332
-1.1727
-4.9023
1.2848
-2.6745
-0.3866
-1.9093
-1.5823
-2.4113
-0.6152
-4.7884
-2.0784
-3.8702
-5.4861
-0.0686
3.3562
-0.1132
-2.9502
-0.0749
-0.3879
0.3445
-1.7084
-2.2708
-1.9950
-1.0866
0.1001
-4.2340
-0.1709
-4.6058
2.6075
0.8016
-2.3484
-5.1256
0.3458
-3.8009
-1.8072
-0.8094
-0.2210
-0.8594
0.8726
0.5556
-4.0662
-4.1511
-0.7084
-4.3667
-2.3314
0.5639
-1.4203
-1.9100
1.6957
-1.1301
1.3587
-0.8950
-2.5202
-2.1108
0.4327
3.8260
1.4094
0.5507
-2.3901
-1.9105
1.0450
-0.9398
0.9883
1.2041
3.5022
-0.3616
-0.0839
1.2853
0.8372
0.1248
1.0655
-0.1904
-2.4518
0.5454
-0.1333
0.9082
-0.2490
-1.0186
-1.1726
-0.3759
-0.1682
-0.4515
0.0504
0.4975
0.6475
-0.2503
0.1223
0.5440
0.1967
-0.3093
-0.0234
0.1899
0.3203
-0.1267
-0.0616
-0.0402
0.0986
0.0105
-0.0869
-0.0641
0.0553
-0.1904
-0.1152
-0.0847
-0.2810
-0.1800
-0.0254
0.0878
-0.0345
-0.2144
-0.1234
-0.0410
-0.0793
-0.1484
-0.0503
-0.0820
0.4147
-3.5515
1.0006
-0.2227
-0.5527
-1.1892
-0.9670
0.5197
1.6119
-0.5063
0.4625
-2.5603
-2.5072
1.3452
-3.0883
-0.5215
-3.0224
-1.5253
0.7055
-1.1629
-0.7932
0.7658
-0.8383
-0.1515
1.2700
1.4421
0.8726
0.6081
2.1056
-4.0412
-0.1573
-8.3577
-2.3719
-0.7223
0.3126
1.2173
1.5498
4.4190
-2.3482
-3.8507
-1.7211
-0.4622
1.8104
-0.4859
0.8369
1.0107
3.0546
-6.0536
-0.8389
-0.8714
-2.2285
-1.9428
-2.5374
-1.9028
2.1837
0.5048
2.2655
-0.2187
-3.2338
-0.5753
-2.9022
-1.8955
-1.9537
-2.8262
1.1577
-1.4633
1.5766
0.3401
-2.8184
1.3723
-0.5869
-1.8095
-1.8968
0.8748
0.4811
-2.0993
-1.1224
1.8143
-2.5634
1.3172
0.4898
0.9860
-2.4802
-2.1052
-2.7737
-2.6413
-1.8706
-2.2322
1.4541
1.5936
1.3701
-0.4563
-0.8134
0.1924
1.1367
-0.0838
1.3437
0.5844
0.0136
0.0407
-0.3422
0.3591
-0.8745
0.0678
-0.8443
-0.6361
-0.4052
-0.2830
-0.2822
-0.6178
-0.5009
-0.6982
-0.3943
-0.1143
-0.1660
-0.2843
-0.3102
-0.1157
0.0849
0.1138
-0.3008
0.0110
-0.3928
0.1168
1.4198
0.2998
-1.8574
0.8557
-1.0336
0.0443
-0.1764
-0.6596
-0.0815
-0.0703
1.4178
-0.3884
-1.3143
2.4671
-0.3172
0.1677
-1.1387
1.4958
0.0553
-0.9463
2.4761
0.8775
-0.6548
-0.3770
0.0781
1.2525
-0.3537
0.9430
0.0024
-5.1233
-6.1755
-6.1654
-4.0316
-1.3415
-3.4544
3.1304
0.2610
-2.9945
-0.5552
-0.5305
-2.0354
0.3423
-1.7481
-0.4241
-1.2567
-0.5650
-0.7169
0.9720
-1.2680
0.1045
-0.1834
0.2414
2.0621
1.4964
2.7647
-1.3856
0.2084
-0.1522
-0.6043
-3.6701
-0.0805
0.5691
-1.3734
-0.3574
1.4856
0.6350
-1.3844
1.5288
-1.9762
-0.3883
0.8899
0.2814
1.1595
0.3737
0.9934
1.1595
-0.2258
1.3961
-0.0778
1.3093
-0.2809
-0.2488
-0.1550
0.1611
0.0840
0.2005
0.5552
0.5546
0.5410
-0.5056
-1.0257
0.6440
0.3865
-0.2225
0.3603
1.1278
0.7021
0.0597
-0.1029
0.2443
-0.4912
0.0504
-0.3731
-0.2756
-0.2110
-0.0139
0.1120
-0.2528
-0.4887
-0.4579
-0.0933
-0.2462
-0.1999
-0.2630
-0.0409
-0.0786
0.2342
-0.0818
-0.2342
-0.2434
2.1147
-1.6683
-1.3139
0.3593
-2.7351
-0.0843
0.8050
1.4185
-6.5073
0.3701
-0.9811
-1.8842
1.3566
-1.1613
-2.4407
3.1119
-1.4221
0.7858
0.0461
-0.7585
-0.3485
-0.2067
0.9556
0.8301
0.2833
-2.3150
-2.3594
-1.1635
-0.9116
1.4952
0.0362
-1.5583
3.2313
-3.3540
-0.6352
-0.9896
-3.6358
2.7317
-2.9144
0.2064
-0.0072
0.7479
-6.1086
1.9659
-1.6324
-0.3687
0.0182
-1.3006
-0.5840
0.0917
-1.4642
2.4776
-1.8499
-3.7116
3.0236
-3.6227
2.1084
-2.0921
-0.3227
-0.3054
2.8389
-0.4845
-2.1864
-1.6314
0.3175
-0.6249
1.6033
0.0059
0.8797
1.1623
-0.0912
2.9025
2.8418
0.1944
2.4571
2.6670
-1.8202
0.1510
1.7452
0.5950
-1.1945
0.8853
2.1494
2.3973
2.0596
2.5626
2.1522
2.1643
1.9927
0.4876
0.6137
0.1505
-0.3662
-0.9976
0.5600
-0.1661
1.7132
0.1548
-0.1385
0.3365
0.0982
0.1124
0.0133
0.0195
-0.0736
-0.1474
0.1426
-0.0941
-0.0597
-0.1204
-0.1349
0.0270
0.0083
0.1147
0.0716
-0.0327
0.1092
0.1065
-0.1609
-0.1138
0.1623
0.1417
-0.5390
-3.4441
-2.7767
-1.8104
-3.4189
1.6500
-4.5852
-5.0526
-1.0758
2.1044
-0.0833
-3.2301
-1.2510
-1.0637
-0.1297
5.9751
-1.1014
-6.8208
-2.0689
1.1035
8.6548
0.0886
-4.6608
2.2264
1.7956
0.5933
1.3109
-1.4503
-1.8679
-4.7493
0.1317
1.5280
-1.4372
1.1997
-6.2550
-4.9049
-1.3567
-2.6393
-1.9674
-5.0258
0.2839
-2.5560
-2.7021
-0.5648
0.4366
1.2131
1.5050
-1.1885
0.4914
-1.4090
-1.3565
2.1865
-0.6449
-0.4511
-1.6726
-0.5654
-1.0155
-2.6517
-2.2434
1.0208
0.3345
-1.1749
0.7235
0.8523
-0.9854
-1.7659
-1.4343
1.5217
0.1856
-1.6040
2.7931
-0.6088
-1.3164
-1.0197
-0.3374
-0.6496
-0.4049
-0.2759
-1.1226
-1.2985
0.6770
-0.6678
-0.7815
-0.8614
-0.6528
-0.7357
-0.4937
-0.6147
-0.7932
-0.6095
-0.5618
-0.2588
0.1242
0.0918
-0.7163
0.3667
-0.7834
0.0289
-0.2082
-0.9466
0.0763
-0.0330
-0.2658
-0.1443
-0.1024
0.0559
0.0298
-0.0517
0.0601
-0.1442
-0.1624
-0.2183
0.0836
0.1458
-0.0871
-0.0647
0.0380
-0.2270
0.0102
-0.0798
-0.1091
-0.0578
0.6368
-1.0060
-1.7679
-1.1885
-2.2284
3.1554
-2.1605
-2.8485
0.7788
2.5465
1.5488
1.7503
1.1625
-3.6843
-0.4195
3.9813
-3.1510
-6.7783
-0.4925
-5.1370
0.1371
-0.8368
-2.8410
-3.3021
-0.4909
-0.5700
-3.6658
-0.3367
-5.0437
-0.4037
-0.0549
-3.5874
-0.8848
-2.7325
3.4666
-3.4186
3.3318
-1.3356
-0.1403
2.4090
-3.1938
-1.6225
0.7709
-0.3914
-0.1029
-1.2948
-0.6494
-2.4586
-3.1147
-2.0694
0.8351
2.1960
-0.5527
-3.6257
0.4559
-2.6018
0.4700
-3.5713
-0.4732
-2.2990
-2.6307
0.0290
-0.7064
-1.3925
-1.1514
-1.1707
0.2192
-1.1988
-1.0263
0.1368
-1.8321
-1.2697
-1.3498
-0.1031
0.1006
-1.1295
-1.1293
0.2186
-1.4328
0.0013
-0.7072
0.1887
-0.9097
-0.9267
-1.1064
-0.8909
-0.9585
-0.7094
0.1991
-0.3757
-0.0488
0.0399
-0.1239
0.3065
-0.1827
-0.0151
0.2324
0.3488
-0.2592
-0.1369
-0.2144
-0.1854
-0.0361
0.1067
-0.1327
-0.0512
0.0699
-0.1125
-0.0944
-0.1302
0.0294
-0.0148
-0.1254
-0.0825
-0.0560
-0.1180
-0.0321
0.0974
0.0151
-0.0301
-0.2095
-0.0426
-1.1591
-1.8385
-0.1267
1.2280
-1.4117
-0.9728
-1.4846
-3.3867
1.4485
1.0767
1.5988
2.4470
-3.0817
-2.5004
-3.1659
-1.7239
-4.8783
-2.9117
2.0759
-2.1086
-5.4244
-0.9234
-3.9390
0.9143
3.4440
0.8355
2.5386
3.1185
-0.9456
1.6718
0.0082
-5.1345
-0.9983
0.3671
-0.4622
-1.2073
-0.3094
-1.7155
-0.5770
-4.0519
-1.4998
-3.4169
-3.3780
0.6902
-3.6424
0.1013
-0.1160
-3.9868
-2.5912
-4.5179
0.2286
-2.2036
-1.8857
-0.3439
2.5255
-1.5516
2.7913
-1.3890
-0.3281
-3.1522
-2.6899
0.7501
-2.4212
-0.8227
1.8967
-1.7952
1.8902
-1.9279
0.1378
1.2651
1.1647
-0.1040
-2.1226
-0.1005
1.0009
-1.7860
-1.8532
1.3464
-0.5197
0.9997
-1.0849
0.3418
-0.9650
-0.8303
-0.7164
-1.0052
-1.1857
-0.6218
0.8093
0.4958
0.4967
-0.5335
-0.8212
1.1476
0.2241
-0.5631
1.0293
-1.0513
0.2465
0.2465
-0.2023
0.0226
-0.4087
-0.0877
-0.4382
-0.3120
-0.3095
-0.1644
-0.0792
-0.2438
-0.1972
-0.4589
0.0236
-0.4723
-0.1191
-0.2251
0.0576
-0.2969
0.2377
0.0890
-0.0269
-0.2723
-6.3952
0.7098
-0.9813
-1.8550
1.6737
0.3222
1.1600
-0.7289
-3.3097
-2.2986
-0.6067
-1.2277
1.5411
-2.5733
-0.6493
-3.2454
2.0839
1.2237
0.9400
-1.8473
-0.3265
-2.2773
-1.1764
-0.2105
1.0943
1.1287
2.5096
0.2000
-6.9833
-1.3256
-0.0361
-4.0099
-5.7420
1.7838
-3.2081
-5.0810
3.4556
-2.5519
-2.7233
-0.2820
-1.4477
-5.1832
-3.0873
-2.7370
-1.4682
-0.7682
0.1037
-1.6930
-1.3194
-3.4480
-1.5443
-2.4222
-4.7226
-1.6080
4.9302
-1.9202
6.1323
-2.6672
-3.1188
-1.6619
-3.8874
-2.7321
-0.8651
0.6228
-2.6083
-2.1864
3.8932
3.2499
-0.6239
3.7682
-2.1295
4.8069
3.0885
2.4295
2.9823
2.8659
-2.4164
1.6158
4.0388
2.6001
-1.3981
3.1057
3.2646
3.6106
3.1568
2.9504
2.6864
2.7128
2.0001
0.8771
1.3550
-0.8757
-0.5711
0.6069
0.8826
0.2607
2.2368
0.3973
0.7807
0.9863
0.1186
0.2172
0.1668
0.3208
-0.1164
0.0793
-0.1055
0.1576
-0.0710
-0.0534
-0.0645
-0.0881
0.0042
0.0010
0.0345
-0.0929
0.0724
0.0531
0.0831
0.3411
0.0319
-0.2486
-0.2325
-2.2150
-0.7802
-2.1106
-1.2309
-0.4297
-2.7576
-1.5182
-0.2510
-3.6603
-4.4285
0.3344
-0.4137
2.2827
0.6868
0.8632
-1.9670
-1.0843
-0.9598
0.5119
1.2167
-0.2675
-2.0508
-0.2897
-0.0836
0.2791
-2.7948
-0.4603
1.8023
-0.3857
0.0240
-2.3445
-2.7059
-1.9545
2.6514
-0.5731
-0.3104
-3.8584
-3.3900
2.1003
-1.4173
-2.4952
-3.2658
0.6113
4.7457
-3.1880
1.7096
4.0534
-1.3795
0.1642
0.2760
-2.2522
0.4611
1.0145
-0.2572
1.4701
-0.4584
0.5286
-1.7306
-1.8677
-1.7528
1.0317
-2.5854
2.0389
3.4841
1.7462
-0.2250
-0.3871
-1.3870
-0.1193
0.2539
-0.9280
-1.0128
-0.0255
-0.1917
-0.6277
3.6180
-0.2057
-1.0336
-0.1328
-0.0906
-0.2192
-0.0855
-0.6375
-0.3629
-0.2439
-0.4490
-0.1458
-0.3213
-0.0276
-0.3071
-0.0680
2.5806
0.2091
-0.0672
-0.1068
-0.0603
-0.0679
0.1922
0.0631
0.0434
-0.2436
-0.1708
0.0658
-0.1949
0.0316
-0.0963
-0.0940
0.1731
0.1697
0.0608
0.0804
-0.1931
0.0506
-0.1605
-0.1476
-0.0952
0.0316
-0.0232
-0.0472
-0.0906
-0.0990
-1.9297
-0.3152
-0.8789
0.5072
1.1107
0.3767
-1.3617
-0.9292
1.4462
2.1170
1.2492
1.9968
-3.4747
-3.9476
-3.8805
0.5404
-1.6935
-1.0055
-1.0336
-0.4111
-0.7458
1.1202
-1.0603
-1.8776
-0.3469
-3.7074
-0.4556
-0.1143
1.5043
2.0121


Weights 1->2:
-0.7877
-0.6537
-1.1183
-0.4872
-0.5688
-0.5722
-0.7494
-0.8941
-0.7826
-0.6680
-0.5189
-0.5551
-1.3595
-0.6380
-2.8727
-0.5096
-1.0909
-0.5677
-0.8966
-0.5780
-0.3524
-0.8552
-1.7188
-0.7646
-0.6235
-0.6410
-0.7296
-0.8396
-0.5380
-0.3577
0.2932
0.5425
1.7163
0.8961
-2.4665
1.5706
1.1122
1.9435
-4.6129
-1.1985
-1.3722
1.8406
-0.8482
2.5975
-1.9653
-0.0418
2.2452
3.5841
0.7625
3.0025
-3.5040
2.1572
5.6408
2.5649
2.7436
-3.7197
0.3976
2.7358
4.7486
-0.3766
1.6092
0.4986
3.1534
2.2867
-1.6181
1.0074
3.4645
1.1974
3.7345
1.0294
-1.3434
-3.5537
2.6201
0.0725
5.4503
1.3519
1.4153
0.9225
1.6869
0.5781
-2.0126
0.5807
3.5002
3.2409
-0.6281
1.8287
2.8682
0.8188
-1.5906
-0.8239
2.9327
1.8747
2.9123
-0.2218
-1.7195
0.4733
2.0289
2.7662
3.7654
-1.6040
-0.3723
0.1547
0.3714
-3.1725
3.5021
-1.1484
2.6571
1.8163
1.6233
-1.4862
0.3731
1.2715
3.8134
0.8115
2.2946
1.0189
1.2452
2.3363
0.2494
-0.2305
3.8244
1.0875
1.7268
0.2447
1.0983
2.0379
3.0563
3.0220
2.5536
1.7795
2.0270
-1.9885
3.4924
0.1083
4.5257
0.3524
4.0259
1.0816
2.3974
1.2293
0.4716
-3.1711
2.4304
-0.5877
-1.2692
1.9715
0.1465
-0.4729
-6.1626
-1.5708
-2.3306
-2.3539
3.6768
-0.5880
1.5376
-3.2616
2.1358
2.9496
3.2340
3.3154
3.0430
0.3375
0.7830
-2.9732
5.1309
-3.2873
1.8744
-0.3606
3.8213
1.7277
-0.7621
-1.9302
4.1869
-0.8610
-0.5567
1.7627
4.7584
1.7651
-0.0376
-2.8147
0.9753
0.7079
2.2565
-0.5453
0.7026
0.6452
1.5067
2.0370
0.8778
3.2423
0.2321
1.0839
3.0332
0.6253
4.3748
0.0285
3.9584
-0.3058
2.3704
2.2042
2.4271
0.0972
3.0905
0.1518
-2.6248
2.1330
2.0470
2.9453
-6.3257
-1.6136
2.7872
1.2060
1.7235
-1.2505
-0.9541
0.9196
1.5123
2.1709
1.3097
2.5256
2.7268
-1.4623
1.0023
-0.7265
4.0315
0.4655
0.7414
1.2017
3.3283
0.2203
-2.2506
1.1268
2.7374
0.6116
1.4177
-0.8273
-0.7440
3.1413
-0.5327
1.3124
1.4152
0.1524
0.6163
-0.7303
1.6416
1.2961
2.8191
4.0722
0.7627
3.1451
-0.3172
0.5201
1.7796
0.4825
5.5023
-0.9671
3.5952
-0.5704
-1.0788
1.4736
3.2553
0.4043
4.0740
-1.1490
-1.7796
0.9521
-0.5031
1.4247
-3.6674
1.8532
2.2952
0.0473
2.0910
-0.4522
-0.9154
-0.1931
3.5848
3.3095
3.3696
-0.0609
1.3738
2.8963
0.3699
0.4733
4.7337
1.8755
-1.0172
-0.4704
1.1145
-0.8805
0.2181
1.0609
3.5990
1.0065
1.3167
4.3418
0.7686
1.3126
-2.7968
-0.9394
-1.1949
3.9005
1.3736
2.6037
2.9665
-2.9038
1.7229
1.3826
0.5096
-0.9198
-0.3632
1.2132
2.9480
-1.2446
4.1960
0.5500
1.3459
2.3625
1.6998
0.1059
2.2002
-0.7460
2.9196
1.3280
-1.9563
1.1121
0.4279
3.0273
-0.8002
0.2277
1.7598
1.4862
2.7277
-2.2282
1.7240
-0.1170
2.4305
2.1981
1.8246
1.5639
2.5742
0.8073
1.2754
0.9414
5.4062
-1.9058
1.1303
0.9509
0.9742
0.0186
-0.2420
-0.1779
2.3172
-0.0498
-0.3995
1.5665
1.1648
-0.5712
-0.6893
0.2073
-1.0985
-0.1374
0.3157
1.2957
0.0781
-0.4012
2.9627
1.4802
2.7300
1.4551
1.5605
0.2208
1.6898
-0.9979
4.2233
2.3693
2.9489
-0.5849
0.5573
0.8658
2.5881
0.0034
3.1982
0.4556
-0.2405
-0.1766
0.7673
2.3816
-3.5120
2.0908
0.4103
0.5857
0.5414
1.7125
0.8862
0.3132
1.1064
1.5009
1.5846
0.4819
1.7144
0.4325
2.8269
1.7448
4.6186
2.5242
1.6661
0.5555
-0.1600
-1.9696
0.1939
2.3889
1.6724
0.9496
-1.9410
4.0802
0.5603
1.0327
-1.0663
1.5418
2.1659
2.0371
1.2453
0.9217
1.1940
0.6100
3.7214
2.6536
1.8715
2.4248
1.1886
1.7006
0.5017
2.8058
2.2037
0.2958
2.2222
2.0852
1.5740
2.1251
-0.1620
-1.2662
1.4372
-0.2105
-0.2666
-1.7261
-1.4833
-0.9464
-2.2119
0.2172
1.5274
1.5270
2.7773
0.8486
-1.4905
0.5716
0.5863
0.5263
1.7169
0.9375
1.9331
-1.3073
3.6903
-2.1391
4.0266
0.0868
1.7935
0.0676
1.4142
2.4156
0.8898
-1.6542
1.3385
1.5504
0.0476
1.9039
2.6811
3.1046
-1.8865
0.0002
-0.5675
0.7980
3.0595
1.8120
0.0825
-0.5616
0.7323
0.3181
1.5028
2.4974
1.9732
-0.2290
1.9214
-2.8714
2.8944
2.7061
3.7147
-0.1380
0.9753
1.9212
2.8051
-3.0619
1.0116
1.0608
-0.0642
-0.8777
1.2083
0.0832
-1.1384
1.5003
-0.7198
0.7608
1.2465
1.5729
-3.2261
1.3927
0.8727
0.5023
-0.2218
-2.7794
-0.0294
-0.1364
1.8494
4.3379
-1.0072
1.2727
-1.7443
2.1823
0.3102
3.7037
-2.7522
-1.0159
3.4151
3.6139
-0.8386
-2.7889
1.2336
0.8595
3.7736
-0.7684
2.3583
0.4539
2.0537
-1.8954
0.5685
-1.0006
2.3467
2.8511
1.4472
0.2836
1.1644
2.8345
-0.0325
2.1351
3.4136
2.9999
0.3942
0.2076
0.3755
-0.7479
1.5641
1.1179
2.8345
-0.0845
0.4879
1.4298
-0.3778
-1.3906
-2.1870
-0.0464
-1.2543
-0.2168
1.6454
0.1744
0.4479
-0.1638
-0.6531
-0.2897
-1.2137
-0.9385
1.9762
2.1224
2.8038
-1.7132
3.6599
0.5129
-0.6374
-0.1469
3.0694
1.7208
2.8144
0.4047
2.8786
-1.0223
-0.2615
2.4582
1.6324
2.0994
-0.0331
-0.2483
0.6006
2.2540
1.4242
-0.8788
1.4723
-1.0468
-1.1915
3.8962
2.0842
0.6784
-0.4090
0.7562
2.1344
-1.2079
3.4811
1.8967
1.8467
2.8205
1.6130
-1.3711
1.4509
0.9779
-0.3051
-0.6874
-0.2610
1.6365
-1.7493
0.6830
-0.1083
1.7146
1.6727
1.2069
1.3729
0.4936
0.3848
0.8824
-1.4364
1.0693
2.7149
1.6062
2.4535
1.1317
2.1838
-0.5703
4.1075
0.7610
0.6369
-0.8827
1.1798
1.4702
0.9471
0.3721
1.5423
-2.0045
-0.6286
1.0569
1.1010
-0.4195
-1.1849
0.1820
-1.0087
0.0582
-1.1505
0.5258
3.7562
1.7579
2.2828
2.0575
0.4973
-1.3089
-0.2435
3.3685
1.3399
0.7911
3.3948
2.5919
1.7414
3.9117
-0.2630
-0.2243
2.5511
0.1432
1.5924
-1.6653
-2.4473
0.1287
1.2831
0.2186
-0.1550
1.1896
-0.8703
-0.3930
-0.0845
-0.4151
1.2383
0.0866
2.2738
0.3785
1.9691
-0.8554
2.3379
-0.3699
1.0497
3.3103
3.6027
-1.1625
1.6557
-0.9701
0.7302
0.2571
1.5605
-0.3738
1.3285
-0.4210
0.0162
0.8871
2.0104
2.9965
0.9948
2.2240
0.6415
-1.2671
0.2785
0.7704
-0.2235
4.0313
-1.1758
-2.0553
-4.5887
-1.2626
-1.8153
3.8724
-0.8075
0.1605
-3.5493
-0.0385
-0.0038
-0.3020
1.8937
1.1250
-1.6789
2.1815
1.9076
0.8346
-0.0787
0.5249
-0.8362
3.2273
0.2709
-1.2557
-1.1366
1.1448
2.7389
-1.2453
-0.0821
0.2011
0.0552
0.2895
1.7466
1.0152
1.7674
0.1033
1.1082
2.0108
3.5656
-0.5072
2.0095
2.1261
1.1014
-1.0319
2.3214
3.1944
-0.2172
-2.9568
-0.5845
1.0181
-0.3228
-2.7391
1.5294
0.5325
0.2594
0.0439
0.7967
0.5315
-1.4658
2.0798
-0.1165
-0.0522
-4.1188
-0.9843
-1.1055
1.9347
-0.4305
1.9155
-2.5005
-0.3844
1.4040
1.9472
1.0962
1.2725
-2.5401
1.9544
3.5501
1.7413
0.9168
-1.5520
-0.5118
2.4166
2.0840
-0.4478
-1.1517
0.4140
1.3453
0.5662
0.1518
-1.2891
0.0896
-1.4615
-1.5661
1.0718
2.8527
-1.2571
1.2186
-1.8316
4.1895
-1.1798
-2.2916
-0.8190
0.9206
1.2733
-1.0281
1.6143
-0.4857
-0.3787
0.2573
1.1112
0.2987
-0.2265
0.2533
1.8314
1.2521
1.5684
0.3057
1.8076
-0.7671
-1.2095
-1.5561
2.5895
1.6548
1.5596
1.8828
-0.7794
1.1936
1.1003
3.7640
0.6751
0.6493
-1.1663
0.1411
0.8214
-1.0261
-1.0259
0.3599
-0.5612
-0.2003
0.2120
1.7226
-0.3648
-0.6142
2.2792
-3.1662
1.8066
-0.3304
0.1079
2.5500
0.7638
3.2317
2.6636
0.6398
1.5727
0.7306
1.7048
0.2473
-1.6311
2.6563
-1.7670
-0.2420
1.6581
-0.4719
0.4916
4.7225
2.7869
0.4503
-3.1547
-0.4160
0.8057
1.0871
-1.6673
0.9517
0.5033
0.5935
3.4682
1.5842
-0.1616
1.5453
-2.3991
2.6379
1.2601
2.2842
0.3120
1.4755
0.1994
0.9378
-1.3700
2.5937
-3.9017
-0.0682
1.1034
2.1814
-1.6424
1.4746
-2.0799
0.6117
-1.4283
0.9522
0.6216
1.4982
0.0037
0.8868
0.9607
-0.2283
-1.0839
0.7547
0.0983
-2.5406
-0.8792
0.0252
3.3351
-1.0685
-1.9438
-0.3469
-1.3744
3.5328
-1.7876
3.1510
4.2731
-2.4656
-0.3945
0.7660
-1.3316
-0.4688
-1.0377
1.5525
-1.2314
2.5731
1.4711
1.1051
-0.4216
-0.7408
0.8839
0.0891
-0.2580
1.1165
-0.6553
2.0879
-2.0710
3.7178
-0.6687
2.4083
1.1079
1.7679
0.9433
0.0961
1.5434
1.0172
0.6077
1.7742
1.0001
0.7875
-1.0923
-1.9221
-0.4339
-0.1510
1.5381
-0.3861
1.0153
2.3850
0.6945
-2.6937
-0.0347
4.4590
-1.0070
2.8228
0.9421
-1.7201
-1.5302
1.4810
1.7093
4.4319
0.8734
0.0182
0.1199
-1.4439
-0.1334
0.4302
0.2919
1.9010
-1.3870
-0.3531
-0.4677
1.1071
-1.9433
-1.8246
2.5525
-0.5679
1.8850
-0.5059
-2.3528
-1.1157
0.9542
0.8674
0.8342
-0.9904
0.9311
2.8106
1.4399
2.8110
-1.5926
-3.1145
-0.7973
1.1265
3.0183
0.1398
-0.1566
0.8271
0.5065
0.1429
2.2779
-0.2347
-0.8592
3.2807
-2.4057
0.1498
-1.2392
-1.2634
0.3970
1.4515
-0.4067
1.7641
1.6293
-0.1673
0.7074
0.7178
0.6596
0.3190
0.0702
-3.1175
0.9679
1.8192
2.0209
-0.5484
1.4475
2.4562
0.2581
1.8721
1.4091
1.6242
1.7243
0.4050
-0.0341
0.6860
0.5843
0.1293
-1.6520
-0.4875
1.0931
0.2373
-1.7481
-1.5254
1.9096
-0.9498
2.3008
-1.2121
-1.4600
-1.7258
3.3712
-2.6842
0.8598
-2.9007
-1.3047
-1.1308
2.6244
-0.8834
0.0795
-4.6564
-1.2813
-2.1925
-1.4190
1.5460
1.0722
-1.2992
2.7971
0.3739
0.3744
0.4868
-1.1940
-1.7947
3.2870
-0.4138
0.0453
-0.7135
0.4710
0.0612
2.4544
1.7710
1.4434
1.4729
-0.6151
0.3758
-0.8645
-1.0322
1.8018
2.9098
-0.4330
0.7040
-2.2496
1.4812
0.0087
-0.2870
2.2795
3.8335
-0.4271
-1.8314
1.4338
-1.2301
0.5036
-1.3032
3.9246
-1.1934
2.1058
0.6317
2.3286
-0.1618
1.2642
0.9009
-1.4213
0.1324
1.6970
2.5394
-2.4105
2.1170
0.7866
1.8268
0.1542
-2.0322
4.9296
0.6941
0.8861
-1.9593
-1.7680
-1.4316
1.2628
0.8708
-1.8454
0.0646
-0.0348
0.9460
-1.2206
-0.9064
-0.5119
-0.2503
-0.4160
-0.4797
0.7097
0.0465
3.7071
-0.9426
-2.2960
-2.4340
-0.7101
-0.2822
2.0859
-1.7301
-0.1349
-3.1576
-0.6932
-0.2668
-0.0510
0.9946
0.4513
-1.1000
2.6817
0.7078
1.0463
-0.8342
-0.4479
-1.4382
2.1460
0.1574
-0.8491
1.3685
-1.8444
1.7508
-1.4224
-1.3782
-0.4260
1.3168
-1.0862
3.4866
-1.3468
0.2312
-0.7185
1.4757
-2.0007
0.8522
1.6468
2.5105
0.9355
-2.4783
-1.2228
-1.0954
-0.2136
-0.2829
-1.0553
-0.6228
-1.6275
1.1361
2.3179
-0.6944
0.1640
0.8800
-0.8350
-2.0300
1.7118
0.8875
2.0934
-1.3916
-1.6802
-1.6539
-0.1006
-0.8226
-0.7870
-2.7651
1.6827
-2.6122
-1.0855
-0.9401
-0.1289
-1.3418
-0.4183
-1.1082
1.6682
-2.8344
0.4671
2.9625
-0.5779
-0.6901
-1.0256
5.4098
0.4673
-0.1750
-0.4644
-1.2130
1.0843
0.2732
-0.2571
-1.3319
-1.4482
-1.2731
0.0894
-1.2084
-0.9298
-0.8572
0.7300
1.6546
-0.7836
-1.3580
-0.3247
-1.8772
-0.4188
-1.0801
0.5223
-2.6735
0.2311
3.2400
-0.5994
-0.6698
-0.7788
4.7978
0.2965
-0.2609
-0.3329
-0.3274
-0.7880
0.3217
3.1427
-1.4533
-2.0426
-2.0643
-0.6071
-1.1021
1.2488
-1.1240
0.5669
-3.2261
-0.7192
-0.4674
-0.8752
0.4085
1.1861
-1.0351
1.9650
1.6926
0.4897
0.1926
0.4143
-1.3851
0.8229
-0.3728
-1.2235
1.4944
-1.6915
-0.0844
-0.5818
-2.0564
1.6867
-1.6113
-0.5155
-1.6820
-0.8844
-0.7255
-1.1935
-1.4205
2.0269
-3.0937
-0.7065
-1.2100
-1.9557
-1.7812
1.3191
-0.9040
-2.0471
0.4867
5.9371
-1.2559
-1.1259
3.2687
-0.8959
-1.0726
-1.5047
0.2950
-0.7311
-1.0035
1.3255
-0.1352
-0.0082
-1.4202
-1.3517
-1.1201
0.5188
-1.0108
-0.9106
-0.2036
0.8140
1.4799
-0.5485
-1.1387
0.0598
-1.8977
-0.5889
-0.9735
0.5497
-3.0409
-0.4362
2.5017
-0.8663
-0.8212
-0.7248
4.8116
0.4069
-0.7689
0.0078
0.7080
-1.4101
-0.7583
1.9613
-0.7186
0.2747
2.7812
0.9669
0.9773
0.1382
-0.6704
1.6087
-1.8089
1.0408
0.1926
1.5401
-0.7724
-0.4575
-0.4613
1.1229
-1.9429
-1.3185
0.2549
0.9673
0.2257
-1.6922
1.3822
0.3276
-1.3850
3.5955
-1.7221
-1.6489
-0.8672
-2.4124
-1.5624
-1.3037
-2.3004
-1.0583
-0.5146
1.3638
-3.2920
-1.1142
-2.5129
-1.0791
2.7783
0.4301
1.4424
-0.7484
-1.1059
-0.7594
0.6769
-0.3057
-3.2265
-0.4962
-1.7810
0.3777
-1.3166
-1.1105
-0.6034
-0.6426
-1.0500
1.6338
0.7642
-1.1741
-1.5135
-1.2276
-0.7020
1.6118
-0.8635
-1.0558
-0.4070
0.1079
0.2031
0.3095
-1.9445
-1.5391
-2.0902
-0.0107
1.1490
0.4487
-3.0627
0.4511
3.1835
-0.9855
-0.8889
-1.8492
4.2567
0.6028
-0.6530
-0.7792
-0.6617
-0.3880
-0.4158
1.7366
-0.9379
-1.0920
-1.8702
-0.9506
-0.6172
-0.3214
-1.5187
0.5379
-3.2132
-1.0963
0.2034
-0.0620
1.2715
0.5364
-0.8757
1.8195
1.6372
1.4568
-0.4147
0.5019
-0.4664
0.7746
1.3327
-0.3220
0.1243
-0.9568
-1.5320
-0.7850
-0.2611
-1.3602
-0.0291
-0.4837
-0.4829
-0.8187
-0.9964
-0.2946
3.8146
-0.5794
1.2492
-0.4849
-1.5634
-0.3551
-1.7771
-0.7034
-0.3385
-0.5755
-2.8761
-1.2029
-0.5616
0.0941
-0.6580
-1.2738
-0.9207
-0.4778
-0.4372
-1.7189
-1.6190
-0.9990
-0.7921
-0.8892
-1.1891
-1.4401
-1.8928
-0.2577
-0.9360
-0.6246
-1.7541
0.3695
-2.3599
-0.6423
-1.6033
-0.0880
2.6450
-0.7946
1.7113
-0.4520
2.6489
0.4625
-0.7313
-1.0828
0.2352
1.1442
1.3991
0.2543
0.0878
-0.8131
-1.3257
0.2355
0.8812
-0.4116
-1.3952
-1.2965
-0.3785
0.5285
-0.9145
-0.5641
-0.1055
0.5035
0.7646
0.1690
-1.3907
-0.6054
-1.7172
0.0284
-0.5304
0.6281
-2.9443
-0.0011
2.8396
-0.3693
-0.4792
-0.7988
4.1317
0.1129
-0.0365
-0.8139
-1.1459
1.2859
0.7664
-0.3170
-1.4099
-1.4605
-0.8037
0.9700
-0.8469
-0.7919
-0.3601
0.3973
0.4411
0.2191
-1.5184
-0.8858
-1.5361
0.0065
0.0770
0.7454
-2.7549
0.2713
2.8256
-0.1499
-0.7186
-1.4771
3.8931
0.6314
0.1515
-0.6150
-1.4706
0.9533
1.3003
-0.5223
-1.2876
-1.6459
-0.8777
0.1094
-0.9293
-0.8801
-0.6388
0.8594
-0.0120
1.0505
-1.6543
-0.4039
-1.8193
-0.4365
-0.7724
0.1728
-2.9002
-0.0041
3.4138
-0.4706
-0.8078
-1.0151
4.0388
0.6001
-0.0209
-0.6355
-1.2865
1.5951
0.8482
-0.3193
-1.2941
-1.2068
-0.6826
0.2016
-0.7932
-0.7948
-0.7210
0.4499
0.3651
0.3765
-1.5814
-0.7262
-1.7462
0.1357
-0.6043
0.9917
-2.5519
-0.1065
2.7934
-0.7796
-0.5593
-1.0156
4.2234
0.9193
0.0730
-0.6172
-0.9949
1.3330
0.2596
-0.5057
-1.2584
-1.1733
-0.7134
0.3451
-0.7415
-0.7029
-0.4043
0.0586
0.6008
0.0880
-1.3097
-0.6080
-1.5016
-0.2192
-0.3286
0.4722
-2.5340
-0.1316
2.7186
-0.4664
-0.7630
-0.8252
4.0736
0.1986
0.1639
-0.5901
-1.0734
1.3807
0.5653
-0.3230
-1.2245
-1.3226
-0.5962
0.4104
-0.7163
-0.7717
-0.4906
0.2814
0.3471
0.3601
-1.3649
-0.7981
-1.6445
-0.4931
-0.4919
0.2695
-2.6630
-0.1187
2.7941
-0.6174
-0.7013
-0.9154
4.0335
0.5356
-0.2389
-0.8316
-1.0401
-0.6002
0.1552
-0.7249
-1.0239
-0.6860
-0.4656
-0.1381
-0.7190
-0.7030
1.0905
-0.4838
0.5135
-0.2891
-1.1868
-0.6077
-1.3563
-0.5313
-0.2797
-0.3874
-2.2959
-0.5924
0.0586
1.0253
-0.6274
-1.0584
-0.5060
-0.2489
-0.5930
-1.1835
-0.8817
-0.3642
-0.7976
2.5955
0.9148
-1.6863
-2.1366
-1.3737
-0.5923
-0.6750
-0.5917
0.6758
-3.1955
0.0590
0.9590
-0.3633
0.5844
-0.5193
-0.3103
0.6155
0.3441
1.2641
1.1147
-0.9475
1.0163
-0.0175
0.9828
-0.4428
-1.1210
-0.9509
-0.9940
0.4280
-0.4509
0.5902
-0.5035
-0.2574
-1.1169
-0.1596
-0.7515
-1.2223
-1.0530
1.6164
-2.2324
0.0372
0.3470
0.1407
-0.2536
0.4271
-0.5895
0.9369
1.3302
1.6355
-0.3511
-0.7769
-0.3646
0.9154
0.5837
-0.6796
-0.3369
-0.7598
-0.9235
-0.5540
-0.4374
-0.8362
-0.9631
-0.9755
-0.6273
-0.2723
-0.7778
-0.7022
0.3844
-0.4725
0.3304
-0.2343
-1.4094
-0.8117
-1.2121
-0.5168
-0.1797
-0.7859
-1.9942
-0.2923
-0.5319
-0.3134
-0.6967
-0.7926
-0.6819
-0.3434
1.4760
2.8549
-1.1330
-0.0958
0.0187
-0.6968
-1.0545
-1.5718
3.2637
0.3372
-0.7450
-0.1584
-1.9912
0.2456
-2.5132
-0.0723
-1.3209
0.6402
0.5580
-0.6498
0.1803
-1.0951
0.1219
-0.0358
-1.2082
-0.8253
-0.4885
-0.7919
-0.4595
-0.6806
-0.7556
-0.7096
-0.2952
-0.3881
-0.1261
0.9647
-1.2118
-0.4101
-0.9342
-0.5941
-0.3273
-0.9065
-0.7045
-0.1263
-0.3874
-0.1375
-0.7753
-0.2637
0.3381
-0.2238
-0.3801
-0.1920
1.1571
0.3759
-0.3589
-0.4570
-0.4283
-0.3655
-0.4028
-0.9213
-0.2990
-0.4047
-1.8878
-0.4707
-0.5140
2.3375
-0.9780
-0.7576
-1.3594
-0.7506
-0.4125
-1.0072
-1.5007
-0.2301
-2.5532
-0.3125
-0.4986
-0.7519
0.0463
-0.0737
-0.4996
0.7487
1.0320
0.7012
-0.3331
-0.8515
-0.7021
-0.0455
-0.3787
-0.4874
-0.6145
-1.0692
-1.1876
-0.6834
-0.2876
-0.6483
-0.8443
-1.0072
-0.5299
-0.2637
-0.6265
-0.3984
-0.8583
-0.5473
-0.1148
-0.4466
-1.4475
-0.7186
-1.1459
-0.6174
-0.4371
-0.7188
-1.6875
-0.1555
-0.7230
-0.3054
-0.7361
-0.9961
-0.6115
-0.5303
-0.4642
-0.8098
-1.2986
-0.5778
1.5432
-0.9969
-0.9548
-1.0795
-0.0751
-0.5302
-0.7216
-0.7488
1.2249
-0.3496
0.2237
0.0502
-0.5405
-0.8297
-1.3146
-0.5032
-0.4154
0.0360
-2.2533
-0.6364
2.0970
-0.6815
-0.4352
-1.1894
-0.4407
-0.1911
0.0050
0.1329
0.4980
-0.6975
-0.6317
-1.0676
0.1903
1.3716
-0.9324
-0.6054
1.2458
-0.1290
-0.2817
-0.4726
-2.8371
-0.6694
1.8567
-1.0462
0.2473
-0.5877
-0.5340
-0.5826
-0.7691
-0.3644
-1.0552
-0.4524
-0.1818
-1.2568
-0.8505
0.2460
-0.5207
-0.2330
0.0687
-0.1483
-0.3508
0.0042
-0.3473
-0.5653
-0.9523
-0.0700
-0.6244
-0.6239
-1.6362
-0.0178
-2.6010
-0.3732
-1.1049
0.7051
0.6456
-0.5967
-0.2962
-0.5240
1.0639
0.4487
-0.3877
-0.5467
-0.7582
0.6228
-0.0049
0.0038
-0.4766
-0.8505
-1.0693
-0.5416
-0.4286
-0.5352
-0.7376
-0.7646
-0.4397
-0.3438
-0.6108
-0.6406
-1.1643
-0.4974
-2.0087
-0.2712
-1.0391
-0.6315
-0.8845
-0.4473
-0.1794
-0.6808
-1.7928
-0.7136
-0.5518
-0.6558
-0.4840
-0.7124
-0.0146
-0.5319
-0.6034
-0.5420
-0.9551
-0.7805
-0.5549
-0.6490
-0.5205
-0.8289
0.5168
-0.2840
-0.4032
0.1524
-1.3657
-0.3948
-2.7384
-0.4577
-0.2785
-0.5461
-0.7062
-0.3418
0.0953
-0.5015
-1.8819
-0.5811
-0.0694
-0.3352
-0.6054
-0.7204
-0.5416
-0.6015
-0.6347
-0.3212
-0.2618
-0.4948
0.2210
-0.7800
-1.0042
-0.9732
-0.6521
-0.6855
-0.7382
-0.5459
-0.5530
-0.4887
-2.7949
-0.6084
-0.8461
-0.7987
-1.0954
0.1904
-0.4037
0.4714
-0.7206
-0.4847
-0.1819
-0.6034
-0.5156
-0.9746
-0.4552
0.6689
-0.7505
-0.4084
-0.9113
-0.5294
-0.4173
-0.4380
-0.8534
-0.8466
-0.6376
-0.5889
-0.5910
-0.7434
-1.4592
-0.2255
-2.6494
-0.5399
-1.0286
-0.5610
-0.3486
-0.5928
-0.3815
-0.4556
-1.2374
-0.0494
-0.6301
-0.7012
-0.7941
-0.7787
-0.6006
-0.3747
-0.6926
-0.4026
-1.0127
-0.4875
-0.4475
-0.4721
-0.9323
-0.9642
-0.5892
-0.6409
-0.5174
-0.5991
-1.3751
-0.2466
-2.8642
-0.6482
-1.1422
-0.5806
-0.3781
-0.5309
-0.2964
-0.3924
-1.2915
-0.2995
-0.6526
-0.6066
-0.4528
-0.8304
-0.5664
-0.5227
-0.5724
-0.6721
-0.9573
-0.3968
-0.3354
-0.3508
-0.6670
-0.8845
-0.5972
-0.6110
-0.3587
-0.7697
-1.5963
-0.1817
-2.7974
-0.2557
-1.0832
-0.6271
-0.4649
-0.5526
-0.3880
-0.5355
-1.3202
-0.2451
-0.6684
-0.8631
-0.5255
-0.8093
-0.6792
-0.5492
-0.5152
-0.6760
-1.0523
-0.3637
-0.6570
-0.6544
-0.7415
-0.9196
-0.6225
-0.4842
-0.5547
-0.6332
-1.3469
-0.5029
-2.8569
-0.3606
-0.8764
-0.6465
-0.5872
-0.4476
-0.4006
-0.5491
-1.4551
-0.2750
-0.7430
-0.6209
-0.4946
-0.8470
-0.5992
-0.7297
-0.5924
-0.7367
-1.0049
-0.4738
-0.4154
-0.4463
-0.7213
-0.9099
-0.6810
-0.6074
-0.6895
-0.6153
-1.3173
-0.5155
-2.8538
-0.2767
-1.0466
-0.8388
-0.6299
-0.5039
-0.3972
-0.5910
-1.3905
-0.2005
-0.5708
-0.6304
-0.6229
-0.7395
-0.5683
-0.5838
-0.6682
-0.7110
-1.0390
-0.5553
-0.3832
-0.7890
-0.7738
-0.9639
-0.5334
-0.5244
-0.6842
-0.6460
-1.1659
-0.3441
-2.5294
-0.3100
-1.0847
-0.6834
-0.9268
-0.6132
-0.2301
-0.7129
-1.7761
-0.6055
-0.6276
-0.6234
-0.6327
-0.9837
-0.5500
-0.6072
-0.5443
-0.6708
-1.1057
-0.5995
-0.2349
-0.6903
-0.7206
-0.9166
-0.3030
-0.2645
-0.6890
-0.5536
-1.4815
-0.3538
-2.7562
-0.4352
-0.9698
-0.4745
-0.9001
-0.3437
0.0867
-0.6977
-1.6875
-0.6299
-0.3232
-0.5534
-0.5126
-0.8631
-0.1052
-0.5497
-0.5939
-0.8011
-0.9925
-0.5327
-0.3404
-0.7357
-0.7569
-0.9699
-0.4869
-0.4806
-0.4499
-0.5765
-1.2341
-0.5217
-2.8814
-0.5423
-1.0228
-0.5433
-0.8733
-0.4298
-0.5012
-0.4819
-1.6884
-0.5496
-0.4163
-0.5064
-0.6216
-0.9090
-0.6317
-0.3601
-0.3774
-0.6036
-1.0371
-0.3879
-0.4354
-0.6918
-0.6244
-0.8058
-0.7481
-0.4015
-0.3942
-0.5713
-1.5839
-0.4340
-2.7867
-0.5317
-1.0083
-0.6278
-0.7337
-0.3058
-0.3724
-0.6047
-1.5798
-0.3796
-0.6721
-0.6277
-0.5562
-0.8959
-0.4619
-0.2538
-0.7437
-0.6564
-0.9489
-0.7894
-0.3808
-0.5401
-0.9200
-0.6828
-0.6225
-0.4892
-0.4258
-0.7566
-1.4587
-0.3601
-2.8370
-0.4219
-0.9911
-0.5892
-0.8387
-0.5061
-0.3034
-0.8493
-1.4534
-0.3139
-0.5811
-0.4843
-0.5321
-0.9608
-0.7655
-0.6353
-0.6523
-0.6406
-0.9288
-0.6427
-0.3144
-0.5719
-0.7601
-1.1481
-0.7063
-0.4781
-0.4823
-0.7618
-1.4009
-0.5404
-2.8657
-0.5156
-1.0958
-0.6483
-0.7499
-0.3700
-0.5589
-0.5573
-1.7179
-0.5112
-0.3572
-0.5425
-0.5201
-0.8680
-0.7227
-0.3205
-0.6400
-0.6281
-0.8885
-0.5215
-0.5963
-0.6779
-0.8959
-1.0014
-0.5872
-0.6647
-0.6169
-0.7733
-1.4798
-0.2703
-2.8355
-0.5089
-0.9023
-0.7678
-0.9893
-0.6653
-0.4339
-0.5287
-1.4763
-0.2442
-0.5877
-0.6529
-0.6602
-0.8064
-0.3685
-0.6717
-0.6128
-0.7593
-1.0844
-0.5688
-0.5019
-0.5080
-0.9630
-0.9658
-0.7230
-0.5132
-0.5802
-0.6385
-1.3582
-0.2911
-2.8638
-0.4705
-1.0621
-0.7844
-0.6364
-0.5064
-0.2499
-0.5397
-1.5141
-0.4129
-0.6841
-0.6090
-0.5562
-0.8047
-0.6524
-0.4711
-0.7620
-0.5012
-1.0390
-0.5859
-0.3481
-0.5858
-0.9001
-0.9206
-0.5448
-0.6733
-0.5553
-0.7254
-1.5599
-0.4448
-2.8347
-0.3202
-1.1375
-0.6340
-0.6376
-0.5447
-0.5357
-0.6116
-1.4839
-0.3374
-0.5582
-0.6067
-0.7284
-0.8885
-0.6113
-0.4613
-0.6451
-0.7825
-0.9930
-0.5380
-0.3191
-0.7477
-0.7374
-0.8486
-0.4651
-0.4081
-0.4312
-0.7521
-1.4630
-0.3075
-2.8031
-0.3059
-0.9044
-0.6443
-0.9777
-0.5066
-0.2423
-0.6266
-1.7368
-0.6177
-0.4502
-0.5262
-0.5084
-0.8228
-0.4828
-0.6143
-0.6246
-0.6520
-1.1198
-0.6110
-0.5017
-0.6623
-0.6903
-0.9890
-0.5004
-0.4707
-0.5514
-0.6425
-1.3847
-0.4990
-2.6737
-0.5388
-1.0960
-0.7689
-0.9113
-0.4641
-0.3274
-0.6272
-1.6868
-0.6572
-0.7193
-0.6768
-0.8074
-0.9195
-0.6509
-0.4952
-0.5546
-0.6170
-1.0123
-0.5490
-0.5557
-0.7018
-0.7891
-1.1276
-0.5811
-0.5339
-0.4613
-0.6337
-1.3948
-0.5439
-2.8293
-0.5955
-1.0104
-0.6389
-0.9701
-0.4111
-0.4074
-0.8616
-1.6402
-0.4781
-0.4124
-0.6119
-0.7253
-0.8124
-0.5961
-0.5866
-0.5430
-0.6317
-0.9973
-0.5776
-0.4933
-0.8890
-0.8740
-0.9556
-0.6583
-0.6554
-0.5650
-0.6414
-1.3516
-0.4226
-2.6692
-0.6215
-1.1010
-0.6669
-1.0316
-0.4757
-0.3785
-0.6226
-1.7930
-0.4712
-0.5881
-0.7670
-0.6211
-0.7395
-0.6282
-0.3287
-0.7856
-0.6086
-0.9136
-0.5632
-0.3368
-0.6691
-0.7572
-0.8844
-0.6877
-0.5927
-0.6020
-0.7318
-1.3774
-0.5303
-2.8478
-0.2953
-1.0687
-0.7546
-0.9743
-0.4947
-0.1454
-0.5356
-1.6167
-0.4414
-0.5002
-0.6445
-0.6560
-0.8464
-0.4985
-0.4425
-0.7438
-0.6137
-1.0968
-0.5137
-0.4098
-0.5196
-0.8181
-0.8887
-0.6792
-0.6164
-0.6451
-0.5763
-1.4342
-0.6045
-2.8680
-0.5612
-0.9780
-0.6199
-0.5913
-0.5578
-0.4159
-0.6554
-1.5725
-0.3427
-0.6403
-0.6451
-0.6017
-0.7629
-0.4992
-0.4352
0.1140
-0.1246
-0.0688
0.0390
-0.0031
0.1512
0.1172
-0.1870
-0.1770
0.2272
0.0516
-0.0614
-0.1279
-0.1187
0.0445
0.0931
0.0004
0.0066
0.0678
-0.1246
0.0638
-0.1091
0.0181
0.0707
-0.0325
-0.0243
0.1529
0.2401
-0.0034
-0.1859

Direct connections:
