version: 10
file format: 0

training data file: /tmp/train-lm-from-UD-corpus.sh.Y98l74hkS.train
validation data file: /tmp/train-lm-from-UD-corpus.sh.Y98l74hkS.valid

last probability of validation data: -938.538658
number of finished iterations: 14
current position in training data: 0
current probability of training data: -935.873613
save after processing # words: 0
# of training words: 3512
input layer size: 84
hidden layer size: 30
compression layer size: 0
output layer size: 55
direct connections: 0
direct order: 3
bptt: 0
bptt block: 10
vocabulary size: 54
class size: 1
old classes: 0
independent sentences mode: 0
starting learning rate: 0.100000
current learning rate: 0.012500
learning rate decrease: 1


Vocabulary:
     0	         0	</s>	0
     1	       468	2381	0
     2	       441	32	0
     3	       246	2340	0
     4	       230	2366	0
     5	       200	2352	0
     6	       182	2350	0
     7	       146	2367	0
     8	       131	2344	0
     9	       127	2360	0
    10	       125	2351	0
    11	       114	2357	0
    12	        88	2325	0
    13	        78	2346	0
    14	        72	2375	0
    15	        71	2307	0
    16	        58	2342	0
    17	        48	2369	0
    18	        47	2309	0
    19	        46	2341	0
    20	        44	2358	0
    21	        40	2379	0
    22	        39	2339	0
    23	        36	2361	0
    24	        35	2359	0
    25	        34	2349	0
    26	        34	2343	0
    27	        31	2330	0
    28	        30	2368	0
    29	        25	2332	0
    30	        25	2354	0
    31	        24	2306	0
    32	        24	2327	0
    33	        24	2348	0
    34	        22	2371	0
    35	        21	2370	0
    36	        16	2310	0
    37	        10	2380	0
    38	         9	2376	0
    39	         8	2313	0
    40	         8	2334	0
    41	         8	2319	0
    42	         6	2329	0
    43	         6	2311	0
    44	         5	7717	0
    45	         5	2335	0
    46	         5	2326	0
    47	         5	2337	0
    48	         4	39	0
    49	         3	2338	0
    50	         3	2336	0
    51	         3	2331	0
    52	         1	2328	0
    53	         1	2323	0

Hidden layer activation:
0.0889
0.2629
0.1193
0.0743
0.0304
0.5101
0.4135
0.1186
0.0802
0.0189
0.0344
0.9883
0.0858
0.8001
0.0298
0.0212
0.0354
0.0174
0.0055
0.0420
0.0537
0.4020
0.0272
0.0886
0.2175
0.6871
0.3471
0.0596
0.0655
0.1392

Weights 0->1:
0.1632
-0.6051
-1.1651
0.3186
0.4677
-0.4162
-0.3562
0.1170
-0.2643
0.0557
0.3610
0.2941
0.2381
0.0652
-0.2719
1.3013
-0.5022
-0.1559
-0.7011
0.0053
-0.0218
-0.2395
-0.0020
-0.0204
-0.0401
-0.3976
-0.3914
0.2286
0.0258
-0.3550
-0.2186
0.5946
0.1227
-0.1885
-0.0917
-0.1899
-0.0581
0.1506
0.2099
-0.1536
-0.1571
0.2515
0.1122
-0.1348
0.1319
0.0343
-0.1356
0.0435
0.0757
0.2452
0.0615
-0.1530
-0.1333
0.1657
-0.4632
-0.3880
-0.2111
-0.3421
-0.2947
-0.3478
-0.3940
-0.4274
-0.1794
-0.2020
-0.1588
-0.2403
-0.1715
-0.3549
-0.3824
-0.1997
-0.3395
-1.0626
-0.5767
-0.1642
-0.4787
0.0227
-0.2898
-0.3782
-0.7093
-0.4600
-0.1337
-0.4850
-0.3225
-0.0207
-0.0438
-0.8778
1.0319
-0.2531
0.2531
-0.1880
-0.5486
-0.0862
-0.4191
-0.6456
-0.6018
0.3888
-0.5135
0.8609
0.4936
-0.3619
0.2605
0.2988
-0.3264
-0.2420
0.1973
-0.0214
0.2579
-0.0234
-0.3720
0.4925
-0.0113
0.0021
0.5512
-0.4984
0.2834
-0.1688
0.1344
-0.0015
0.1385
-0.1831
0.4079
-0.4009
-0.0612
0.1912
-0.2127
0.1299
-0.0760
0.2469
-0.1616
-0.1519
0.0036
-0.1978
0.1228
-0.1395
0.0786
0.0430
-0.0693
0.0833
-0.1802
-0.0874
-0.1220
-0.5263
-0.3325
-0.1775
-0.5301
-0.3443
-0.5108
-0.2862
-0.4321
-0.4836
0.0185
-0.2709
0.1780
-0.0150
-0.7536
-0.9321
-0.0951
-0.2805
0.4346
-0.7574
0.2548
-0.1280
-0.3725
-0.0754
-0.0689
0.0230
-0.1642
-0.2831
0.0630
2.1912
-0.3619
-0.2369
0.9577
0.0069
-0.3081
-0.3457
-0.4407
-0.3769
-0.3943
0.3133
-0.1015
-0.3684
0.2365
-0.0484
-0.0785
-0.0460
-0.1840
-0.2482
-0.0585
-0.1668
-0.2959
0.3109
-0.1445
-0.0202
0.5427
-0.2998
0.4502
0.2091
-0.3447
-0.2995
0.3403
-0.2759
-0.1217
0.5908
0.1753
-0.3354
0.0064
-0.1607
-0.3181
-0.0511
0.0312
-0.0953
-0.0001
0.0003
0.0023
-0.0069
0.1676
0.0236
-0.0395
0.0058
-0.0517
-0.2460
-0.0640
0.0741
-0.0157
-1.1800
-0.5130
0.0464
-0.3180
-0.7288
0.3560
-0.8671
-0.2429
-0.7965
0.0650
-0.8184
-0.5226
-1.2706
-0.3745
-0.8407
-0.4978
-0.1560
-1.0050
-0.8947
0.6091
0.2696
-0.2777
-0.2480
-0.7818
0.1269
0.1289
-0.8960
0.1542
-1.5389
-1.2308
2.6121
-1.1635
-1.1000
1.2777
-0.4773
-0.4123
-1.2838
1.8585
1.0365
0.4058
-1.2068
-0.6857
-0.2590
0.1334
-0.0132
-0.9329
-0.4071
0.1059
-0.8353
-0.1937
-0.1627
0.8961
-0.2124
-0.0327
1.3699
0.1025
-0.5646
-0.4027
-0.5902
-0.2231
-0.8317
0.4844
-0.3974
-0.7425
-0.2305
0.4083
-0.5768
0.2914
1.9491
0.0106
0.4345
-0.1567
-0.2911
0.0409
0.2073
0.3043
0.1401
0.0118
-0.0118
0.2725
0.0749
0.0141
0.2669
-0.1533
-0.4392
-1.4237
-0.6859
-0.3620
-0.5152
-0.1173
0.5057
-0.3604
-0.2510
-0.7421
0.0605
-0.4715
-0.3905
0.1094
-1.5443
0.2308
-0.0849
1.1228
-0.3343
-0.3079
0.1368
-0.0908
0.0305
-0.0080
0.5914
-0.7899
-0.1462
0.2636
0.0352
-0.1477
1.3253
1.9970
-1.0613
-0.0159
-0.2250
-1.3269
-0.9366
1.6221
-1.5251
0.8098
-1.6024
-0.0230
-0.6818
0.0464
0.5428
1.8923
-0.2272
-0.7020
0.0286
-0.5536
0.1107
-0.4426
-0.7742
-0.0754
-0.9266
-0.0010
-0.2788
-0.5767
-0.2153
-0.2263
-0.5247
0.2787
-0.2612
0.7040
-0.4240
-0.0164
0.3741
-0.3510
0.3158
-0.1338
-0.0298
-0.2275
-0.0681
-0.1513
-0.2128
0.4642
0.2962
0.3093
-0.0201
-0.0604
-0.0228
-0.0571
-0.1736
-0.6809
-0.1065
-0.3341
-0.4685
0.0216
-0.8356
-1.2520
-0.6448
-0.5047
0.8639
0.1185
-0.0924
0.3008
-0.7547
-0.6998
-0.5114
-0.8626
0.0174
-0.4291
-1.4131
0.6901
-0.3994
-0.6303
0.4780
0.1944
-0.2362
-1.2346
-0.4869
0.1268
0.8501
1.4545
-1.1850
-0.4080
1.3806
-0.0418
-0.0452
-1.1237
-0.9667
-0.3844
-1.1747
-1.2567
0.3150
0.5795
-0.4201
-0.2247
0.1672
2.0168
-0.7454
0.4857
0.4474
-0.9794
-0.5245
-0.1315
-0.0475
-0.1928
-1.0954
1.1073
-0.0125
-0.5658
0.0268
-0.3866
-0.0829
0.7368
-0.3306
0.9737
-0.5364
-0.5658
0.7056
-0.0803
0.3264
-0.1233
0.1333
-0.2876
-0.0757
0.0088
-0.2128
0.0414
-0.1796
0.1181
0.1668
-0.2109
0.0863
0.2377
0.5258
-0.0896
-0.5075
-0.0345
0.0599
-0.2765
-0.8902
-0.4296
-0.0494
-0.2465
-0.2134
0.6714
-0.1158
0.7707
-0.0647
-0.9335
0.4391
-0.2615
0.6900
-0.5907
-0.8869
1.6023
0.3817
-0.2431
0.4530
-0.2760
-0.1441
-0.7023
-0.9036
0.0345
-0.6456
1.1606
-1.8646
0.0820
-0.0410
0.0233
-0.3276
0.1012
-1.2189
0.5216
-0.5216
-1.4022
-0.3309
2.9006
0.8625
-0.0051
-0.3106
0.0265
0.7247
-0.6850
-0.1056
-0.6037
-0.4334
-0.7285
0.1488
0.2052
0.4233
0.6174
0.0849
0.0064
0.7220
-0.3014
-0.7687
-0.0871
0.1013
-0.1073
0.1313
-0.1360
0.2249
-0.1796
0.4281
-0.7231
0.0672
0.4265
-0.0345
-0.2245
-0.1784
-0.2235
-0.0691
-0.0947
0.1999
0.0742
-0.1808
-0.7418
-0.4881
0.9693
-0.7144
-0.6727
-0.3919
-1.2194
1.9234
-0.5707
-0.6410
0.0374
-0.4366
-0.5352
-0.0597
-0.5153
-0.1039
0.2105
-1.0351
1.2513
-1.0387
-1.0120
-0.4781
-0.8918
-0.7850
-0.2216
-0.5024
0.2912
-0.0245
0.0186
0.0267
-0.0505
2.9282
-0.5414
0.2798
0.3655
-0.5468
1.4682
-0.5051
-1.1943
-1.0984
-0.1704
-1.5729
-1.1042
-0.6939
-0.3710
0.6539
-0.3596
-0.7837
1.4369
-0.5819
-0.4201
0.8077
-0.7858
-0.3788
0.1382
-0.9411
-0.3318
-0.5342
2.0942
-0.5544
-0.6440
-0.6891
-0.3220
-0.3363
0.3194
2.2293
0.1174
-0.1943
-0.3488
-0.0725
-0.2829
1.3066
-0.1444
0.0170
0.2455
0.0518
-0.3326
-0.1982
0.1111
-0.4509
0.0605
-0.0700
-0.0396
-0.0207
0.1159
0.3569
-0.2090
-1.0057
-0.0290
-0.7111
0.1607
-1.2936
0.2074
0.0669
-0.4697
0.2825
-0.7836
0.2930
-0.5025
-0.7959
-0.5619
0.2879
-0.6649
-0.0354
-0.9409
-0.3868
0.4943
0.2937
-0.2012
0.1977
-0.1612
-0.0909
-0.1407
-0.3543
-0.1213
0.2360
-1.4491
-0.7804
0.3566
-1.0920
-0.2613
0.4903
-0.1458
1.2872
-1.5748
-0.0656
-0.3978
1.0503
1.0304
1.4904
-0.9768
-0.4604
-0.8674
0.3382
-0.6697
-0.3002
-0.2387
-0.1831
-0.6947
-0.1715
-0.0724
0.5471
0.1509
0.2338
-0.4134
0.6185
-0.6580
-0.2035
-0.9995
0.0675
0.3823
0.7051
0.3032
-0.1738
0.2672
-0.4204
0.3437
-0.2136
0.5845
0.1857
0.0464
0.1113
-0.2095
-0.2503
-0.0901
-0.0420
-0.0043
-0.1516
-0.3964
-0.2019
-0.5944
0.7117
1.3869
0.1800
-0.4816
0.0014
-0.4586
-0.5631
-1.1143
0.3214
0.2272
-1.2268
0.6262
0.2935
0.3037
-2.7441
0.2380
-0.4786
0.3869
0.0362
-0.3726
-0.5718
-0.3080
-0.1498
0.1012
-0.3372
0.8199
0.0328
0.0134
-0.6794
-1.9432
-0.3656
-0.3725
0.0043
-0.2133
-1.4652
1.4642
-0.3080
1.1507
0.9977
-0.6245
-0.8620
-0.4173
0.5007
0.2800
-0.6190
-0.8807
1.3797
0.1308
-0.6807
1.0125
0.9729
-0.1091
0.7612
-0.1928
0.4003
-0.5003
0.9668
0.6409
0.3608
-0.2140
-0.1373
-0.6338
-0.9118
-0.2354
0.0449
-0.0648
-0.3987
0.4606
-0.2222
-0.0202
-0.5842
0.1496
0.1123
0.4878
0.3232
-0.2393
0.3262
-0.1426
-0.2722
0.0709
-0.1074
-0.4498
-0.0317
-0.1344
0.2293
-0.1397
0.0596
0.7324
-0.5012
-0.6360
0.4414
-0.2453
-0.3816
-0.9409
0.2311
-0.1833
-0.6024
-0.7771
0.7442
-0.2814
-0.3750
-0.3889
-0.4896
-0.5680
-0.3639
-0.2143
-0.1629
-0.4550
-0.2950
-0.0727
-0.4690
-0.0614
1.0197
-1.7147
-1.0946
0.9574
-1.5603
-1.7875
1.8437
0.3432
0.0546
-1.2125
-1.2081
0.4968
-1.1359
0.8704
3.0981
-0.8155
0.4454
-0.2923
0.3818
-0.7629
0.2334
-1.0981
-0.6961
-0.7043
-1.3791
-0.4854
-0.3465
0.2736
-0.5392
-0.4358
1.4174
-0.4700
-0.7692
-0.1703
0.5924
-0.2246
1.8317
0.9549
-0.0625
-0.6259
0.0918
-0.3753
-0.0534
1.4861
-0.4743
-0.3970
-0.3572
0.0640
-0.3555
0.1079
-0.0498
0.0341
-0.0261
-0.5446
-0.6047
-0.4081
-0.0651
0.0712
-0.4490
-0.5979
0.0144
-0.2588
0.6567
-0.7295
-0.2092
-1.8168
-0.9368
-0.4139
1.2568
1.2107
0.6805
-0.8585
-0.7754
-0.3152
-0.8759
-1.2555
-0.9561
-1.2303
-0.8678
0.3674
-0.6069
-0.7279
1.0771
0.2699
-0.5464
3.6873
1.4719
0.1052
-1.1710
-1.1794
-1.1149
-0.0268
-0.8742
-1.0410
-0.5769
0.4893
0.1636
-1.2177
-1.3443
0.5372
0.1007
-0.4313
-0.7936
0.7912
-0.7507
-0.9314
-0.2908
-0.0013
-0.4395
0.4250
-0.3338
0.5051
-0.0609
-0.8938
0.0294
0.1079
-0.0491
-0.4821
0.7079
0.1333
-0.8449
0.0287
0.3885
0.1306
0.5900
0.3498
-0.0282
-0.5402
0.0166
-0.1932
-0.0446
0.1890
0.1212
0.2247
0.5032
0.1365
0.1842
0.4353
-0.2049
-0.3040
-0.2990
-0.6379
-1.1485
-1.3621
-0.3560
0.1297
-0.9759
1.6260
-0.5065
0.1678
-0.5126
-0.1888
0.3523
-0.6087
-1.1163
-0.6069
0.3258
-0.4790
0.4082
0.4245
-0.2094
-0.7282
-0.0773
-0.0824
-0.2712
-0.1677
-0.2000
0.2703
-0.3868
-1.0664
-0.7861
-0.2675
0.5249
0.3821
0.3290
-0.5451
0.6517
-0.0430
-0.1248
1.6008
1.1925
-0.9733
-0.9214
0.0383
1.0225
-0.5064
-0.7083
1.5563
-0.7878
-0.6815
-0.3687
-0.1567
-1.0835
0.0851
-0.7223
-0.4498
-0.4115
-0.2201
-0.6626
1.1664
0.1895
0.7950
-0.5864
0.4464
-0.7007
0.4154
0.1574
0.7256
-0.6083
0.7826
0.1723
-0.4475
0.4816
0.6083
0.2329
0.2388
0.2550
0.0544
-0.0209
0.2598
0.0992
0.1285
0.0103
-0.5548
0.1094
-1.4010
-0.2673
0.2580
-1.6423
0.0543
-0.4312
-0.3046
0.1609
1.0254
-0.4046
0.0508
-1.0725
-0.4368
-0.8306
-0.0423
0.5139
0.6846
-0.5708
0.0914
0.0021
0.0418
-0.0245
-0.5392
-0.1756
-1.3910
-0.5112
0.1233
1.1717
2.0156
-1.0495
-0.4216
-0.5064
-0.6237
-0.6686
-0.4166
-0.8227
-0.9216
-0.0716
-1.0506
0.0145
-0.7483
-0.4821
0.6907
0.6465
-0.4073
0.7393
-0.1076
0.4118
0.0501
0.1398
-0.4614
-0.4836
0.2847
0.0163
0.5456
-0.4078
0.1684
-0.1366
0.5159
-0.3861
-0.3698
0.3392
0.0013
-0.3654
-0.2312
0.0425
-0.2477
0.3230
-0.3862
-0.0130
-0.2118
0.0264
-0.3026
0.0072
-0.0471
0.0182
0.1864
0.2458
0.0778
0.0305
-0.1488
-0.0441
0.1364
-1.2967
-0.4989
-1.0510
-0.6369
-0.8185
1.1585
-0.7309
0.0413
-1.0106
0.2975
-1.1358
-0.5153
0.3783
-0.4137
-1.2049
-0.2334
-0.5421
-1.1358
-1.0014
0.0875
0.2119
0.0412
-0.7568
-0.6961
-0.0131
0.4337
0.2311
0.1650
-0.7144
-1.1075
-0.6565
-0.3735
1.3536
0.6417
-0.6075
0.0756
-0.9548
-0.0335
0.3436
-0.3191
0.2834
-0.7645
-0.4277
1.5492
-0.4785
-0.4244
-0.3858
1.8459
0.1052
0.0362
0.0203
0.1730
0.2359
-0.1217
-0.3505
-0.0346
-0.2383
0.3264
-0.5736
0.3050
0.1715
-0.1353
-0.0001
0.1332
-0.3512
-0.3313
0.0091
0.5324
-0.1307
0.1241
-0.2429
-0.1014
0.0080
0.3615
-0.0116
0.0055
0.1769
0.0344
0.0326
-0.0686
0.0097
-0.2587
-0.2835
-0.4127
0.0314
-0.7698
-0.2887
0.2989
-0.6454
-0.4276
-0.1946
-0.8466
0.0394
-0.2135
0.1338
-0.5552
-0.8301
-0.3663
0.0500
-0.5239
0.1905
-0.2231
-0.9212
-0.0102
-0.1627
0.2041
-0.0433
-0.2075
-0.1826
-1.0212
-0.3391
-0.1352
-2.0782
-1.3295
-0.6879
-0.6214
-0.1782
2.2457
-0.1423
1.5857
1.8050
0.2624
-1.0688
-0.6971
-0.8636
0.3016
0.1779
-0.9331
-0.4475
-0.5328
-0.3502
-0.6549
-0.8048
-0.5451
-0.3287
0.4330
-0.6658
1.0983
0.4667
-0.6058
0.6187
0.4091
-0.2524
-0.2256
1.1592
0.0374
-0.7045
-0.2667
0.0839
-0.2939
0.0677
1.5716
-0.1664
1.5273
-0.0425
-0.0747
0.5068
0.2017
0.2774
-0.3287
0.0339
-0.2132
-0.2023
0.1197
0.0444
-0.1803
-0.7107
-0.3490
1.0811
-0.1234
-0.9229
-0.4982
-0.9948
0.1997
-0.1799
-0.8631
-1.3219
-0.2024
-1.4606
0.4180
0.5120
-0.3986
-0.1786
0.6707
0.0097
0.9934
-2.1057
-0.3667
-0.2451
-0.8757
-1.4011
-0.8032
0.5466
0.1020
0.4489
0.0193
-3.2489
-3.5545
1.8583
-1.6253
-0.1094
-0.0673
-2.2858
0.3195
0.8582
-0.9945
-0.1089
1.9803
4.3069
-2.6930
-0.8549
2.9592
-0.9087
-1.3267
0.5020
1.5089
-2.0130
1.0473
-0.0320
0.9423
-0.0647
2.1753
1.6523
-1.0456
1.7316
-0.4211
-2.0431
0.4919
1.8092
-2.7018
-0.8431
-0.7598
-0.9377
-0.0476
-0.6176
2.0588
-0.6005
2.0703
-0.7710
-0.4299
0.7911
0.8396
1.3990
-0.8674
0.0341
0.1591
-0.2262
0.2118
-0.1730
0.3479
-0.6496
-0.2397
1.1250
0.6086
-0.7577
0.0807
0.2692
-0.5774
0.6541
0.3393
-0.3041
-1.4841
-0.9155
-0.6406
-0.3036
0.6441
0.0768
-1.1913
-0.0619
0.4082
0.3394
-0.4431
0.3632
0.0987
-0.7047
-0.2676
0.6344
0.9679
1.4499
-0.0579
0.2200
-3.5737
-0.5668
-2.4813
2.6260
0.4487
-1.7018
0.9856
0.8577
2.7651
-1.0047
-0.1537
-1.3156
-2.0498
2.4166
0.2505
-2.1456
-1.4992
1.6991
-0.5328
-1.3640
1.3114
1.0600
0.9126
-0.8275
-0.5384
0.4019
-1.0475
0.0238
1.4179
0.9552
-0.5443
1.7816
-1.7796
-1.0093
-0.9020
1.6761
-0.3616
-0.7654
1.4984
-0.4526
1.1299
-0.7896
1.2716
0.8821
0.8209
0.4472
-0.8204
0.3791
-0.3385
-0.4222
-0.2252
-0.1874
-0.8880
-1.2657
-0.4805
-0.3130
0.7670
0.1346
1.1339
0.1635
0.4370
-0.3106
-0.2185
-0.5432
-1.3369
-0.1339
0.1351
1.2576
-0.4311
-0.1967
-0.0720
-0.6061
0.4781
0.2983
-1.3866
-1.2939
-1.1446
-1.0473
0.1302
-1.3087
-0.3130
-0.2642
-0.1461
2.3587
-1.8890
-1.7598
-1.7581
-1.4098
1.6465
-1.0765
0.3019
-0.8994
-1.3345
0.3268
0.7942
-0.1461
0.3521
1.9747
-0.4632
-0.9978
-0.6372
0.3451
-0.1322
-0.2934
-0.5190
-0.9891
-0.0804
0.1198
-0.2611
0.5310
1.5760
-0.5096
-0.5535
-0.1820
-0.7912
-0.9515
-0.2681
2.1951
0.6688
0.8000
0.8497
-0.4288
-0.1134
-0.1332
-0.0913
-0.3079
0.6625
-0.3079
0.0798
-0.1003
-0.0237
-0.2547
0.0294
0.0665
-0.0164
0.2805
-0.4024
-0.1884
-0.7914
0.6090
0.8271
-0.3123
0.4768
-0.2169
-1.5040
-1.2247
-1.3688
0.7965
-0.4728
-0.7049
-0.4872
-1.3514
-0.1294
-3.2325
0.4952
-0.4248
0.9753
-0.3618
0.5154
-0.9993
-0.0230
-0.0948
-0.1242
-0.4362
0.3510
-1.0345
-0.0181
-0.9308
-1.3086
0.5138
-0.6164
-0.7816
-0.5546
1.4282
-0.1678
-0.2183
0.5051
-0.4776
-0.8039
-0.2946
0.7746
0.3073
-0.0615
0.2040
-0.5026
-0.4377
0.1628
-0.2006
0.0399
-0.1477
-0.2629
0.7428
-0.6220
-0.0426
0.3690
-0.4231
0.1729
0.1305
-0.6371
0.1186
0.6465
-0.0899
0.2621
0.0983
0.5191
-0.1878
-0.1899
0.4921
-0.3036
0.5153
0.1669
-0.1890
0.1908
-0.2374
0.1594
0.0292
-0.0769
0.0957
0.3102
0.0585
-0.1982
-0.0295
-0.0302
-0.1035
-0.6096
-0.3626
0.0559
-0.7168
-0.5181
0.3346
-0.3992
-0.8934
-0.2340
-0.1396
-0.0988
-0.1955
-0.9036
-0.5024
-0.4105
0.1360
0.5069
-0.4485
-0.2980
0.2867
-0.0134
-0.1155
-0.2708
0.5122
-0.1931
-0.3307
-0.1116
-0.9816
-2.0158
-0.7121
-0.5909
-0.8998
2.0137
-1.3678
0.5142
-1.4720
0.8371
2.1937
-0.5724
1.3086
-0.3501
0.7455
-1.1453
-0.9506
-1.0027
-0.0275
1.2698
-0.6206
1.5613
0.2550
0.3626
0.0070
-0.6169
1.7687
-0.7010
0.4044
0.3837
-0.5706
0.4769
-0.0760
0.3624
-0.6243
-0.6174
0.5086
-0.0153
-0.6708
0.3048
0.2451
-0.0451
-0.1645
0.3835
-0.0063
0.4564
0.7173
0.1311
-0.0330
0.1710
-0.2964
-0.3571
-0.0530
-0.5868
-0.0344
-0.7608
-0.2026
-0.0921
0.3146
0.3370
-0.1126
0.0096
-0.2888
-0.1796
-0.0104
-0.7949
0.6014
-0.7669
0.1056
-1.9279
-1.1442
0.1011
-0.2773
-0.0534
0.8135
-0.3920
-0.3320
-0.2923
-0.0497
-0.1631
-0.6775
-0.2831
-0.3099
-0.0043
0.0151
-0.5771
-2.8713
2.0027
-2.3862
-2.2248
1.5039
-1.5545
-1.4072
-1.2327
-0.1205
-0.8017
0.0432
2.1531
2.4983
-0.7631
1.8311
0.3572
-0.2808
-0.2922
1.3557
-0.9089
-1.0901
-1.1975
-1.6494
-0.8825
-0.7839
0.8935
-1.4173
-0.9608
1.8780
0.2046
-1.2244
0.8924
0.7844
0.1670
1.5391
0.8072
-0.0540
-1.1844
1.0560
-1.0598
0.2871
1.2515
-0.6696
-0.9394
-0.4106
0.4198
-0.1358
0.6448
0.1510
-0.1879
-0.0167
0.0369
-0.0551
-0.4362
0.4683
-0.0989
-1.3243
0.9324
-0.1436
0.0105
1.1842
-0.4500
-1.4711
-1.3354
-1.5716
-0.6692
0.9683
-0.0545
-1.0976
0.3042
-0.4365
1.0099
1.0176
-0.7777
-0.6201
0.3275
-1.4266
0.7870
0.0941
0.0794
1.4592
0.1070
-0.7993
-1.2022
0.2340
0.1608
-0.2781
0.0470
-0.4756
0.0776
0.5411
0.2234
-0.9755
-0.3492
0.1275
-0.0325
0.4480
0.2770
-0.5450
-0.2696
-0.1062
-0.3935
0.3157
0.0950
-0.2250
-0.4611
0.7587
-0.0944
0.4717
-0.1488
-0.4854
-0.2808
0.4738
-0.3375
-0.1745
0.1063
-0.5618
0.4903
0.1273
0.0097
0.7826
0.0099
0.1435
0.1823
0.1205
0.0173
0.1579
-0.1160
0.1887
-0.1527
-0.0958
-0.0056
-0.1322
0.1490
0.4327
-0.1530
-0.3832
-0.4425
-0.3046
-0.2332
-0.0262
0.2630
-0.3363
-0.6925
-0.0834
-0.4359
0.4175
-1.0444
0.3066
-0.1509
-0.3342
-1.0774
-0.4917
-0.4637
-0.4693
-0.1767
-0.4696
-0.1109
-0.2757
-0.2934
0.4529
-0.0503
-0.5594
-0.6147
-0.3124
0.1446
-0.3224
-0.3421
-0.2405
0.1654
0.8463
-0.6471
-0.6071
-0.1130
-0.2874
-0.2032
0.5489
-0.3139
0.1515
-0.2710
-0.5159
0.0854
-0.2904
-0.1258
0.2584
0.4327
-0.2479
0.4599
0.9871
-0.0485
1.0343
0.2195
-0.3679
0.1343
0.0250
0.1791
-0.2524
0.3107
0.1738
-0.2287
-0.2031
-0.0086
-0.3070
-0.1221
-0.0888
-0.0558
0.0185
-0.0707
-0.1621
-0.1825
0.0029
0.0771
-0.0870
-0.0954
0.0851
0.2282
-0.0113
0.1049
-0.0819
-0.2247
0.1729
-0.0429
-0.2844
-0.2901
0.1068
-0.7022
-0.4143
-0.1769
-0.3357
-0.6930
-0.5269
0.5398
-0.2465
0.2844
-0.0264
-0.8180
-0.5552
0.1142
-0.0837
-0.1328
-0.9722
0.1878
0.0072
-0.2742
0.0005
-0.3946
-0.1278
-0.3310
-0.5223
-0.1105
0.3861
-0.1669
-1.6252
-0.0281
-1.3498
-0.4538
-0.4040
-0.3681
-1.3369
2.2365
0.7371
-0.5790
-0.6683
0.0390
-0.5169
0.9825
0.2658
0.1389
0.8217
0.1329
-0.1645
-0.9717
0.6255
-0.1177
-0.5352
-0.6086
-0.6406
0.9916
-0.4283
-0.1253
-0.6661
0.9024
-0.9757
1.2234
0.2699
0.0344
-0.2662
-0.2953
-0.0947
-0.3269
0.8921
-0.8531
-0.0166
-0.0726
-0.3689
-0.0977
-0.2337
0.3145
0.0726
0.2650
-0.2384
-0.0753
-0.0217
-0.0426
-0.2220
0.4265
0.0200
-0.4644
-1.2524
-1.0399
0.7646
0.5431
0.3663
0.3439
-1.5210
0.1964
-0.8191
-0.8247
-1.2448
-0.1693
-0.9597
1.1643
-0.2672
-0.0441
-1.1525
0.2129
-0.3536
-0.4847
-0.9828
-0.0753
0.1558
0.1785
-0.1514
0.3289
-0.9546
2.9615
0.7735
-0.0368
-0.8887
-0.6263
-0.3638
-0.5243
-1.0139
-0.7487
0.0703
-0.7206
-0.4792
-0.2229
-0.7063
0.3725
0.0488
-0.0902
-0.0399
-0.1768
-0.2896
-0.1567
-0.0999
0.0339
0.1948
0.1424
0.2059
0.1376
0.2638
0.1051
-0.2192
-0.3349
-0.3970
0.0064
0.2729
0.0489
-0.5065
-0.2078
0.3638
-0.2676
0.7331
-0.3472
0.0850
-0.3407
0.0281
-0.1838
0.0126
0.0883
0.0233
-0.1179
0.5308
-0.1008
0.0573
-0.1152
-0.1890
-0.1535
-0.5545
-0.9326
-0.5342
-0.1852
0.1462
-0.5230
-0.2460
-0.0482
-0.1047
-0.4665
-0.1616
-0.4833
-0.1561
-0.8012
-0.5266
0.1445
-0.6629
0.3400
-0.8916
-0.1418
-0.0592
-0.2569
0.0713
0.0412
-0.1628
-0.4331
-0.1221
-0.1489
1.0697
-0.0856
-0.4733
-0.5159
-0.6215
0.5573
0.0755
0.3154
-0.3492
-0.0727
-0.6892
-0.4264
-0.4190
0.2933
0.4509
0.0011
-0.2793
-0.1301
-0.5074
0.2555
0.5315
-0.5689
-0.2818
0.2077
-0.5312
-0.3773
-0.4727
0.3950
-0.2490
-0.3181
-0.4399
-0.0058
-0.2214
1.2130
-0.0947
-0.0273
-0.0601
-0.0610
0.3409
-0.0607
0.3477
0.2244
0.2578
-0.0447
-0.1128
0.1754
-0.0109
0.0007
-0.1810
0.1078
-0.1025
0.1476
-0.0676
-0.2783
-0.2573
-0.2417
-0.9498
-0.8399
-0.3743
-0.4429
-0.9659
0.0304
-0.0280
0.1786
-0.6288
-0.1138
-0.2675
-0.3384
0.6453
-0.5196
0.4877
-0.3658
0.0923
-0.6483
0.1078
-0.7139
-0.2196
-0.8988
-0.3316
-0.0233
-0.2379
-0.9323
0.2960
0.1499
-0.1276
-0.9338
0.7727
-0.1393
-0.8889
-0.0426
-0.3319
-0.7658
-0.2722
-0.5709
1.2118
0.2875
-0.2558
-0.5310
-0.4045
0.5758
0.6804
-0.6510
0.9534
-0.1846
-0.2460
-0.1275
1.0198
-0.2737
0.5227
0.6896
0.1173
-0.1500
-0.1089
-0.3170
-0.4661
0.8306
-0.3890
-0.0955
-0.1877
-0.4921
-0.2781
-0.0177
-0.0668
0.0638
0.2862
0.0410
0.0088
-0.2613
0.0519
0.0286
0.4449
-0.0528
-0.0057
0.2453
-0.1556
0.0372
0.0512
-0.4953
0.1541
0.3287
-0.8997
-0.6370
0.2635
-0.5835
0.4702
-0.2507
-0.5198
-0.0589
-0.2935
-0.3908
-0.2281
-0.3025
-0.6584
-0.6584
-0.7234
-0.0317
-0.2941
-0.5002
-0.8850
-0.2580
0.0302
-0.5569
0.1534
-0.2416
-0.0845
-0.3428
-0.4169
0.2640
0.9109
-1.2855
0.3681
3.3645
-1.2246
-0.8066
-0.5374
-0.9325
0.0357
1.2635
0.4661
0.4332
-0.9284
-0.6445
0.2705
-0.8885
0.6007
0.9177
0.2868
-1.1664
-0.6752
0.1500
0.5119
-0.7427
-1.5288
-0.5254
-0.4911
-0.3118
-0.6571
-0.7162
0.5918
0.7469
-0.5550
-0.0785
-0.1128
0.2441
-0.1722
0.3237
-0.4478
-0.3547
-0.2785
-0.2912
-0.2606
-0.0903
-0.0111
-0.0994
0.0751
0.2809
0.2259
0.4948
0.3600
0.1381
-0.0688
-0.2079
-0.0455
-0.3473
-0.4055
-0.4395
-0.0125
-0.3637
0.1277
0.2937
-0.9218
-0.4448
0.6135
-0.0883
-0.3601
-0.1927
-0.7956
-0.0033
-1.9299
0.0898
-0.2051
0.1578
-0.7580
0.3152
-0.4858
-0.5874
0.2772
-0.0421
-0.8048
-0.7305
-0.3756
-0.2360
-2.0643
-1.6110
1.8514
-0.4174
-0.3296
0.1201
-0.6812
1.0464
0.9654
-0.0454
-0.1202
0.5854
-0.0614
-0.8730
-0.5778
0.1309
-0.0485
-0.4593
0.5764
-0.1764
-0.5786
0.0442
0.4205
0.1453
0.8652
-0.0745
0.4666
-0.5346
0.1630
0.3767
-0.5129
-0.1018
0.4408
-0.7798
-0.6077
-0.3267
-0.6135
0.3153
0.1112
0.9749
-0.1508
0.5740
-0.2573
-0.3086
0.1833
0.4908
0.4892
-0.0663
0.2722
-0.3118
-0.1824
0.2759
-0.1704
-0.1682
-0.6214
0.0206
0.3503
-0.5216
-0.9680
-0.9969
-0.0781
-0.1850
-0.3213
0.3858
-1.7578
0.0623
-0.8234
-0.0211
0.1004
0.6393
0.2083
-0.0729
0.3937
-0.6426
-0.2655
-0.3974
-0.0312
-0.4639
-1.4015
-0.3942
0.2150
-0.0044
0.3189


Weights 1->2:
-0.5970
-0.4420
-0.4284
-0.6191
-0.4245
-0.6382
-0.5478
-0.5674
-0.4208
-0.6328
-0.5553
-0.7624
-0.6447
-0.6146
-0.2498
-0.4662
-0.8015
-0.5762
-0.6346
-0.3716
-0.7160
-0.6948
-0.5222
-0.4010
-0.3798
-0.5782
-0.4005
-0.6338
-0.5254
-0.5315
0.3987
-0.3089
-0.3101
0.3443
-0.9827
-0.1328
-1.9687
-0.2355
0.8779
-0.1916
-1.6812
1.4891
1.2968
-0.9437
0.8146
3.8616
4.4929
2.2920
-0.1373
-1.0724
0.3434
-3.2430
-0.1403
0.0123
-1.6599
-0.6289
0.4344
0.5307
-0.2200
0.8187
0.8081
-1.1729
-1.3902
-0.4508
-1.0470
-1.3673
0.7894
-0.2158
2.2134
1.2512
3.7908
-2.3830
-2.1586
-1.4202
-1.4670
-0.7491
0.2585
4.1917
2.6063
-0.4649
2.0164
3.2227
0.5723
-1.2173
0.0038
-1.6404
-0.3741
-1.2061
0.2540
-1.3101
0.2667
0.1313
0.0195
3.2803
0.6586
-0.1279
0.1355
1.8662
-0.8685
-1.0156
0.9235
0.5798
-0.2366
1.4112
-0.3706
-0.7012
-0.8822
-0.8352
-0.8239
0.6871
1.4121
2.0767
0.1099
-0.4740
2.4410
0.7964
0.8549
0.4312
0.6086
-1.4390
0.1952
-0.5795
-0.6253
1.0156
-0.9636
-0.6377
-0.3354
-1.0310
-0.0852
1.6871
-1.4062
-0.4932
1.1679
-0.4289
1.5918
0.3631
1.9521
2.3432
0.3243
0.0807
1.7508
-0.9097
-0.2090
0.1712
1.6458
-0.9762
0.2630
-0.0860
-0.8943
1.4873
0.6565
-0.1244
1.0764
-0.8321
0.3930
0.1256
-0.9413
0.6815
0.3434
-0.4964
0.1621
1.3918
1.4851
0.2463
0.1703
-1.0490
1.0797
-2.0058
3.5143
-0.3926
-0.1588
1.5571
-0.4928
-0.1885
0.6689
-0.2390
-1.1176
0.4766
2.0834
0.2349
-0.1048
-0.0737
0.8733
-0.6077
0.3806
0.2594
-0.1174
0.3900
0.1937
0.6247
0.8187
0.2240
0.1650
2.0627
-0.6035
-0.5574
2.0201
1.5082
-1.7805
-1.2726
-0.6916
1.2690
-0.2067
0.5199
1.1892
0.4302
-0.2076
1.8162
1.6819
-0.4235
0.2776
0.6741
-0.3361
2.0175
-2.1821
-1.3924
0.0767
-1.3826
0.7801
0.8513
-1.6621
-0.8888
-0.7301
-0.0614
0.2535
0.4672
2.6226
0.7968
1.0661
0.0837
2.2592
-2.0482
0.4012
0.4658
-0.9930
0.4917
-0.8518
1.3862
-0.6692
1.3116
-0.2449
-0.0948
0.3729
0.5153
0.9845
-0.1248
2.3764
0.1418
1.1854
-0.2634
1.1838
0.6357
-0.8165
0.1946
-1.2219
0.9008
0.9919
-1.6716
0.3099
-0.1795
0.2877
1.3571
-0.2623
-0.4986
0.1752
1.1014
-0.1360
-0.1867
1.0221
-0.4600
0.4780
-0.0311
-0.3328
1.1783
2.1795
0.7254
0.0208
-1.0374
0.6281
0.0717
-1.7459
2.6256
0.8025
0.3667
0.1139
-0.4602
-0.5440
1.4319
-0.7663
-0.3773
-0.4837
1.4715
-0.3671
0.3593
-0.4489
0.6107
-1.1491
-0.2738
2.1941
-0.0752
-0.1008
-0.3237
1.0304
-0.2744
-0.6664
-0.6231
0.7136
2.5712
-0.3001
-0.5075
0.6176
1.0954
-0.7552
1.2872
0.4382
-0.8897
0.3810
0.3879
1.7370
-0.3635
0.1220
1.6129
-0.8695
-0.1252
0.2824
0.8138
-0.0669
0.0355
0.5494
-0.7694
-0.1234
0.7095
0.2671
0.0269
0.3788
1.6560
2.0234
1.6788
0.8550
0.2376
0.0376
0.6027
-1.6407
-0.3076
0.1716
-0.4678
-0.2436
0.1818
1.5824
0.8866
-1.4996
1.0681
0.4700
0.5292
0.2035
0.6672
-0.1149
-0.0412
-1.2633
0.2033
0.0076
1.0237
0.1391
-0.5963
-0.5440
0.9246
0.2242
0.2674
0.3822
0.1819
0.7467
0.7811
-0.0246
1.0434
0.8630
0.0993
0.7584
-0.8241
-0.5417
0.7359
0.4710
0.9870
0.4897
0.4186
-0.3895
0.6883
0.8880
0.4329
-1.2066
0.3083
-0.5265
-0.2224
-0.7161
-0.7596
1.4273
0.9643
0.4733
1.1689
-0.7817
-0.2737
-0.3718
1.2527
0.5741
0.4179
0.4543
0.3914
-0.6528
-1.0685
0.8071
-0.3045
-0.1563
1.7103
0.9851
-0.3447
1.1987
0.7938
0.4698
-0.7026
0.0542
-0.4954
-0.3526
-0.8622
-0.7334
1.6419
0.5974
-1.9401
0.7099
-0.9847
-1.1116
1.2191
-0.4527
-0.5670
0.7957
-1.2909
1.4932
0.3522
2.7379
1.1716
0.2634
-0.1693
0.2523
-2.2181
0.7685
-0.6453
0.8750
-0.5252
-0.4847
0.1415
-0.4543
1.0698
0.7556
-0.7639
-0.3686
1.3608
0.7308
-2.1627
-0.0154
-1.5229
0.3746
0.8014
1.3729
0.1959
0.6335
-1.0520
-1.0444
0.4721
1.2175
1.3018
-0.7571
0.8479
-0.6595
0.4859
0.1511
-0.3662
-0.6262
-0.5062
-0.1439
0.4836
0.8667
1.9928
0.5772
0.2712
-0.0087
1.2575
1.2919
-0.0132
-0.1708
-0.2345
-0.3656
-0.2585
0.7331
1.1482
0.4761
-0.0852
0.1197
0.5346
-1.6069
-1.3028
0.4322
1.0330
0.6353
1.2664
1.4751
-0.1849
0.0585
0.6647
0.9437
0.2488
0.0657
-0.7729
0.2954
0.2965
-0.5045
-0.7050
-0.8891
-0.2737
-1.0744
-0.7559
0.3529
0.0777
-1.6101
0.0942
0.8542
-0.8082
0.2530
0.3682
2.5674
1.2830
-0.0894
0.0727
1.9049
-2.2224
0.9387
0.3614
-0.8810
-0.4997
-0.7137
-0.1218
-0.0439
0.3477
-0.4381
0.2675
-0.3107
-0.2396
0.1908
0.3681
0.9106
-0.4310
-1.1241
-1.0691
-0.6240
1.6747
-0.5241
1.5730
-0.5251
0.1521
-2.0151
-1.8637
-1.2797
-0.7724
-1.4048
0.2519
-0.5348
0.2508
0.3601
1.5816
0.1157
-0.4903
-0.9789
-0.6255
-0.0736
-0.7466
1.4963
0.4915
1.2744
1.6031
-0.5896
3.0768
-2.2682
0.2985
0.5045
-1.5621
-0.6622
0.0302
0.5809
-1.3908
-2.1275
1.0350
-0.2966
0.2005
0.0107
-2.0852
0.1426
0.1855
0.3623
-1.0217
0.8035
0.0996
0.4421
-0.8653
0.3303
0.7060
-0.6520
0.3422
-0.0518
0.0942
0.6991
-1.5440
0.2313
-0.3669
0.8538
0.9874
0.4931
0.5990
-0.2074
0.6122
0.5468
-0.6913
-1.1149
0.6211
-1.4359
0.9512
-0.1357
-0.4219
-0.1520
0.7990
-0.0810
0.3979
-0.3754
0.5729
0.1974
0.2183
0.0009
0.0415
-0.2377
-1.2385
-0.8845
-0.9720
0.1383
0.9252
-0.9605
-0.6009
0.3990
0.4479
0.4441
1.1557
1.1541
2.4912
-0.7674
0.4276
0.9502
-0.8210
-0.6282
0.7276
0.2014
-0.3743
-0.2817
-0.0512
0.1770
0.7103
0.0094
0.4276
0.7543
-0.3599
-0.1272
0.9134
0.9027
0.2876
0.1630
0.4968
0.3909
-1.6555
0.4283
-0.8587
0.2794
0.8830
-0.6449
-0.2739
0.0062
0.1808
0.7656
0.7322
-0.3387
0.5698
0.1854
-0.7582
0.5977
0.3283
0.8072
0.2560
0.3158
0.2840
0.0132
-0.3564
1.3972
1.3467
0.3038
0.2185
-0.3675
0.1140
-0.1468
-0.9355
0.2492
-1.0367
0.3387
-0.3377
-1.3731
-0.8001
-0.1052
0.7346
0.7073
1.3108
1.0534
0.1789
0.3305
-0.3955
0.1142
0.0034
0.8914
-0.0238
-0.0622
0.2949
0.6404
0.0637
-0.8935
0.5973
0.2958
0.4061
1.2775
-0.9985
0.2000
-0.6280
0.9061
0.4927
-0.6519
0.7354
-1.8299
-1.6080
1.6483
1.7185
-0.8783
1.2714
-0.6249
-0.2629
0.9406
-0.5483
0.6920
0.0743
-0.8705
-0.6024
0.3557
0.0756
0.2940
-0.5881
0.5480
0.6587
0.6765
0.2294
-0.1040
-0.3820
0.7549
0.5407
0.0257
0.7104
-0.0315
-0.2537
0.1003
1.1887
-0.7881
0.0504
-0.7468
0.2614
-0.1169
0.2812
-0.3583
0.2607
0.0359
-0.2388
0.8443
0.0750
-0.3324
-0.4021
-0.0124
0.2640
1.0641
1.3182
0.0176
2.2315
-0.7215
-0.6390
0.9558
-0.2794
-0.3187
0.0305
-0.1466
0.5364
-1.0766
-1.1544
0.4292
-0.2791
0.4053
0.5334
-0.0572
-0.2849
-0.5675
-0.3144
0.7148
-0.0270
0.0397
0.2021
0.5840
0.5210
0.3926
-0.3663
0.3627
0.4585
0.2543
0.0560
0.9721
-0.2455
0.2042
0.2560
0.5776
0.6921
0.0275
0.2337
-1.4160
-0.7594
-0.5254
0.0554
-0.5111
0.7445
0.9449
0.0583
-0.1260
0.3917
0.1949
0.1527
0.9506
-0.3695
-0.1581
-0.3666
0.4241
0.1992
-0.6002
-0.3280
0.0042
-0.6479
0.2329
1.7414
-0.7667
-0.5768
-0.3780
-0.4726
0.0126
0.5361
1.7421
0.5404
0.2690
0.1230
1.4595
-2.0280
0.2493
0.4464
-0.5236
0.1668
-0.2375
0.5516
-0.9559
0.3631
0.0505
0.7274
0.6988
-0.7549
1.0634
0.9697
-0.2249
0.4401
-0.7765
-0.3192
0.9539
0.3589
0.0242
0.6721
-0.3686
0.0386
-1.5477
-1.0712
-0.8219
0.1138
-1.3940
0.6223
-0.4662
0.3326
-0.4313
0.7740
0.7415
-0.0477
0.4807
0.0547
0.4124
0.2549
0.2250
0.2285
0.0552
-1.0119
1.2643
-1.5260
0.4851
-0.1842
0.5222
0.0918
0.2869
0.6292
-0.4009
-0.3105
-0.7325
-0.9771
-0.3455
-0.5186
0.4239
1.0418
-0.7436
0.2891
0.8104
0.0647
-0.2145
0.9329
1.4868
0.3306
0.2830
-0.3404
-0.1508
-0.9121
0.1827
-0.5290
-0.2949
-0.9217
1.0448
0.6695
0.6731
-0.9517
0.2372
-0.4026
-0.0131
0.4295
0.4817
2.0111
-0.8065
0.7573
-0.5700
0.1304
0.9314
0.0161
0.4235
-0.7492
-0.0017
0.1187
0.3749
0.2530
-0.1893
-0.0409
-0.0500
-0.6749
0.4744
0.4496
-0.4087
0.7367
-0.2838
0.7175
0.6868
0.7035
0.0722
0.1639
-0.0109
-0.3293
-0.6928
-0.3186
0.5097
-0.3658
0.5066
0.4871
0.5218
-0.0065
-0.5461
0.5794
0.5529
-0.6144
0.2906
-0.0047
-0.3792
0.7600
-0.1527
-0.4159
0.4629
1.6819
0.1457
0.3037
-0.1290
-0.3498
-0.7551
0.8094
0.5572
0.6355
0.4994
-0.2820
-1.0651
0.1071
-0.1913
-0.4630
-0.0529
-0.6002
-0.1193
0.6224
-0.0606
0.9311
-0.1877
-0.2201
-0.2213
-0.3944
0.3776
0.1230
0.2094
0.1567
-0.5227
-0.6600
-1.2376
-0.9162
-0.9736
1.4649
-0.6606
-0.6064
0.7015
-0.6139
0.9363
-0.3626
0.4324
-0.1331
0.4973
0.1877
2.4149
-0.7300
-0.0238
0.6904
-0.5260
-0.3466
0.2083
0.6012
-0.3252
0.1848
-0.1191
0.4441
0.3432
-0.6753
-0.1264
0.5222
-0.2613
-0.6385
0.2817
0.7319
-1.0459
-0.8587
-0.0894
-0.3064
0.8641
0.2865
0.5039
0.9316
-0.1190
0.5117
-0.6412
-1.8324
0.7396
1.4173
0.0371
-0.2761
-0.4329
0.6739
-0.6223
0.6330
-0.5110
0.4719
-0.1796
-0.4836
0.0328
0.5593
1.2516
-0.3143
-0.8767
-0.9379
-0.9446
1.2882
-0.6485
0.8937
-0.4117
-0.5597
-1.3965
-1.3818
-0.8300
-0.3996
-1.1419
-1.1911
-0.5114
-0.1501
0.3321
1.4836
-0.0956
-0.4337
-0.7732
-0.7015
-0.2142
-0.4652
-0.2776
0.1655
-0.2648
-0.6147
0.1022
-0.7339
-0.1062
0.6561
-0.5157
0.0222
-0.4439
-0.2080
-0.2177
-0.1204
0.7120
1.0458
-0.2510
-0.0930
0.2013
-1.0713
0.3219
0.2787
-0.5089
-0.3114
-0.1016
0.1496
-0.4725
0.7511
-0.2439
-0.3561
-0.2676
0.3411
-0.4446
-0.5659
0.3283
-0.5610
-0.7071
-0.1338
-0.5626
-0.3304
-0.0750
-0.5343
-0.4640
-0.3695
0.9172
1.4507
-0.3110
-0.3313
0.2053
-1.0368
-0.4113
-0.5348
0.3548
-0.6083
-0.2946
-0.1845
-0.1984
0.3717
-0.4897
0.1741
-0.3322
-0.4820
-0.2747
0.5115
0.6273
-0.5126
-0.8437
-0.8502
-0.9416
1.0920
-0.6117
0.9179
-0.3407
-0.5125
-1.2020
-1.2771
-0.8889
-0.3400
-0.7947
-0.6642
-0.2943
-0.1252
-0.1161
0.9942
0.1288
-0.4855
-0.7791
-0.5445
0.3044
-0.3462
0.3641
-0.8553
-0.5395
-0.0448
-0.9103
0.8248
0.7861
-0.5941
0.2716
-0.7718
0.6487
-0.4839
-0.0533
-0.7598
-0.0588
-0.0677
1.0780
-0.4244
0.1254
-0.6089
0.8146
-0.0885
-0.7912
-0.7719
0.0209
-0.1544
0.2079
-0.5037
-0.6320
0.2165
-0.2971
-0.3300
-0.1849
0.3837
0.8096
-0.4360
-0.6267
-0.6899
-0.8479
1.1112
-0.5557
0.7242
-0.4256
-0.4244
-1.1703
-1.3303
-0.8157
-0.5343
-0.9726
-0.9538
-0.3688
-0.1299
0.1268
1.0322
-0.1717
-0.3467
-0.6013
-0.4681
0.0191
-0.1852
-0.4323
-0.1729
-0.4407
0.1926
-0.9310
-0.1898
0.3663
-0.2262
-0.2167
-0.8249
0.6086
-0.3840
0.0349
0.1496
-0.0600
0.0462
0.2466
0.3165
0.0047
-0.2324
0.1170
-0.2273
-0.3053
-0.6554
-0.2814
-0.1141
-0.5080
-0.1809
-0.5149
0.1878
-0.4137
-0.5195
-0.1402
0.7695
0.3127
-0.2686
-0.7522
-0.5140
-0.7591
0.7625
-0.4163
0.4209
-0.2538
-0.6034
-1.1772
-1.2362
-0.7188
-0.3283
-0.8500
-0.6686
-0.5710
-0.3029
0.0282
1.1917
-0.1970
-0.3659
-0.4821
-0.5182
-0.0267
-0.1988
0.0890
0.2897
0.3089
-1.1741
-1.0405
-0.6647
-0.0790
0.1743
-0.0503
0.1634
-0.0882
-0.6935
-0.2051
0.1054
0.7413
-0.1275
-0.5848
0.0608
-0.4307
-0.4036
-0.1499
-0.1776
-0.7161
-0.1580
-0.2565
-0.0154
0.3140
0.6181
-0.0064
-0.2467
0.0431
0.2774
-0.3420
-0.2670
-0.9253
0.2242
-0.4173
-0.3158
0.1216
-0.1773
-0.2435
-0.2632
-0.1677
-0.1035
0.4863
0.6246
0.2838
-0.2523
-0.4824
-0.5166
-0.2483
-0.0374
-0.5095
-0.3832
-0.0167
-0.2358
-0.4550
-0.0576
-0.2848
-0.0913
-0.1804
-0.2675
-0.2064
-0.2710
-0.4102
-0.6471
-0.0522
-0.5566
0.6021
-0.7441
0.2034
-0.2915
-0.0756
0.3623
-0.7252
-0.4482
-0.4995
0.4748
-0.6191
1.0457
-0.4873
-0.2230
-0.0442
-0.4414
-0.0857
-0.0677
-0.4115
-0.2681
-0.0806
-0.5005
0.3143
-0.2727
-0.2843
-0.1725
-0.8275
1.6538
-0.5259
-0.1500
0.4563
-0.7298
-0.2438
-0.1431
-0.0054
-0.3947
-0.8140
-0.2708
0.7333
-0.1506
-0.5247
0.0263
-0.2440
-0.1959
0.0446
-0.5117
0.2345
-0.3289
-0.0901
-0.6542
-0.0392
-0.0297
-0.0980
-0.3655
-0.1367
-0.3089
-0.2291
0.2190
0.1256
-0.5133
0.4945
-0.6997
-0.1894
-0.0482
0.1219
-0.0963
-0.3310
-0.7798
-0.2598
-0.1795
-0.7623
0.4996
-0.2777
-0.1743
-0.2206
-0.5450
0.1856
-0.2747
-0.3941
-0.0425
-0.2826
-0.3341
-0.0880
-0.2220
-0.1539
-0.2550
-0.4562
0.7677
-0.5451
-0.4236
0.0021
-0.4487
-0.1280
-0.4695
0.1392
-0.1731
-0.7122
-0.6644
-0.1712
0.1863
-0.6694
-0.1111
-0.2095
-0.1570
-0.3817
-0.4477
0.0051
-0.2176
-0.4030
-0.2299
-0.1535
0.1085
-0.2074
-0.7680
-0.5565
-0.2217
-0.5938
-0.4726
0.5271
-0.2302
-0.7410
-0.3166
-0.1023
-0.6919
-0.0641
-0.3587
0.8986
-0.6744
0.1055
-0.1744
0.4852
-0.8586
-0.0946
-0.1499
-0.4834
-0.4002
-0.5474
-0.0652
-0.2553
-0.3801
-0.3888
-0.3529
0.0673
-0.4663
-0.5170
-0.4563
-0.6577
1.0783
-0.0183
-0.6720
0.9082
-0.7861
-0.3425
-0.2619
-0.4361
-0.6362
-1.0325
-0.3869
0.5946
-0.3785
-0.7428
0.5236
-0.5024
-0.4381
-0.1645
-0.6597
-0.0711
-0.4308
-0.0489
-0.7398
-0.4556
-0.2273
-0.3720
-0.5052
-0.5350
-0.5085
-0.1581
-0.4486
0.0779
-0.5818
-0.4786
-0.5878
-0.5643
-0.5723
-0.4000
-0.2131
-0.7745
-0.8160
-0.1710
-0.1180
-0.3385
-0.0692
-0.5954
-0.4253
-0.1574
-0.6228
-0.2538
-0.5180
-0.2679
-0.5781
-0.3985
-0.0690
-0.4304
-0.5219
-0.4677
-0.2187
-0.5955
-0.5626
-0.5763
-0.6510
-0.5664
0.1335
-0.5061
-0.2269
-0.4397
-0.5658
-0.7724
-0.7964
-0.6104
-0.3411
-0.6406
-0.4207
-0.4934
-0.2480
-0.4198
0.0858
-0.3002
-0.4063
-0.5439
-0.3711
-0.0559
-0.0199
0.0011
-0.1349
-0.0485
0.1021
0.0133
-0.1378
0.0278
0.0266
0.0608
-0.0359
-0.2286
-0.0961
-0.0773
-0.1414
0.0566
0.0482
0.1295
0.1473
0.0327
-0.1341
0.0185
-0.0720
-0.0198
0.0095
0.2068
0.0590
-0.1112
0.0064

Direct connections:
