version: 10
file format: 0

training data file: /experimental/Erwan/tmp/tmp.train-lm-from-UD-corpus.sh.xMY5wF1hJ.train
validation data file: /experimental/Erwan/tmp/tmp.train-lm-from-UD-corpus.sh.xMY5wF1hJ.valid

last probability of validation data: -560156.497438
number of finished iterations: 10
current position in training data: 0
current probability of training data: -558752.515796
save after processing # words: 0
# of training words: 2242755
input layer size: 124
hidden layer size: 30
compression layer size: 0
output layer size: 95
direct connections: 0
direct order: 3
bptt: 0
bptt block: 10
vocabulary size: 94
class size: 1
old classes: 0
independent sentences mode: 0
starting learning rate: 0.100000
current learning rate: 0.000781
learning rate decrease: 1


Vocabulary:
     0	         0	</s>	0
     1	    334072	32	0
     2	    158980	111	0
     3	    135984	101	0
     4	    119153	110	0
     5	    112639	97	0
     6	     97678	116	0
     7	     84635	118	0
     8	     81572	105	0
     9	     80956	115	0
    10	     71028	108	0
    11	     66605	107	0
    12	     66042	114	0
    13	     65341	100	0
    14	     61081	237	0
    15	     58401	112	0
    16	     56857	117	0
    17	     55587	109	0
    18	     51533	99	0
    19	     44086	104	0
    20	     40802	225	0
    21	     39153	122	0
    22	     36908	106	0
    23	     33949	121	0
    24	     30688	283	0
    25	     27298	98	0
    26	     26489	44	0
    27	     24363	233	0
    28	     21772	345	0
    29	     20002	253	0
    30	     18750	46	0
    31	     17589	382	0
    32	     16756	269	0
    33	     14854	353	0
    34	     11465	367	0
    35	      4638	103	0
    36	      4380	102	0
    37	      3958	80	0
    38	      3811	35	0
    39	      3808	86	0
    40	      3428	83	0
    41	      3272	250	0
    42	      2453	42	0
    43	      2197	78	0
    44	      2050	75	0
    45	      2003	74	0
    46	      1986	84	0
    47	      1728	90	0
    48	      1589	77	0
    49	      1463	328	0
    50	      1406	120	0
    51	      1313	79	0
    52	      1302	65	0
    53	      1284	68	0
    54	      1160	268	0
    55	      1159	82	0
    56	      1132	66	0
    57	       836	72	0
    58	       732	357	0
    59	       623	45	0
    60	       607	76	0
    61	       573	85	0
    62	       559	218	0
    63	       513	243	0
    64	       498	70	0
    65	       478	67	0
    66	       353	73	0
    67	       331	69	0
    68	       313	352	0
    69	       304	271	0
    70	       274	34	0
    71	       239	71	0
    72	       197	344	0
    73	       164	381	0
    74	       112	119	0
    75	       101	58	0
    76	        85	41	0
    77	        85	40	0
    78	        59	63	0
    79	        47	87	0
    80	        23	89	0
    81	        16	246	0
    82	        12	113	0
    83	        11	252	0
    84	         4	318	0
    85	         4	228	0
    86	         4	88	0
    87	         2	39	0
    88	         2	317	0
    89	         2	81	0
    90	         1	214	0
    91	         1	193	0
    92	         1	47	0
    93	         1	201	0

Hidden layer activation:
0.0000
0.0000
0.0000
0.0000
0.0000
0.0004
0.0000
0.0007
0.0000
0.0003
0.0011
0.0000
0.0003
0.0000
0.0001
0.0000
0.0084
0.0000
0.0000
0.0000
0.0000
0.0012
0.0000
0.0000
0.0000
0.0001
0.0000
0.0003
0.0000
0.9973

Weights 0->1:
0.0873
-5.6137
-6.5910
-1.9136
-1.3608
-4.7105
-0.9956
-3.5219
1.0225
-4.3013
2.4752
1.5701
2.6442
-3.6576
0.3265
-0.4824
2.0075
-4.3492
-4.9798
1.1055
-0.9264
1.5673
4.4606
-3.6242
0.8617
-3.4209
-0.8334
0.2257
0.8956
-2.7937
-0.7384
2.0807
-1.1126
-2.8103
-0.1170
-2.4917
-0.7417
-3.2729
-0.8680
-4.1164
-2.4461
1.3026
-0.6958
-4.4006
1.2668
1.8479
-2.5187
-0.2768
-3.8573
2.4033
1.8737
0.8024
-2.3739
-3.4593
-0.2829
-2.5799
-3.7006
-0.3934
1.2224
-1.1049
0.0501
-0.1637
2.4085
0.4193
-0.4585
-1.2611
-0.3854
-0.8562
-1.1852
-0.4343
-0.4999
-1.3736
-0.3729
1.9710
-0.0759
-0.3751
-0.2079
-0.2897
-0.2625
-0.4310
-0.0238
-0.0926
-0.4802
0.0150
-0.1427
-0.1008
0.0447
0.0177
-0.1411
-0.1883
0.0049
0.1146
-0.0541
-0.0914
-1.4878
0.2660
-1.1144
-4.5954
-0.5761
-1.5676
-1.3684
-1.4456
-2.4833
-2.0732
-1.5132
-0.0548
-0.9440
-1.3992
-7.3580
-1.9780
-3.0453
-0.2362
0.2962
-3.4011
2.1073
-4.1408
1.1354
-0.5200
3.9750
0.5111
-1.1884
0.1381
2.1399
-0.3488
-0.0695
-9.4999
0.0624
-1.8937
-4.4102
2.3964
-4.7523
-2.6040
-1.2856
-3.3073
-1.9936
-6.1912
-3.8489
-7.1092
0.7180
-2.8916
1.1408
2.6220
0.8807
-0.7742
2.6320
-7.5613
1.2189
-3.5884
1.6063
-2.8245
2.0988
1.0982
-4.1721
-3.7504
1.8859
-1.0464
1.2463
-3.3873
-2.6817
-4.2170
-2.8960
-2.1261
0.1886
0.6838
-0.3979
-1.0521
0.2062
1.0996
-0.7071
-0.9939
0.9409
-1.0583
-1.3411
-1.6303
3.3678
-1.6116
-1.2367
-1.9690
-0.9104
-1.4580
0.5108
-1.5736
1.9277
0.2448
1.6421
-2.0450
-0.9421
0.7379
0.3888
2.4327
-1.7211
-0.7030
0.2494
2.5629
0.6432
-0.6241
0.6327
0.1646
-1.0711
0.7810
0.6463
0.0885
0.2074
0.1496
0.1428
-0.0416
0.2384
0.5715
-0.1249
-0.4411
0.1766
0.0339
0.0443
0.0418
0.1107
0.0001
0.0923
0.0728
-0.9276
-1.2603
-1.9949
3.1540
-3.8565
-0.5769
-0.4830
-2.8625
-1.4451
3.2735
-0.7222
1.4909
-5.1289
0.6446
-2.8971
2.4392
-4.1506
-0.6527
-0.0626
-1.1975
0.6650
-1.7845
-2.3008
-0.1698
0.3998
1.3122
-2.9060
-5.5926
6.0633
-1.2759
-0.1257
-9.1677
-6.3192
-1.4237
-6.0955
1.3608
-5.6038
-8.6904
1.1331
-5.7960
-0.2793
-8.1431
1.8486
-8.3134
-3.7677
-7.3649
-6.1434
-6.9971
0.0113
-6.3965
-1.0990
-0.8804
-0.0381
2.7147
1.4784
-3.3976
1.7949
-3.2969
-5.9496
-2.9291
1.9021
-1.6802
-1.6035
4.7662
-3.0112
-5.6768
-3.7518
-2.1755
0.9770
-2.2582
-2.4106
-1.8937
0.8206
-3.2181
-2.3435
-2.4115
-0.8701
-3.3229
-3.2398
-2.6708
-0.5540
-3.6378
-0.4016
-3.1254
-2.7895
1.1862
-1.5822
-0.7733
-1.5995
-4.2491
-2.1874
-1.7179
-3.3541
0.9791
-1.6757
-1.3832
-1.5207
-2.8766
-0.1294
-1.5032
0.4999
-1.5857
-0.9430
-1.3069
-1.7405
0.1041
0.1526
0.5357
0.0137
-0.5883
-0.1317
-0.9235
0.3251
-0.2038
0.0096
0.0273
0.1828
-0.2110
-0.1665
-0.0642
-0.1605
-0.1288
0.1540
-0.3275
-0.7781
-1.0635
-0.5206
-1.3011
-0.6515
-0.1094
0.2330
-0.5189
-1.8864
-2.9381
-0.5865
1.3601
1.9114
1.8173
-2.4139
-3.3548
0.8522
2.9405
1.7373
-0.4516
-1.1208
-2.4192
0.9994
-1.9427
-0.1925
0.4918
-0.3652
0.9904
-1.0133
-0.1685
-0.0770
-7.5876
1.4511
-11.5750
-6.9787
-4.1799
-6.2025
-6.9259
-2.7291
-0.2367
-2.3778
-1.8477
1.7567
-2.1127
-0.2302
-2.6531
-0.8084
-8.2782
-3.4028
-2.5654
-2.0615
-6.8131
-4.1896
0.7074
-0.8689
-2.3393
-0.0400
0.1743
-4.4943
15.2753
0.0895
-5.0604
-5.6360
-7.1401
2.9713
-5.6528
-4.4631
-3.0034
-0.1125
-4.7864
0.7494
-0.1108
-0.1967
-2.2727
-1.5822
-3.4025
-2.3552
-3.8651
-3.3985
5.8262
-2.1623
-1.5808
-2.1444
-0.4155
1.2778
-3.4151
-0.4850
-1.2110
-1.9038
-1.2000
-2.2722
2.4107
3.1656
-0.9483
-3.4238
-1.5785
-1.8038
-1.6779
-0.2214
-0.7901
-0.2718
-1.9054
-1.6447
-2.0130
-0.1322
0.0617
0.0054
-0.0748
-0.1463
-0.8114
-0.8344
0.9279
-0.3758
0.0018
-0.1682
-0.0390
-0.1531
0.1332
0.0055
-0.1843
-0.0085
0.2212
-0.1345
-0.1386
1.0557
1.4711
1.4841
0.5927
3.7425
-5.2307
-1.7423
1.6548
1.6733
-2.4250
-1.3351
-1.8735
-2.4568
-0.7181
1.5906
0.3662
-0.3440
-2.9519
0.6227
0.9111
0.2073
-2.3768
0.4365
-1.9883
-2.3436
0.3968
-0.7278
-3.9402
-0.3248
-1.9265
-0.0304
-4.7243
0.6488
-0.5560
-0.3439
-6.0108
-3.2760
1.2739
-6.1207
-1.7692
-6.3283
-2.8023
-1.2060
-5.2292
-6.4712
-0.7235
-0.8369
-2.0552
-4.4255
-4.1213
-5.5605
0.3341
2.1694
-4.7309
-6.1442
-2.2355
2.6687
-3.1070
2.5647
-2.6697
2.3026
-0.6185
-1.0011
-3.8122
-3.5653
-3.0538
-4.3616
-0.6935
0.6115
2.8243
-3.1738
-0.9179
0.6762
0.5791
0.2233
-0.7606
-1.2639
-0.0003
-1.0771
3.0804
-0.8101
-2.4664
-3.9595
-3.7989
3.1679
0.2051
-0.1505
-0.7523
0.2440
0.6375
-2.9782
-2.0966
-0.8295
0.7749
-2.1508
-2.2078
-3.0908
-2.5481
-1.7285
1.4089
0.1582
-1.4082
1.5337
0.1485
0.8031
1.0248
0.3582
0.1246
0.0661
-0.4750
1.6264
-0.2638
-0.6963
-0.2973
-0.0100
-0.0700
0.3878
0.1229
-0.0853
-0.0379
0.3686
0.0601
0.1062
0.2016
0.4842
-0.5637
-0.2315
-1.2165
0.4218
-0.9361
-1.0565
-0.6497
-0.7932
2.8491
-0.6138
-1.0180
-1.2529
-0.4944
-3.7581
-5.3711
0.6891
0.0005
-5.1038
-0.3475
-0.1587
-0.2252
-1.9001
-0.9171
-3.1477
0.6885
-2.2329
1.7449
0.4870
0.9751
-0.1353
-10.5199
-3.4611
-8.0319
4.1505
-5.2012
-8.0499
-0.0096
-1.2632
-1.8817
-5.5263
5.6241
-7.8299
-0.9025
-7.3060
0.0548
-3.5064
-2.8555
-2.9675
-2.9857
-6.9038
0.5386
-2.9973
-4.5311
-7.4566
3.0035
-0.1288
-7.6540
-3.8020
-7.3877
-0.3381
-4.0070
-3.2485
-4.6295
-7.2084
-2.6858
4.7377
-2.4531
-0.2686
-3.1778
-3.8531
0.3978
-0.1888
-3.1032
-2.1358
-0.7360
-3.4955
-2.6836
-1.8311
-1.1583
-1.1303
-2.8174
-2.4236
-2.5924
-1.7454
-2.8987
-0.8596
-2.4188
0.3925
-3.0114
-1.1889
-1.0437
-2.0075
-2.7308
-0.4082
-0.8755
-1.8876
-1.8316
-1.8756
-0.7670
-0.2797
-1.0817
-3.1482
-1.1214
-0.7900
-0.0419
-0.0779
0.0142
0.0798
-0.2911
-0.1486
-0.0986
-0.0637
-0.4922
-0.1566
-0.1381
-0.1024
-0.1758
-0.0166
0.1248
0.0659
-0.1022
0.1415
-0.0655
-0.7261
0.9759
0.6081
-1.0881
-0.4780
0.4862
0.1850
-2.6777
0.8942
1.0608
0.6637
-3.7018
1.7667
1.1698
0.3365
-0.9275
1.1508
2.0301
-0.3767
-0.7440
0.5962
1.3427
0.5741
1.4776
-5.7904
-1.0678
-0.8596
2.5594
1.9876
-3.8304
-0.0768
-9.8535
0.8010
-8.0787
-8.9204
-1.0034
-1.4680
0.8961
-1.0510
-1.3361
-0.1433
-10.1306
3.4465
0.2480
-0.9692
-0.2451
-8.8150
-0.9957
-4.8584
0.8985
-2.6026
-3.0707
-1.7252
-3.5511
-7.1212
-2.0897
2.8018
-2.4781
8.8159
-1.6529
2.6877
-1.6867
3.8801
1.5131
1.5674
2.3700
-1.5324
0.8974
0.6697
-0.9523
0.2862
-1.0005
0.8174
-0.1238
0.3718
2.0835
-1.4717
-0.3677
-0.8480
-0.6201
0.9459
-1.2844
0.1321
-1.2567
0.3570
0.8457
-0.9850
-1.1564
-0.5474
-1.0298
0.1756
2.4018
-0.1317
-2.1613
1.2301
0.1007
-1.2258
-0.7208
0.5693
-0.8901
0.4954
0.0271
0.3245
0.4403
-2.8230
1.1710
0.9164
0.1587
0.8425
0.1230
0.1037
0.1601
-0.0886
-0.1757
0.0191
-0.0958
-0.0797
0.1353
-0.0210
0.1140
-0.0676
-0.0257
0.0130
-0.0186
-3.4184
-0.3719
1.6059
0.1126
-1.0079
-0.7925
1.2072
-0.8975
-2.4108
4.6993
-1.8907
-6.5570
-1.4950
2.5794
-5.3397
-1.7309
0.7096
-0.4414
-0.6930
0.6049
-0.1971
1.9720
-1.7227
-0.0744
-1.4687
-1.5043
-1.1975
1.8803
-2.7513
-4.7764
0.0002
14.0167
-0.0304
-3.6181
-4.6690
2.5203
-5.9229
-5.3544
-4.7406
-2.3180
-1.1671
-0.6939
-5.0182
-2.2858
-6.4064
-0.0298
-4.5349
-5.7383
8.9123
-0.4447
-0.8744
-5.5825
2.1097
1.5339
-6.5542
-4.8974
-0.2291
-3.1417
-3.4910
0.7450
-0.4511
-1.7372
-4.2568
-3.3708
-0.3324
-2.2286
-3.3212
-0.1883
-0.7784
-5.2556
-3.1894
-3.1244
-0.7673
-3.6020
-0.0417
1.0605
-4.4869
-4.6878
-5.2380
-2.2751
1.5282
-1.8632
-4.5383
-5.2107
-3.5308
-2.4070
-4.9333
-0.9714
-0.7049
-0.9519
-0.7676
-3.4186
-3.4674
1.0193
0.3962
-1.0529
-3.3252
-3.5204
-3.3105
-0.4612
-1.1906
-1.6913
-2.6576
-3.2442
0.2299
-0.3914
-0.2367
-0.6863
-0.1371
-0.5694
-0.7433
-0.1340
0.2422
0.1971
0.0378
-0.1250
-0.3525
-0.0343
-0.0361
-0.0018
-0.0653
0.0977
-0.1678
-0.0575
-2.7926
1.3647
-2.3985
0.0795
2.3994
-1.5345
-0.2377
-1.2379
-4.4749
-2.9675
-0.9526
-4.5427
-1.1494
3.2744
-2.0625
-2.1024
-4.3108
1.0401
1.3571
1.4282
-3.7181
-1.3014
1.6071
1.2646
-8.6680
2.1767
1.2021
-1.9937
1.4256
1.7148
-0.1026
-6.1660
2.7458
-3.0045
-5.8728
-5.1887
-5.6801
-9.5002
-3.2102
-6.4298
-8.2896
-3.8160
-1.9654
1.0492
-8.4005
-5.5339
-8.4060
-8.0084
1.0599
-7.0819
-8.5303
3.3730
2.3470
-6.6276
-5.3306
-0.3242
11.0111
-6.7181
-4.8181
-6.4776
10.4610
2.6144
-6.1362
-6.4101
-8.4555
-4.1153
-6.0971
-0.4357
3.4229
-0.9503
-1.6726
-4.6159
3.2475
-2.9171
-2.0701
1.3154
-2.1708
4.4384
-1.1702
0.7335
-0.1890
-1.3713
-2.4895
-1.6534
-2.5655
0.2650
-0.5592
-0.8787
3.4699
-1.4921
-0.1765
-0.1278
-0.8548
-1.5918
-0.5737
-0.0364
-1.4899
-0.7329
-1.6531
-1.0931
2.4555
-1.2025
0.7411
0.2910
-1.1244
1.6231
1.3454
2.0957
1.0995
-0.4134
-0.1508
0.1559
0.2547
-0.1567
0.2057
-0.1595
0.0617
-0.0071
-0.0841
0.0940
-0.0241
-0.1394
0.0685
-0.1906
1.1700
-1.5826
-1.0491
0.6842
0.6017
-3.6180
0.0467
0.5978
1.9168
-0.5218
0.3444
-2.8125
-0.2408
2.7995
-0.7754
0.2454
-2.8835
-0.2603
-0.0411
-0.0183
2.2020
1.2320
-0.2609
-0.3376
-2.7844
-0.1861
-1.1424
-0.8427
2.2593
-1.2483
-0.1235
-10.5805
-10.6849
-2.1847
-3.4446
-2.9157
-8.2213
-2.6223
-4.1971
-0.2123
-6.3104
-4.7583
-3.4656
-5.6630
-2.1357
-4.2779
-8.2170
-6.3874
4.4705
-1.9350
-2.9956
-4.9811
-3.8757
-3.2965
-4.5016
-4.7828
4.8959
-1.5091
-1.9994
-1.6185
4.6952
-2.6385
-1.2239
-6.3590
-3.2531
-2.1640
-0.1523
-0.8531
2.2431
-1.0090
-0.6709
-3.2089
2.0065
-1.3103
-2.8659
-3.0545
-2.6714
-2.9108
-0.1646
-4.4687
-0.7726
-2.7550
-2.3382
-1.0764
1.4057
-0.1068
-0.8217
-0.8720
-4.2672
-2.2386
-0.9195
-1.8031
-0.9063
-1.7729
-2.2344
2.1249
-0.1789
-3.0894
-0.1176
-2.1224
1.1875
-1.4361
-1.2718
-0.2023
-0.4287
2.3452
1.8986
0.8344
1.3119
-0.5848
-0.5676
-0.1362
-1.0521
-0.1291
-0.2648
-0.2179
0.0436
0.1861
-0.1840
-0.4153
-0.1347
0.2077
0.3385
-0.1009
-0.2480
-0.3315
1.0199
-1.5109
0.8898
0.8182
-0.3139
-0.7135
-0.3149
-0.4241
1.1412
-1.5961
0.9018
-1.2980
-0.2172
0.3536
0.9889
-4.4155
0.6541
0.0376
-0.8765
0.8501
-1.6922
1.1261
0.1608
1.0262
0.1047
2.4174
-2.7604
-0.9373
-0.2855
-9.5188
-3.5369
-1.0598
-4.0339
-5.7321
-6.1336
-0.4618
-4.9250
-4.4163
0.2413
-2.5048
6.0872
-3.9597
-9.6499
-2.4346
-3.2650
-1.1776
-6.8932
-6.3971
-6.9576
-3.9453
-6.2623
-1.0860
-2.0351
-2.8778
1.5976
5.7477
-2.3313
-5.0683
1.3435
-6.6445
-3.8996
-2.6705
4.1158
-0.6609
-2.2779
-0.3145
0.6171
0.8941
-0.4504
-1.6409
0.5101
2.6142
-0.3909
-0.0002
-2.2551
-0.6361
2.5237
-1.2302
1.1240
2.2963
0.5738
1.7702
2.0469
2.0023
-0.3190
0.4289
0.9097
-3.4503
0.8476
-0.0124
-0.9305
-1.5612
2.9619
0.6167
-0.3277
-1.4595
-0.2742
1.9040
0.8808
-0.5035
0.0818
2.9510
1.5062
0.9372
0.9553
0.2313
0.8072
0.1311
0.1448
0.1649
-0.1198
-0.0802
0.2278
-0.1889
-0.1026
0.1464
-0.0673
0.1753
0.0322
0.0902
0.1248
0.0300
-1.5992
-0.6019
1.3000
1.7704
0.8801
1.4679
0.8114
-0.8959
0.1703
0.9226
0.0201
-0.8019
2.0806
-2.0173
-4.3232
0.3874
1.8487
-0.7400
-0.0001
2.1733
-1.9434
-1.6632
0.1874
-2.2241
-3.1638
0.4919
0.5000
1.8540
-0.1429
-3.5562
-0.4021
-6.0079
0.2424
8.8442
-7.3007
6.2448
-4.0654
-2.5167
6.6305
-8.4758
-3.3449
-2.5509
-8.9986
-8.0543
5.1455
-3.9508
8.1055
-4.6380
-4.3440
-5.7104
8.1412
-1.7042
-4.5957
5.7959
9.7784
-1.6011
7.0690
4.7394
-9.1330
6.6679
6.8628
-5.1033
-2.0581
-0.9753
7.3591
-5.1911
-5.2631
-2.7008
2.4771
-3.2158
-5.0579
4.0583
2.4399
-5.3909
-2.8733
-3.2257
-5.1978
-3.3881
-6.0621
-0.9782
-2.2990
-0.1711
0.0201
-2.9171
-4.0001
-5.0074
-4.3224
-2.4747
0.8700
3.8620
-5.0255
-0.5753
-2.1347
4.2462
-3.5172
-3.8956
-0.3707
-0.0536
-1.5322
0.3453
2.2366
-3.1317
-2.8301
-3.4003
-0.9166
3.1677
3.4792
1.7404
3.2041
-2.0687
-0.1007
0.5416
-1.0777
0.9239
-0.2929
0.7583
0.0132
0.0009
-0.2796
-0.3730
0.3487
0.2202
0.3566
0.1989
0.8551
0.9071
-0.6175
0.7914
1.6069
-0.7704
-0.1551
-0.3625
2.3382
-4.5461
-2.4560
-0.8892
0.9298
-1.9071
-1.5324
3.6152
-4.3023
-0.9952
-0.8035
-0.5478
-0.9814
-1.3442
-0.2187
-1.6559
3.8905
0.1449
-0.3983
0.3057
0.3391
1.0703
-0.1980
-8.4668
-0.9573
-1.0314
-3.3709
1.6084
-6.0863
-7.8823
-1.8180
-4.4929
-3.3095
1.5171
-2.8402
-6.9433
-1.6944
-4.6714
-7.3152
-1.4785
-5.8082
-5.5619
-0.6094
-4.2560
-1.3065
-5.7450
-0.0766
-5.3761
-1.0269
-6.2621
-1.0538
-6.3598
-0.7962
-0.0162
-0.4910
1.4898
-1.3917
-4.5932
-4.1709
-2.2036
0.5347
-3.3399
-3.9431
-1.4965
0.3611
-2.3503
0.1347
-1.1995
-1.5433
-2.6135
-2.0422
-3.4952
-1.2746
-0.7537
-1.9620
-2.1695
-1.8569
-1.6863
-2.3622
-1.5112
-1.6466
-3.0780
-2.2215
-2.7423
-2.2102
4.4815
-2.0650
-1.8675
-0.7670
-2.2543
-1.7269
-1.8237
0.1703
0.3865
-1.7877
-1.9510
-0.3315
-0.4797
-0.3085
0.3219
-0.0644
-0.4458
-0.2837
0.7188
-0.2487
0.1575
0.0976
-0.0116
-0.0136
-0.0601
-0.0273
0.0627
0.1139
0.0927
-0.1994
0.1830
-4.1667
0.5661
-1.1960
-1.7278
1.9844
-1.0288
0.4724
-2.4704
-1.2885
-0.2287
0.2729
0.5093
-0.0893
-2.9241
-1.8950
-0.1266
1.0667
-1.4545
-0.5502
0.1981
1.8593
-0.2317
0.3281
1.7208
-1.3772
1.1310
0.3958
0.7828
-0.1162
-0.1787
0.0384
-8.0026
-2.8887
-9.9108
-1.5370
-5.4237
0.2305
-9.0939
-3.5506
2.3256
-4.3740
-3.3627
-4.0361
-3.2785
-5.3545
-7.2552
-3.2677
-5.9505
1.7044
-6.2018
-4.2587
3.7708
0.9453
-2.8913
-3.0403
-3.3862
-0.8540
-2.8279
-3.1701
-3.6775
-0.6007
-2.0309
1.4910
-0.8379
-6.4074
1.5842
-0.5252
-3.1295
-2.4205
-3.8507
-2.5120
-4.0096
-2.1439
1.6256
-2.2742
-2.9885
0.6673
2.3273
-2.3590
-2.3187
2.9130
-3.5647
-4.3139
-3.8716
0.0038
-0.3237
-2.4316
-2.0775
2.4236
-1.8984
-4.3992
-2.8426
-3.5648
-3.8024
-2.6362
-0.0476
-3.0778
-5.0888
-0.5926
-0.8150
-1.2884
-2.5290
-1.3879
-0.0395
1.5523
-0.6289
-0.4743
-1.3850
-0.2340
-0.0740
0.5546
-0.2130
-0.0206
-0.0078
-0.0321
-0.0716
-0.0627
0.0887
-0.0326
-0.2078
-0.1247
0.0339
-0.1608
0.1669
0.5439
1.3532
-0.6208
-0.5334
0.6111
-1.0163
0.0353
0.1241
2.3623
2.4247
-1.9193
-2.6233
-4.5180
0.7299
-0.9328
-2.1776
-3.1432
-2.3719
0.1806
0.6902
0.5031
0.9663
1.0105
-0.4899
-1.7253
-0.3166
-1.5241
-2.6897
3.4922
3.0798
-0.4253
-5.2330
-1.7238
-0.8842
-4.8886
-3.1291
-6.1452
-3.7851
-2.1677
8.3818
-4.5347
-3.5498
-2.7211
-0.6471
-1.2497
-3.1557
-8.6277
-2.2046
-7.5833
-1.4021
-1.5532
-3.6963
-1.6996
-1.7491
-4.8629
-4.6662
-0.3321
-1.0677
1.4350
0.0786
-0.3501
0.7042
0.6095
10.4667
-2.5398
-5.3347
-1.0294
-6.1593
-0.3779
-6.0378
-0.0158
-4.2011
-0.3964
-4.3902
-4.7682
-4.6393
-4.4779
-2.4957
-2.9243
-1.6379
1.9884
-3.1278
-3.4980
-2.2337
-1.3003
-4.4482
-3.5750
-1.0302
-1.2230
-2.3899
-3.3757
-3.4615
-3.4948
-2.0936
-2.5212
-4.4659
-2.4690
-2.5519
-1.2427
-0.6151
-0.1119
-3.1039
-0.2851
-1.1524
-2.2312
-0.4180
-0.2921
-0.1766
0.2504
-1.3042
-0.2777
-1.2839
-0.0305
-0.8345
-0.4061
0.1516
-0.1727
-0.2347
-0.5210
-0.2052
0.0048
-0.0994
-0.1131
-0.2685
0.4125
-0.8569
-1.4227
-0.2340
-3.4164
-4.5988
0.8357
0.0395
1.6823
1.5599
0.8063
-0.1511
-1.1794
0.7201
0.4336
-0.4072
-0.6527
0.8503
0.3088
0.0745
-0.3864
-1.3775
0.7033
-0.7240
-0.2286
0.5532
-0.1652
-2.1181
1.1712
1.2573
0.0024
-7.4270
-3.3741
-3.8657
-7.7307
-9.9036
-7.8446
-6.0365
-3.5392
-0.7889
-2.8427
8.7987
-0.3952
-6.6506
-2.3285
-4.9948
-7.4990
-2.7869
0.9596
6.3450
-2.3437
-5.9060
-5.9301
-7.6449
-2.6397
-2.0671
5.0366
-1.4409
-7.2078
-1.4376
4.4174
-1.4727
-4.3718
-6.5702
-2.2858
-3.9008
-1.7514
-1.2430
1.9502
-1.9817
0.8812
-4.7478
1.8315
-3.0002
3.9088
0.6930
-1.5304
-1.3009
-3.8629
2.7714
-2.5235
-3.3925
-4.0992
-1.7845
2.8195
3.0892
-1.0394
0.9997
3.3512
2.2078
-1.6191
-0.3051
-3.3733
-2.9352
0.4567
1.3337
-0.6805
-2.4174
-3.1309
1.7497
1.5554
0.7603
-0.7233
-0.5321
-0.9064
1.2269
1.5318
1.1743
1.0486
0.7966
0.6811
-0.0284
0.9347
-0.4152
0.2642
-0.0332
0.2147
0.2791
0.0253
0.3316
-0.2960
0.0859
0.1648
0.0692
1.6051
-0.1976
0.7324
-2.1618
-0.8019
-4.0792
-1.3302
1.0306
-2.1860
0.4191
1.2602
-0.9970
-1.1782
0.5452
2.2071
-0.9322
0.7509
-0.3627
1.1191
-0.3480
1.1053
-3.3006
-0.6830
2.1975
2.1617
0.0070
0.3779
-0.3590
-2.6382
-0.8634
-0.0298
-14.3878
-1.4897
-4.3219
-8.1874
-5.6648
-1.9182
-6.9415
-3.4084
-9.2254
-4.4917
-8.2218
-7.0207
-7.1814
-1.6994
-2.4744
0.3448
-0.8008
-8.9975
-7.0611
-6.9119
-2.5127
0.7164
-0.9767
-2.4792
-2.2182
3.7110
-7.6622
-1.0151
4.0835
3.4265
-1.7221
-4.2932
-4.7225
-0.1809
-0.1853
3.3860
0.3083
2.2593
-0.0923
-1.2150
-4.0988
2.5661
0.1993
-0.1678
-0.6231
-0.8199
-0.5489
0.2068
3.3173
2.7160
-0.0271
0.5861
-1.0238
4.6036
6.4731
0.3038
2.1867
1.2488
0.1518
0.3623
0.6421
-1.2923
-2.8657
0.6048
-1.5499
0.8837
-2.5283
0.5438
3.5109
1.4848
-0.1776
0.9125
1.2030
0.4316
2.4074
1.8114
0.5569
1.4882
-0.0979
0.0101
0.1233
0.0846
-0.3428
0.0050
-0.0583
0.0509
0.0987
-0.0570
0.2032
-0.0104
0.0071
0.0728
0.0113
1.0313
-0.5320
-0.4422
-3.2646
0.5042
0.2723
-0.0668
-0.0253
1.1237
2.8813
1.0849
-0.4196
1.4992
-1.1288
1.8688
0.4233
3.7662
-0.9009
-0.2254
-2.3582
-0.0259
1.0722
-1.9084
-0.1189
-9.3790
-0.0852
-0.6967
1.2568
-8.4175
-1.7618
-0.0122
-6.1170
8.0864
-5.0836
-2.8870
0.4823
-8.1032
-8.7878
-6.3588
-9.1870
-4.8136
-0.5978
-1.2026
-7.2735
-7.1209
-1.7212
-5.4313
-5.8263
-2.1776
0.1050
-0.0379
-6.4350
-5.7854
-6.5247
-3.4691
-0.8116
-2.3527
0.0528
-6.9374
-0.0823
-2.0409
-7.2466
-7.0423
-5.7827
-0.4897
-1.0716
-2.0925
-4.9724
-0.8302
-5.4838
-4.8770
0.0429
-1.0298
-4.8586
-3.3296
-3.8158
-4.5415
-5.2585
-3.7204
1.8728
-3.8781
-3.8675
-1.2509
-3.1154
-4.1185
-3.6353
-0.3593
-4.9917
-4.1165
-2.6611
-3.1680
-3.1685
-2.6959
-1.5232
-3.1919
-2.7218
-4.6869
-2.6263
-1.7409
-4.0266
-1.2358
-1.9357
-3.3331
-2.3339
-0.3594
-1.2197
-1.3981
-0.6369
-1.4571
-0.8116
-0.9020
-0.1024
0.9134
0.0413
-0.0932
0.0128
-0.4153
-0.3494
-0.0466
0.0849
0.0276
0.0148
-0.1671
0.2055
1.5955
-3.0880
0.9554
-0.2852
-2.5795
-0.7132
-0.2603
-1.2809
-0.1314
-4.9324
-1.9476
0.1214
-0.1859
0.6608
-0.1256
-3.7593
0.6598
0.7244
-2.3540
0.8043
-0.5619
-1.8200
-0.7942
0.5602
2.9378
-0.0219
1.2492
-1.4807
1.9022
0.4192
0.0338
-8.0169
-8.6564
-2.6973
-6.2837
-2.6940
-6.8492
-2.5009
-9.1284
-10.3754
-7.2702
-5.7424
-1.9630
-0.0972
-5.5396
-5.6077
-1.8523
-6.0348
14.6007
-2.1369
-1.8751
-5.6891
2.9546
-6.0871
-4.3848
-5.1900
0.6208
-6.1598
-2.7647
-2.2002
0.2388
5.1135
-1.5906
2.4616
-6.2396
-1.3088
0.4511
-0.5379
-0.3741
-3.3242
0.4959
-3.4250
-0.2611
0.3282
-2.2875
0.5496
0.0846
-1.0718
-1.6028
-2.4853
0.1105
-3.4047
-0.6744
-0.0460
-4.2343
-1.5925
0.8271
0.0225
-2.3577
-0.6315
2.1041
-0.1819
-1.7748
0.0372
-1.0636
1.4730
-0.8417
-0.0776
0.1623
-0.9131
-0.0386
-0.2946
0.0864
0.1624
0.6799
0.3146
0.0134
-0.0113
0.0791
0.2797
0.0828
0.1198
-0.1759
-0.0783
-0.0740
-0.1790
0.0616
-0.1146
-0.0151
-0.1215
-0.2043
0.1575
0.0991
-0.0857
0.1742
-1.2237
-0.2003
-1.5137
1.1557
-4.2202
0.1504
0.7685
-1.7872
-1.4266
0.6576
-1.4133
-2.7356
1.2431
1.4754
-1.6423
-0.2132
0.3960
1.7899
3.0748
1.3599
0.5324
-1.5374
-1.6078
0.2133
-1.2796
1.1017
-3.0577
1.2247
-1.9829
0.1285
-10.6518
-1.9742
-4.2382
3.4673
-8.9294
-3.4087
-1.8275
-0.2416
-3.0650
2.6492
-2.2718
2.2268
-1.0917
-6.9965
-5.0255
-10.6433
1.3035
1.2137
-4.5972
-7.2776
-5.0915
3.0668
-8.1673
-6.6350
2.5364
-1.5565
-8.9295
9.5086
-7.3029
-1.2859
-1.7972
0.4615
-0.3218
-2.5366
-1.2349
-3.2164
-3.9082
-0.7600
-4.4828
-3.2739
-2.2283
-0.7988
-3.0396
-3.3905
6.4671
-3.2547
-3.2451
-2.6401
4.4598
-0.4112
-2.5203
-3.3004
-2.6307
-2.6661
-2.3459
-0.1537
-0.5538
4.1417
-0.2356
4.4390
-0.8494
-2.1994
-2.0420
-2.5644
-0.8160
-0.0059
-2.0954
-0.8301
1.9126
-0.4981
-1.4552
-1.9523
-1.1577
2.2593
-0.2782
-0.6451
-0.5596
-0.8336
0.1296
-0.0767
-0.4050
0.1773
-0.8933
0.0027
-0.2744
0.1704
-0.0850
0.1730
-0.0148
-0.0315
-0.2332
-0.0682
-0.0169
-1.1323
-1.4314
1.7318
1.3439
2.5530
-0.1399
-1.4860
2.0620
0.3956
-0.6448
1.1338
-7.1270
0.0202
-0.5770
-1.4423
3.5285
-2.5215
-3.2724
0.1250
-0.3632
0.6950
1.4414
-2.0267
-0.7584
0.9791
-0.4870
0.8852
2.3556
0.6726
-4.3190
-0.1965
-8.1788
-2.0675
-3.9790
-6.5220
-5.3969
-0.1128
0.3387
-4.9868
-2.0774
-6.6077
-1.1915
-2.5192
0.9066
-3.1684
2.1341
-3.3386
-3.4576
-4.7381
1.7196
-9.0162
0.0085
1.8366
-6.5724
-8.4394
1.4540
-0.3688
-6.3636
-1.7692
-6.5307
-0.1622
-1.4475
-3.5628
-1.4946
-1.6038
8.4619
2.5738
-2.0160
-0.2324
-4.9230
-6.2965
-0.4249
-0.2282
-5.9164
-3.8238
-3.5820
-5.1847
-5.2664
-4.1448
-3.5600
-1.8516
-4.2705
-4.1299
-4.3373
-2.7314
-3.5356
-3.7196
-3.1780
-2.2281
-2.9253
-3.0019
-2.4567
-2.9502
-0.7110
-3.3157
-2.2709
-4.3291
-3.8161
-2.5930
-2.8245
-0.2950
-2.1155
-3.8522
-1.6811
-0.1913
-0.3702
-0.6781
-0.1813
-0.2770
-1.2378
-0.0770
0.6487
-0.0289
-0.4164
0.2079
0.2206
0.1826
0.1020
-0.1403
-0.1167
-0.0006
-0.1421
-0.0382
-0.0168
0.9738
-0.9052
-2.0536
0.0413
0.0678
0.0990
-1.1563
0.3840
-0.0164
1.7246
-1.6355
-0.4819
-0.6340
2.4942
-2.5455
0.8898
-1.2433
1.0465
0.3125
-0.0562
2.3468
0.0918
0.3908
1.2351
0.5342
-0.9515
-0.2177
-8.3822
1.2735
-3.4610
-0.6731
-10.3562
-3.7621
-6.6693
0.3426
-8.4765
1.4998
1.0419
-3.9687
-1.2492
2.9199
1.8278
-2.7055
0.6652
-4.1334
-0.2595
-6.3615
1.1740
-8.1227
2.3231
-7.6026
0.3651
-2.0929
-6.0574
-6.8783
0.2969
2.5919
-3.4576
1.9180
-2.4691
2.2978
3.8557
1.4629
-3.0087
-7.6139
-0.9170
1.8796
-3.6753
0.9833
-1.4339
-5.5726
-3.6914
0.9928
-4.4920
-1.5811
-2.1348
-3.5273
-0.9822
-1.0518
1.2199
-1.7176
-4.2907
-2.7764
-0.8437
-3.7752
-4.3367
-1.9634
-3.3234
-0.2076
-3.2959
-2.7677
-3.8717
-3.6790
-2.6458
-2.7891
-3.0456
-2.6591
-4.7380
-2.5247
-2.2351
0.9438
-2.8613
-1.5131
-0.6146
0.1963
0.7441
0.8210
0.9276
1.1270
-1.1077
0.2823
-1.6861
-0.1423
-0.8329
0.2578
-0.1698
0.3896
0.1138
-0.2966
0.0399
-0.0465
-0.0917
-0.1630
-0.2510
0.1300
1.3886
-0.4789
-0.7783
-0.7513
-0.2164
1.0015
-0.7542
-0.2653
-1.6269
0.7666
0.6115
0.6310
-1.4005
0.5601
0.9062
2.5056
-0.5009
-0.0383
-1.4756
-1.0716
1.2186
-0.1713
0.2965
0.8935
0.4905
-0.3138
0.3887
-1.7452
0.0612
0.1284
-6.3896
-12.5202
1.6264
0.4628
-4.1729
-7.8512
-2.3614
-1.0400
-10.0115
-0.3863
-5.7932
-2.4514
-3.0521
-3.5360
-5.9014
-7.9460
-7.2245
-1.1177
-8.0087
-5.4901
-1.8070
-3.0145
-6.1105
-7.5024
-2.5241
-1.2924
-6.9530
0.5247
-8.2107
-0.9505
0.8900
-3.5556
-5.2952
-7.9219
-2.2880
-3.0350
-5.6721
-0.7937
-4.4962
-4.3144
-3.9740
-0.7309
-0.2241
-4.4380
-2.8051
-4.3626
-2.6257
-2.6607
-3.9580
-0.9864
-1.2396
-3.0735
-1.3992
-3.5331
-2.6637
-2.3768
-4.0641
-1.8820
0.2809
-1.6346
-4.1115
-3.4869
-3.0469
-2.1822
-1.3910
-0.5807
-0.2779
-2.5846
-0.9379
-0.7015
-0.6209
0.2108
0.1988
-1.4148
-0.4633
-0.2070
-0.5429
-0.2794
-0.3183
0.1300
0.1034
-0.2636
0.2455
-0.0370
-0.0769
-0.2449
-0.0242
-0.2286
-0.0087
-0.0903
0.2624
-0.3712
-0.2158
0.1200
-0.2325
-0.2582
2.7638
0.4400
-0.5050
-0.5684
-1.0554
-1.7290
-5.9817
2.0213
-4.2612
-0.5281
0.5911
-0.3840
-1.0394
-2.2332
1.4032
-0.2403
2.2385
2.3774
-0.9793
0.9441
0.9831
2.8934
0.2222
-2.9431
0.1343
-3.9394
1.6255
0.0393
-3.8615
0.3399
-1.5167
-7.2573
-5.3054
0.0433
-1.5667
-7.2316
-1.0111
-2.2433
-0.6555
-0.8216
-4.5787
-5.7625
-5.2534
-1.7364
-6.2015
-3.5741
-5.1400
-4.6482
-6.1629
-4.8072
1.1049
-8.0702
-2.6562
0.6193
-4.4033
-6.8111
-0.0185
0.7721
-1.0262
-3.7980
-3.8009
-0.3384
2.5487
5.4319
1.4360
0.5084
-0.5207
1.2295
-2.6582
0.7765
1.0040
-0.7887
-0.1797
-0.4969
1.6260
1.5094
1.7221
0.1956
6.2057
2.8556
1.3964
0.1715
0.1543
3.1605
1.7799
-0.5629
-0.3657
1.9791
2.4266
3.7197
-0.1751
2.9706
-0.7222
2.7606
2.0412
2.5706
0.5458
0.4449
1.9461
1.3461
1.4860
-0.3716
0.0252
0.2376
0.0369
0.1961
0.7735
0.0546
-0.1982
0.4382
0.4961
0.1204
-0.0506
0.2515
-0.2500
-0.0577
0.0872
-0.1043
0.0383
0.2289
-0.0941
-2.5146
2.2769
-6.5542
-0.2795
4.2731
-1.4040
-1.6275
-1.9081
-0.4674
-2.9370
-2.9251
-7.1804
-2.7237
1.8014
-1.3516
0.8102
-5.0927
-5.5658
1.1310
2.0115
1.7689
0.4800
0.9131
2.8108
-0.4136
0.4895
-1.9152
-0.2410
-0.2772
-2.8140
0.0642
-4.6337
-6.9962
-0.3759
-4.1015
-3.4783
1.4319
-1.1037
-1.4679
-2.4947
-5.0485
-5.9690
0.6045
3.1105
-4.8577
3.3905
-0.4375
-0.8097
3.6285
-0.4667
-4.9159
-2.2644
-1.8075
-3.8883
-5.9981
0.4589
-0.8679
-2.1939
-3.8651
-2.9608
-0.5295
-0.3606
-4.2747
-3.3223
-2.5040
-2.6156
7.1656
2.5017
-1.9621
-1.9810
-3.2737
-1.3024
-1.9400
-0.3967
-1.4932
-2.2733
1.4918
-2.9176
0.2059
2.3670
0.6242
-2.0966
-1.1569
1.3150
-1.4523
-0.2741
1.3772
1.0397
1.1018
-2.0559
-0.7998
-1.5943
-0.1308
-0.6000
1.1360
0.7496
-1.7145
0.3585
-1.9838
0.7959
-2.0090
0.7998
-0.6354
-0.5972
0.3774
-0.4114
-0.4009
-1.7540
-0.5162
0.3863
0.3117
-0.3515
-0.0537
-0.1837
0.2460
0.0168
-0.4496
0.0590
0.0484
0.0187
-0.1617
-0.2662
-0.6977
0.1157
-1.2964
-11.1351
-2.0450
1.3643
0.1536
-2.4484
0.1898
0.2186
0.0495
0.1233
-2.5911
-4.4998
-7.4085
-0.6832
-2.5659
-2.4510
1.1129
-5.0082
-6.4776
-0.3231
2.3120
-0.3164
-4.1379
-2.0878
0.4318
-2.9356
0.7805
3.2443
0.9406
-0.4481
-0.1064
-10.9959
0.6092
-2.6255
-9.6178
-9.4321
-3.2833
2.4918
-2.2489
-8.7620
-7.8776
0.9809
-6.1503
1.2969
-6.7785
-3.2314
-6.7842
-0.3674
-2.3582
-0.6178
12.0511
-0.4685
-6.3427
-6.7186
-2.1645
4.3130
-2.2545
-1.3299
-2.6660
7.3225
-1.8969
-6.0048
2.6230
-2.7698
-6.5288
-5.7191
-1.1182
-3.4482
-0.4913
-2.2270
-4.5376
-6.1653
-0.6392
-2.2189
-1.7787
-2.3746
-3.0978
-1.8274
-2.0615
-1.7465
1.9505
-2.9997
-2.6775
-1.3106
-3.4590
-2.6157
-1.2441
-2.0148
-1.4154
-3.9554
-0.9482
-1.2497
-1.3516
6.2648
-0.8441
-0.9911
-1.3414
-2.2180
-1.1346
-0.2326
-0.1989
-0.6220
-0.9679
-0.1261
-0.1841
-1.1640
-0.6609
-0.4018
-0.4671
-0.6293
-0.1113
-0.0168
0.1170
-0.0407
-0.1138
0.0155
-0.1870
-0.1316
-0.1521
0.1293
-0.1726
-0.0440
0.0303
0.0894
-0.2014
-0.3841
0.6251
-3.8723
-0.6036
-1.5144
1.8141
-1.0631
5.3864
-0.9138
-3.2003
-3.9662
4.3151
1.6805
3.1357
0.8972
1.1459
-1.3022
0.5413
0.7638
-4.6058
0.0442
-2.2585
-1.2428
-8.0238
2.2708
0.3725
-0.0869
-3.2452
-3.0364
0.1190
-12.1775
-7.6827
-9.9700
-6.5064
-6.8978
-5.8625
-10.2309
1.0668
-8.4721
-7.9545
-3.0359
-10.1756
-10.4176
1.1313
-6.7329
-2.4849
-5.5050
2.3199
0.9800
-8.6504
-4.2298
0.6141
-1.7353
0.8467
-11.1428
-0.8705
-5.9193
-1.7087
-3.5776
-0.5791
-9.5827
0.7372
-1.9404
-7.6412
-2.4268
-2.0380
0.4931
-0.2942
-0.4334
-1.0911
-4.2475
-0.1118
-1.8571
0.6821
4.5455
0.2242
0.9115
-1.8907
-3.3561
-1.2090
1.4011
3.0853
-1.1723
4.9375
0.7767
-1.0922
0.3742
-2.2292
2.0121
-1.1235
1.0476
1.5683
-2.0673
3.7872
2.4954
2.1253
1.5143
-1.8926
-1.6556
-0.0300
-1.1591
3.4593
0.4232
-0.5190
-1.2452
-0.6533
-0.5209
-0.3232
-0.2245
-1.0361
-0.0065
-0.2674
0.1140
-0.2505
0.2081
0.0380
-0.2528
-0.0673
-0.0783
-0.2399
-0.0028
-0.1220
-0.1229
0.0445
2.0365
-0.7573
2.3534
0.0365
-1.1617
-2.3326
3.3949
-1.2026
-2.0007
-2.1556
-0.8213
1.1712
-0.3214
1.2894
5.7665
-0.8426
-0.1127
-0.8773
-0.0709
0.5847
-2.0629
-4.3661
-2.2587
2.8735
0.9989
-2.8332
-2.6564
3.5322
-3.2940
-0.1821
-10.0481
-3.5358
-3.3738
0.5673
-3.1786
-4.1399
-5.7720
-5.3644
-4.8254
-5.4758
-8.1294
-2.3956
-4.4538
-9.3772
-6.8147
-8.6099
-6.0185
5.7026
-0.0124
-2.5782
-6.0373
-5.1300
-1.4989
-4.7714
-5.2900
1.6315
-7.6863
-4.9198
-8.3847
1.7902
-2.3659
-1.3014
-1.1543
-4.8971
-4.5251
-5.0385
1.0382
1.1206
0.5154
-1.6114
-1.7493
1.1191
-2.5572
1.3923
-1.1860
-1.0621
-1.0661
1.5301
5.0203
-1.1990
-1.6323
0.7270
0.5399
1.8383
1.2317
0.6467
-2.3157
-1.2779
-2.4639
0.0509
-0.9366
1.1510
-5.0165
0.6171
3.3396
1.9807
-1.2089
0.2927
-1.5070
-0.0526
-0.6830
0.4657
1.4791
-0.9524
0.8114
0.1773
0.2101
0.1531
0.1639
-0.1098
-0.2737
0.1086
-0.1407
0.1455
0.0654
0.0419
0.0415
-0.0741
0.2059
-0.0453
-0.0327
0.0973
-0.1493
0.6317
1.0290
1.8957
-0.1809
0.3670
-0.7301
-1.2150
-0.0874
-0.1778
1.6816
0.4744
-2.3583
0.6314
-2.2979
0.1431
-1.3583
-0.8046
-4.9858
0.2058
1.1104
-0.7012
2.3952
0.1025
0.9982
-2.9938
1.6760
-0.7609
0.9324
-1.4155
-2.2821
0.0512
-2.3382
0.4687
-5.1201
-2.0419
2.4748
-1.4943
0.3542
1.4527
-0.5279
-3.9272
-2.3576
-0.7108
-6.1186
1.1825
-6.7646
-1.9400
-5.2773
-4.8103
-3.0200
-3.1450
-5.0428
-6.1872
-1.5714
-3.5272
0.2725
4.4436
-0.3079
-4.9340
-0.6829
3.5131
-1.6068
-5.3644
-4.6124
1.1374
-0.1043
-0.9625
-4.3956
2.5638
-1.0009
-2.8337
-4.7526
2.3819
-1.5651
-1.0648
-3.4121
-1.4807
-3.8951
-2.4078
-1.3698
2.3687
-1.9193
-1.9036
-4.3954
-2.8588
-2.9719
-0.0057
-1.7619
0.0419
2.7170
-2.3743
-2.5120
-4.7067
0.3139
0.3342
-2.3714
-1.3402
-2.5717
-3.6743
-1.2653
1.6850
0.5515
-2.1556
-1.9964
-0.2937
0.3747
0.5150
1.6587
0.2197
-0.7453
-2.0014
-0.1954
0.4090
0.0837
-0.0491
0.0524
0.2523
-0.1260
0.1017
0.0537
-0.0613
-0.0197
0.2942
0.0324
-1.4293
0.1126
0.5503
-3.1705
0.5159
-0.6987
0.8560
-0.5930
-7.5051
-4.6142
-4.3021
-4.3305
0.3973
-0.7542
-0.6619
-8.1194
-2.0378
1.2615
-3.3244
-0.2602
-8.7925
-8.3592
2.0512
-3.0074
-6.7424
-5.9924
1.9422
-4.4923
4.0026
1.8370
-0.1506
9.4384
-3.5860
-6.5754
-6.2424
-2.5154
-3.1671
-3.9234
-8.5346
-5.8028
-4.8409
-8.9943
-1.2423
-3.7240
-3.3555
-4.2917
-0.9391
-8.7389
-2.0527
-0.9047
-2.8416
-3.0159
-1.3965
-2.8773
-2.6948
-6.0093
-3.2551
-6.7783
-6.7733
-5.3136
-3.0780
-4.2211
0.4084
-7.3195
-3.6036
0.9857
-1.8683
-2.3562
-0.6047
-3.4463
-1.3288
0.7502
-0.6736
-1.3153
2.0099
-1.9450
-0.6467
0.5757
1.2942
0.1433
0.1513
-2.7907
1.0335
-0.7562
-0.5762
-1.5479
-1.1174
-0.3188
2.9177
-2.6749
0.4842
0.3996
1.4627
3.2494
-1.0535
0.1197
-0.3658
-1.4389
-0.8684
1.8117
-0.7392
-0.4409
-0.8765
-1.0403
0.0827
-2.6950
-1.9506
-0.3676
-1.6567
-0.2082
0.2555
-0.1177
0.1314
0.3275
0.0685
-0.1583
0.0022
-0.2962
-0.1035
-0.0427
-0.0773
0.0457
-0.0022
0.2077
-1.1986
0.1421
0.2527
0.4946
0.1998
-0.5366
-0.9278
1.5135
-3.9060
2.6884
1.2029
-0.4840
-1.2948
2.1515
-1.0465
-0.4184
-1.4015
-1.3115
-0.3600
-1.6543
2.7385
-0.7159
-0.7589
1.4193
-0.9087
2.0161
0.3634
0.8123
-7.0846
-3.5572


Weights 1->2:
-0.6045
-0.7645
-1.2511
-0.8062
-0.6944
-1.2639
-0.4344
-2.3850
-1.0932
-0.6174
-1.0368
-1.8947
-0.5601
-1.2972
-1.2820
-1.0374
-1.3750
-1.1779
-0.5981
-0.8840
-1.5921
-2.4656
-0.5966
-0.4734
-0.5700
-0.9789
-0.5902
-0.7893
-0.6602
-4.0670
0.5340
1.7790
1.7834
-0.5097
-0.2948
1.3988
3.2101
-0.2230
5.2309
4.1016
1.5618
6.9008
0.9785
-1.6330
3.0254
2.4350
3.3214
-1.0874
-0.7915
-1.5815
0.3481
6.9632
-3.1359
0.3194
-3.6958
-0.0660
-2.3513
2.7653
6.1876
-0.3678
-1.8399
2.3469
4.8159
0.9515
1.4650
2.4307
-1.2878
3.2044
-1.5913
-2.8746
0.8275
1.0959
-1.2220
1.8406
3.3011
3.1919
-0.1834
0.1174
-1.1397
3.3905
5.1891
6.2187
2.1200
-1.2771
4.3356
1.1705
-2.8872
3.1653
-0.4987
1.9279
-0.4825
1.0992
4.8497
2.0913
1.8133
1.9512
-0.3104
2.7370
-0.9661
2.7702
-0.1326
-1.1995
2.6661
2.4325
2.3106
-1.5490
0.8566
0.9980
0.7244
3.4403
4.5694
6.6868
2.9726
-4.4553
1.5726
1.5662
1.3542
-1.3404
1.5137
0.1229
1.6195
-0.3594
2.8015
0.2034
-1.1428
0.5211
0.5129
2.1992
1.5659
2.9676
1.3520
4.5734
2.2699
0.3837
4.0383
-1.9801
0.3979
2.7532
-1.6576
-0.0869
3.4266
6.4461
1.9504
-2.8996
0.5130
2.8822
0.2468
1.7534
0.8555
3.2340
-0.2376
1.6933
3.1611
-1.0320
3.5729
2.5720
-1.4102
1.6011
-1.8535
-3.6263
2.1601
1.4396
0.1694
3.8000
2.6403
1.2716
-0.7482
1.4513
0.9261
4.1394
3.9043
5.7957
1.2636
-0.5717
2.4945
1.7224
-1.1763
0.2735
-2.1809
3.5304
3.6920
0.3785
1.0119
0.6413
-0.2469
5.0317
0.8870
2.0599
-0.2648
2.2877
0.5121
5.0744
2.1823
0.8144
6.8965
-0.7113
-0.3618
3.8822
-0.8608
-0.3552
0.9583
3.2902
-0.4140
-0.5679
-4.3702
0.3006
-0.3709
2.0296
-0.7160
2.9622
2.3511
-0.4338
-0.1332
1.7818
-3.9605
1.2063
3.7428
2.9386
0.5150
-1.0314
-0.0378
4.0858
1.7678
4.2147
2.7408
-0.4952
2.3368
4.8276
-0.4927
0.0375
1.8297
3.0150
2.5467
-3.0889
1.8125
2.3402
-1.3349
0.0697
-0.5250
2.8834
0.6981
1.2326
3.5633
-0.2436
-0.8780
2.6770
0.9017
3.1983
-1.0256
0.1077
1.8781
-0.8958
-0.0870
2.6214
3.5738
-1.9555
2.8757
1.4057
0.8211
2.4618
3.6803
6.3282
2.5279
-4.0410
1.1224
1.1713
0.6053
1.5256
0.4667
0.7841
3.9560
-2.4119
0.2475
1.6391
3.0367
3.2059
0.6829
3.7845
-0.2233
-2.6300
1.4831
5.5603
0.9262
-1.9476
4.8295
-3.8258
-0.2652
3.7121
0.8206
0.9564
2.4935
4.3514
-0.6844
-1.4683
-2.2538
0.8065
0.3958
2.1404
-1.1526
2.2011
-0.8597
0.6979
2.1792
-1.0415
3.2132
1.8669
-0.7321
2.0068
-1.1982
2.4123
-1.4421
5.2332
2.2745
0.3306
4.9971
1.4232
-0.4763
4.0785
-2.1830
0.5297
4.6481
4.3860
-1.5609
-0.3257
2.0758
1.5773
0.3155
0.1853
-0.4493
1.6289
0.5958
0.6459
4.4289
3.6314
0.3302
2.8405
2.1976
0.6565
-0.3863
6.2235
-2.2182
4.8386
-1.1440
1.5521
3.5933
-4.0769
-1.2329
3.6397
1.2103
-0.4965
1.2581
5.7328
0.8138
-2.1277
-0.9922
0.1466
-3.3663
-0.0337
-0.5470
4.0138
-0.5424
-0.9897
-0.4020
1.1856
1.5857
-0.3029
1.0747
2.9855
-0.5803
1.4063
0.2668
4.5217
3.6556
1.7716
0.5685
1.3274
0.4650
4.1364
-0.3662
-2.0429
5.8890
4.0135
0.1687
-1.3217
4.6254
2.2013
0.4022
-2.7200
-0.0221
1.4670
3.2946
-0.0186
-1.5335
1.3675
-0.4594
2.0944
0.1722
1.7963
1.6382
-4.2407
0.7772
5.1595
3.2196
1.6473
0.9558
-1.1482
-0.7270
3.0108
2.9093
0.6062
1.9513
3.6227
0.5487
-1.3988
-4.9785
0.1104
-0.8075
2.3768
2.5718
3.0631
1.9417
1.7841
4.1197
-0.9214
2.6302
2.6201
0.6428
-1.7282
-1.7275
0.9770
-2.8407
-1.9491
0.2136
0.9584
4.0267
-2.4525
1.8859
-0.7754
0.7335
2.0408
3.2214
5.3935
2.1669
-5.9659
3.3549
2.7006
1.0573
5.1796
-1.1331
-2.0788
2.1109
-0.0544
0.9686
0.4757
-0.3552
0.9199
1.4213
2.3996
1.2333
-3.5659
0.8052
5.3188
-0.3114
2.0910
5.3598
-1.4303
0.7717
1.8826
-0.3040
-0.4559
2.1549
3.3437
-0.8850
-0.2863
-2.2802
0.1847
-2.3397
-1.2274
0.9288
3.5246
-2.0633
1.7687
4.4342
0.1432
-0.5156
1.6926
-0.5352
2.7999
0.4598
-2.8396
0.4935
0.2623
0.8402
1.2115
2.9738
1.6902
1.5803
3.6607
-1.5759
3.0229
3.0212
5.8373
1.5613
0.7795
1.7131
1.9551
-0.8782
2.0614
1.4642
1.2865
2.7785
0.9275
1.6098
1.2689
0.3935
-2.0812
3.2005
3.4959
1.5004
5.2765
1.2541
5.0038
-0.5574
0.5425
4.1538
-0.3358
1.8298
2.0568
-2.0967
-0.7820
4.0944
2.7030
1.1363
-2.1872
-1.8113
1.6699
-0.9023
-1.5648
-0.6682
1.1041
2.0528
2.2079
2.4129
4.0674
-1.1099
4.2331
3.1734
1.7215
0.4791
5.9659
-1.4773
4.1230
0.3428
-0.6938
2.2836
-0.3412
0.6298
2.6815
-1.4646
-1.6025
0.1831
4.0878
2.4952
-1.3286
-0.4599
1.1262
-1.1764
-1.7608
0.2207
1.9166
-0.4055
3.1458
0.2696
1.2539
-1.4560
2.1537
3.5225
1.6063
3.3202
5.9606
1.5820
4.3080
-1.1637
2.0778
-2.3946
1.6575
-1.6665
1.8837
2.0406
-2.4137
0.2591
1.9182
-0.6872
-0.9777
-0.0040
0.0024
-1.1635
-1.3027
2.1085
2.2073
0.8281
1.1597
2.4081
-2.0364
3.8862
2.2295
-1.9158
-1.6964
-0.8424
-1.3549
2.1670
0.3581
-0.8569
2.2951
3.2313
2.0345
-1.2190
-0.1834
0.0886
3.7484
3.6593
4.9685
2.0841
-0.2549
2.6485
2.1806
-0.4624
1.3076
-2.3687
1.3319
2.6009
2.5366
0.7718
4.7120
4.1087
2.6939
0.9426
2.3074
-0.4467
2.4635
-1.0002
4.7571
0.8768
-3.9199
1.6706
-3.2488
-1.5975
1.5669
1.4770
2.1407
0.5638
3.5394
0.7164
-0.7835
-4.5075
0.9749
-3.7495
-1.8872
1.6768
2.8058
-0.6723
-0.1742
0.6350
-0.0223
0.0448
1.4832
-1.0845
2.1961
3.1793
0.2839
1.6381
5.3403
2.4488
2.7050
0.7483
1.1696
2.7294
2.2504
0.3540
-2.2807
2.7588
-3.7083
-0.5087
-0.6986
-3.6503
0.5384
-2.7661
-0.8945
-1.6945
3.4180
-1.6050
1.3478
5.1503
-1.8626
0.5100
2.1068
-1.9236
-1.5758
1.2752
2.4014
0.6799
-2.8607
0.8529
0.5569
1.6942
1.9829
-1.1431
1.2035
-2.4015
3.6633
3.9943
5.6817
-0.3877
-0.2050
2.2390
2.1876
-1.1720
1.8257
4.6524
-0.9045
-9.2208
4.2519
-2.7130
-1.4013
2.9500
2.0573
-4.3725
-2.7157
-1.1361
-1.8726
-1.3719
-2.6680
-6.0930
1.1647
0.9331
-3.0551
0.5357
0.6166
0.4730
2.6853
3.7048
5.5375
3.0723
-4.4538
5.1210
3.8103
-2.2163
3.9829
-0.1582
-0.4096
2.1157
0.3404
-0.1313
2.1711
-2.0066
0.9270
-1.8398
2.3270
2.7772
-2.8725
2.0050
4.1021
1.1487
0.2141
2.4596
-3.8867
1.3373
3.6055
0.9652
-3.5435
1.0508
3.8524
0.5497
-0.2332
-2.6768
0.7993
-0.6188
-0.2786
2.7528
1.7318
0.7617
1.2234
1.7236
-0.5925
-1.5586
1.4661
2.9258
0.5095
2.3570
3.5316
1.6245
4.9694
1.3421
-2.2869
2.4745
1.5391
3.7929
-0.3699
-1.5892
-0.7696
1.2463
4.8047
-2.6919
0.3712
-2.1169
-0.0686
-2.0274
2.5662
-2.1852
-0.1888
2.7965
1.0732
2.0878
-6.8874
1.3414
3.1721
-3.0314
-2.4350
-2.6442
-3.1766
2.3105
-3.7196
-4.1319
1.1649
0.2914
3.8849
0.1958
-5.3292
2.1452
3.4035
3.4980
4.5011
1.2843
-0.8181
4.7486
2.9703
-1.6777
4.0590
-1.2171
-2.0896
-0.1532
-1.2034
0.9315
0.6934
1.0088
-1.9968
-0.2296
1.8646
0.6375
0.6786
-3.3373
4.1046
3.7752
0.6188
-1.9202
1.0478
-0.7833
2.2138
-2.8877
-1.7700
4.8567
4.5964
-2.8989
-0.1311
5.8987
2.7589
-0.4223
-0.5035
-1.3870
0.8379
2.3526
1.1962
2.4095
-7.4477
2.2074
2.7723
-3.3551
-5.5022
-0.9328
-3.3690
2.1007
-3.5149
-5.1921
-0.2208
-3.3537
3.8663
-1.9650
-2.4227
1.3658
3.3633
3.4047
4.1580
0.9051
-0.0655
2.9128
3.2928
-2.4347
4.7707
4.1759
-1.2949
0.6244
0.7207
1.4848
-0.6218
-1.2634
1.2384
2.8279
0.8515
2.1969
3.1604
1.5998
4.4390
1.2901
-2.5075
2.1623
1.3501
3.8188
-0.8476
-1.5585
-0.7750
0.5792
4.3675
-3.0082
0.1048
-1.6477
-0.0929
-1.9617
2.6019
-2.4316
-0.1475
1.1936
3.1303
-0.0712
3.7862
-2.0849
1.2922
4.4781
-0.3231
3.7254
-4.0825
0.9872
5.1769
-0.5014
-0.3039
-7.4428
1.4045
-1.2261
-0.5965
-1.6618
-2.3027
-1.8274
3.3091
0.6807
0.0796
-1.3438
0.5748
-2.7252
3.0992
6.3285
3.1569
2.2452
0.0663
1.8682
3.1968
2.8860
2.9166
1.8830
2.2708
0.1940
0.1348
0.0930
5.1894
0.2473
-2.2452
-1.9314
-0.4745
-2.1146
3.1787
-1.5475
-1.7587
2.8309
2.7834
1.3406
-2.9633
0.0581
-0.2973
-1.2194
1.6716
-0.4485
1.4253
2.9035
0.3122
3.4193
2.3549
2.7846
1.2273
1.5757
0.7666
0.2404
-1.4322
-1.7414
4.1519
-0.0815
-3.4125
0.4206
-3.4363
0.5048
-0.1540
1.5628
0.0336
2.7067
4.5359
-0.5020
0.4670
-6.2203
1.6709
-1.5664
2.1308
3.1673
1.4330
0.0449
1.0635
4.0297
1.1810
1.8167
1.5123
-0.4445
-0.2905
0.7840
2.3362
0.0130
-3.7149
2.3252
-0.3597
1.8694
1.8708
0.7812
-1.0135
-1.2323
2.4916
3.1671
4.4566
1.3381
-2.0601
4.4793
2.5351
-1.3994
1.4673
-0.9899
-1.0818
0.7436
1.2159
2.2536
2.8429
-2.7265
3.5517
2.2507
1.3704
4.7153
-6.0255
1.2855
2.1660
1.9789
-3.8467
0.6739
-1.9392
0.3590
1.7102
-1.3168
-2.4748
-0.5317
0.7234
1.9930
-3.8618
1.9954
-2.4559
-0.3685
4.8968
2.1406
0.2415
-0.0060
-0.4655
1.6332
-1.4503
-1.7021
3.6372
0.9292
2.7701
0.3022
1.8364
0.2502
1.7051
-0.7910
0.6978
3.7306
-1.0650
1.3493
5.5097
-1.2538
0.4253
-1.9486
0.3329
2.9223
-4.1410
0.3057
1.3922
0.5973
-2.6491
0.0788
0.6215
-1.4782
-0.1706
-1.8689
-1.6144
0.2139
-1.0245
-1.8024
-1.5737
0.2035
-0.0863
0.7677
-2.7738
0.0205
1.1121
-0.9034
2.7840
2.0269
-0.2745
2.6817
-0.4856
-3.0132
-3.6615
-0.8795
4.1384
0.3167
-1.0548
1.6067
-2.6797
0.5741
3.4950
0.0690
-1.7008
-1.5279
-0.2153
-1.4567
-1.4519
-1.5679
2.9959
-0.1626
-1.2173
-1.4947
-2.2649
0.0243
0.6297
-1.9502
-2.0034
-1.8145
0.2965
-0.3939
-0.8376
-1.7684
-3.5636
0.4236
-1.4148
-1.0596
-0.2635
-1.2586
-1.5194
-1.2734
0.3837
0.3912
-1.2193
-4.5804
0.1514
1.5063
-1.5615
0.8744
-1.6714
-0.7557
-1.0872
3.3360
-2.4760
-1.6500
3.6164
-3.4900
-0.0699
1.3774
-1.3729
2.2648
-1.9895
-4.6741
-3.7589
0.0721
2.0725
0.3699
-1.9845
3.7144
-1.1938
-2.9651
3.4011
-1.6048
0.3199
-4.4069
1.8577
1.9076
-2.3976
-1.3067
-0.3163
-1.1949
-1.0278
1.1960
-2.5865
1.4814
1.5794
-1.0471
4.3381
0.9928
-2.0090
1.7187
-0.1267
-3.1750
-6.7328
-1.7529
3.3844
-0.2546
-1.4877
2.0576
-2.5464
0.5000
2.6571
1.6138
-0.6626
0.1746
0.7362
0.1420
0.2287
1.7125
2.9961
1.9698
-0.9887
-1.6056
0.4081
-0.2909
1.3223
-1.1011
-1.8525
1.0474
-0.7543
0.5740
-1.4822
0.2919
0.5287
0.2609
0.8968
-0.8592
-0.4410
-1.6575
-1.5989
-2.2301
0.2650
-0.1371
-1.0469
-1.7395
-0.2580
-1.2865
-0.8048
-0.7019
2.4479
-0.7601
-0.8504
-1.1939
-2.2752
-0.9369
-0.3654
-1.7109
-1.1505
-0.8527
-1.0017
-0.8284
-1.0134
-1.6594
-2.8060
-0.6913
-0.1051
-0.8246
-1.0847
-0.9868
-0.9027
-0.7729
0.4233
0.5021
-1.3512
-1.8077
0.6641
-1.6689
-1.7854
-1.4547
-1.6922
0.3670
0.5876
-1.4185
-1.7980
-0.9081
2.6124
-3.0840
1.3944
1.3950
-1.5929
0.5878
-0.1404
-3.3276
-1.2308
-0.6531
3.0605
-0.0285
-0.8274
1.7992
1.2465
1.0561
2.9418
-0.8356
-1.3911
-2.4290
-0.0408
0.1939
-0.8411
-0.8633
-0.3766
-0.1187
0.7853
1.1824
-2.4440
-0.3152
0.8829
-1.8644
1.6138
0.3287
-1.8965
0.0599
-0.5377
-1.4824
-3.6553
-0.0799
2.7125
0.3722
-1.4301
2.4440
-0.6930
-0.0489
2.4148
-0.5591
-0.9778
-2.2074
3.5790
0.4069
-1.1948
-0.6423
-1.6973
-0.8679
0.1889
-1.1592
-2.9088
-0.4612
1.6414
-1.4814
0.3440
-1.4944
-1.7515
-0.2748
-1.1016
-2.0070
-3.3610
-0.7825
1.3333
0.4923
-1.5285
2.8256
-1.0500
-0.8463
2.9852
-0.3265
-1.7560
-1.3930
0.3530
1.4488
-1.5548
-0.9536
-2.1683
-0.4101
1.1995
-0.1092
-3.0873
-1.0241
0.0233
-1.2196
0.3578
0.7776
-1.3711
-0.3308
-0.3264
-2.5378
-3.7846
-0.8790
2.5037
-0.2030
-0.9920
4.4094
-1.1811
0.5307
2.9973
0.7858
-1.3941
-2.0923
-0.7342
0.0252
-1.6265
-1.3450
-1.5983
-0.7366
-0.0283
-0.2613
-3.1977
-0.9201
1.7178
-2.3573
0.2922
-0.2031
-1.1071
0.5698
1.7895
-2.8341
-3.4081
1.4556
1.6088
0.0095
-1.4459
4.1643
-1.2741
0.4041
2.7246
-0.4627
0.9274
-2.1576
1.0094
-0.4065
-1.1576
-0.4933
-0.4703
-0.1141
-0.9525
-1.8266
-3.6389
-0.5832
-1.3440
-0.2453
1.6619
0.3089
-2.2352
1.4419
-0.2833
-2.5800
-3.6050
-0.8083
3.8930
2.4349
-1.7082
2.8264
-1.8405
0.1820
2.2270
1.8755
-0.7647
1.9140
-0.1141
-1.6810
-2.3137
0.0725
-0.7062
2.3920
2.1562
-0.6197
0.7728
4.2420
-1.6010
1.2450
-4.5098
-1.6289
2.3730
-2.7387
0.6743
1.7850
3.5843
3.3778
-2.9016
-3.7589
1.6622
0.7490
1.1610
-1.3742
-1.5436
2.2722
1.2637
3.5605
-1.2363
3.9188
-2.7336
1.4253
-0.2475
1.8445
-4.4099
0.7910
2.7489
-1.5976
-5.2532
2.9871
-1.6972
-4.6098
1.8590
0.4767
-4.1737
-0.5907
-3.7395
2.6128
-3.2549
2.4098
-4.9011
-1.3782
1.4741
-0.7281
-3.5279
-3.0258
-1.8342
-1.9769
-1.0568
0.7587
-1.9669
-1.4740
-1.0504
1.9162
0.3556
-0.0555
-2.8108
-0.6668
2.2778
-3.4344
3.0003
2.9109
-1.0834
-0.1066
-0.1323
-2.7214
-4.4876
-1.4257
1.6939
1.0328
-2.3205
2.5110
-2.2673
-3.3080
2.0958
-2.0537
-0.8729
-2.0670
1.7022
-0.1458
-1.5176
-0.7688
-1.5445
-2.2949
-0.4976
0.5965
-4.2903
-0.5105
0.1546
-1.7065
2.2784
-0.3797
-0.9560
3.7440
-0.2758
-2.2884
-2.5661
-0.5975
2.2314
-0.4257
-1.3177
2.4361
-1.5814
-0.3434
2.4112
-2.3988
-1.1835
-2.8601
-0.0193
1.6615
-1.3186
-1.0094
-1.5672
0.5996
-0.7430
0.4849
-3.0092
-0.5654
2.9712
-3.5535
0.2541
-0.3867
-2.2444
3.2444
-0.2065
-2.7632
-4.1464
0.8677
2.1391
-1.4602
0.4474
2.0963
-1.7928
-0.5063
2.3994
-2.6316
-1.4333
-3.4590
1.3073
-0.1614
-1.0434
-2.2651
0.6611
0.8603
-1.5533
-1.7041
-3.7138
-1.6481
-1.4479
-0.3453
1.3134
-2.2558
-2.2954
0.8461
2.4962
-2.6272
-4.5471
-1.7136
2.0128
-1.8036
-0.3927
4.4151
-2.3041
-0.0546
0.9267
0.8086
-1.6453
-3.5144
2.7581
0.8320
-1.0446
-0.9927
-0.3465
-1.4437
3.8204
1.8374
-3.9896
-1.7349
-2.1648
0.4781
2.3414
-0.8808
-2.1343
2.5406
-1.8513
-2.3754
-3.4544
-0.2827
4.7708
0.4980
-1.7772
0.8123
-3.3271
-1.2902
1.4953
0.0527
-1.2465
-0.1272
-0.3265
1.8852
-0.9871
-1.0232
-0.2276
-0.4262
-0.5409
-2.0601
-1.5538
-1.4044
0.0226
-0.0366
1.6884
-0.9140
-1.6732
1.3097
1.1002
-1.9424
-4.1113
-1.7791
3.6804
-1.1554
-1.4879
2.0974
-1.0753
0.5253
1.7579
-0.2944
-0.9846
-2.5138
-1.7246
-0.1255
-1.9931
-0.6153
0.0380
-2.4438
0.2426
3.1413
-2.8330
-0.7643
-1.2262
-2.4052
-0.2437
1.2612
-2.4615
-2.0167
0.5779
-2.5855
-2.9566
-1.4209
2.3829
0.5290
0.5380
4.3302
-1.7772
1.0199
1.1623
-1.0694
2.2680
2.6754
-2.7561
-3.5054
-2.1625
0.6556
-0.4175
0.9512
-2.1199
1.0334
0.8977
2.4723
-1.7718
4.4416
-2.2860
2.9757
1.9380
-0.7655
0.5679
1.3338
-2.9518
-2.3832
1.8518
-1.6003
-2.3767
-1.1597
2.6094
3.6046
-4.2905
-0.3108
1.2150
-1.2099
-1.6315
-2.6940
-1.3653
0.3957
0.5134
2.0749
2.4652
0.8908
1.9425
1.9494
-2.6429
0.2495
1.5978
3.4491
0.3764
-1.6258
0.7766
0.9371
0.3304
-0.1793
0.2125
-2.2434
1.5264
-2.1548
1.1181
-0.7473
-2.8735
-0.3930
-0.7601
-1.5105
-0.3358
-0.3283
-1.3502
-0.7816
0.2444
-0.4417
-0.1299
-0.0776
-2.4640
-0.6325
0.4472
-1.5946
1.1781
-0.5898
-1.4184
-0.0591
-0.2651
-1.8137
-2.8503
-0.6304
3.1895
0.5168
-1.3033
1.7387
-0.7477
0.2588
0.9306
0.2726
-1.0003
-1.4997
0.4021
-0.2027
-1.5501
-0.8152
-1.9402
-0.8004
-0.4641
-0.4157
-1.9109
-0.7708
0.1955
-0.7449
0.7212
-0.7295
-0.8327
0.9559
0.3036
-1.8338
-2.8414
-0.4395
3.3845
-0.3491
-1.3014
1.4489
-0.8130
0.2559
1.7323
-0.6536
-0.7906
-1.5003
-0.9790
2.1169
-1.6548
-0.8672
0.4257
-0.1284
-0.4613
-0.5970
-1.5768
-0.8659
-0.3221
-1.9749
0.6919
-0.4206
-1.2621
-0.0723
0.1997
-0.3166
-3.5115
-0.6396
1.5058
0.5122
-0.9065
2.2244
-0.9833
0.0778
0.5422
0.6544
-1.0721
0.0903
-2.5075
-1.9477
1.8101
0.8220
-0.3253
-0.1938
-1.1207
1.1852
0.8103
-0.2084
1.4578
0.3265
1.1543
1.1229
-1.2665
-1.3940
3.7305
0.2028
2.3988
0.1994
-1.7184
2.0638
-0.4449
-1.9063
-2.9545
0.5266
-3.5110
-1.4028
-0.8533
-1.4350
0.6991
1.1474
-1.5567
-0.4136
0.4986
-1.6659
-1.0370
-0.3956
-2.4781
-0.8701
2.2697
-2.2393
-0.0646
-1.0792
-1.1393
0.2703
-0.5397
-2.1668
-3.4961
0.9867
-0.2989
0.7277
-1.2454
2.7132
-1.1858
0.1871
0.6255
-0.1557
-0.7266
-1.2269
-0.4874
-0.5737
-1.0746
-0.3880
-1.0343
0.1090
-0.1341
0.0771
-1.4233
-0.4217
0.0107
-1.2699
0.6886
-0.3558
-0.7276
0.1881
-0.0583
-1.6738
-2.5886
-0.5082
1.5531
0.0969
-0.8320
1.4326
-0.4733
-0.0707
1.4127
-1.6626
-0.8495
0.5387
-0.8479
-0.7891
-1.3105
-0.2944
-1.6999
-1.1913
-0.7193
-0.2152
-2.4259
-0.2803
1.9158
-2.0048
0.4144
-0.8755
0.4062
1.7554
-0.4317
-1.5971
-3.5705
1.3741
1.4487
0.0316
-1.1025
3.5652
-1.2080
1.4451
1.0307
-0.5236
-0.6470
-1.3485
0.6782
-0.8569
-0.7104
-0.5618
0.2681
-0.6107
-0.3625
-0.5309
-2.6348
-0.2876
1.5131
-1.3383
-0.2157
-0.1347
-1.2751
1.4798
0.5367
-1.8009
-2.9358
-0.9361
2.5009
0.5043
-1.0582
1.4428
-0.7073
-0.7174
0.4261
-0.9159
-0.9370
-1.7749
0.9003
-0.3453
-1.3488
-1.0348
0.2594
1.3246
1.0699
1.1619
-3.1070
-0.7256
-0.3628
-1.9728
-0.2107
0.4585
-2.1296
1.8273
-0.8505
-1.6280
-2.6201
-0.2188
2.2160
0.2826
2.3005
0.9735
-1.0105
0.4510
0.1115
3.7122
1.5323
0.1936
-0.5847
-1.5330
-0.7422
-0.3380
-1.2012
1.2479
-1.9028
-1.4338
1.6043
3.1911
-0.6390
-0.5761
-2.1971
-2.2827
1.1497
1.2270
-1.8713
0.4999
-0.9904
0.1885
0.1102
-0.6899
0.6868
-0.4704
-0.1080
-1.0360
-3.4152
-0.4165
0.0197
-0.2522
-0.4164
-0.9041
-1.2487
0.3689
-1.9923
-0.5858
0.4253
-0.0426
0.1231
0.0941
-1.2239
-1.3573
-1.2334
0.5626
-1.0218
-0.4837
-0.2597
-1.2903
-1.6352
-0.5985
0.1077
-0.7579
-0.2032
-0.5846
-0.5188
-0.8478
0.6712
-0.4747
-0.5583
-1.2460
-0.4494
-0.3367
-1.3186
-0.6725
0.6515
-0.4124
-0.1338
-0.6447
-1.8302
-0.6921
-0.7535
-1.6546
0.3814
-1.2612
-0.8380
0.2479
-0.3499
-1.0114
-2.6050
-0.4780
0.7969
-0.3849
-1.0791
0.9762
-0.3347
-0.2778
-0.2274
-0.6922
-0.9887
-1.2523
-0.2689
0.0908
-1.5551
-0.5320
-1.5852
-0.6556
-0.1563
-0.6105
-2.0222
-0.3018
0.5527
-2.0308
2.1717
-1.0537
-0.8469
0.1299
-0.8666
-1.8494
-3.4963
1.0439
1.3012
1.1854
-1.5376
1.0745
-1.0063
3.1216
0.2664
-0.7427
-0.6385
-1.4269
-0.3972
-0.1315
-1.3672
-0.4512
-0.7770
1.0623
0.3496
0.3394
-2.2927
-0.5495
-0.8206
-1.5127
0.7316
-0.3433
-1.4199
0.5074
-0.5440
-1.4625
-2.5390
-0.4039
1.8558
-0.4768
0.2771
0.4638
-0.2077
-0.3724
0.0673
-0.7499
-0.5288
-0.0260
0.2388
-2.5834
-1.6702
1.8078
-0.3618
0.1671
-0.5593
-0.9277
-0.2591
-0.2657
1.7017
-1.8248
-1.0738
2.2140
0.6032
-0.7558
0.6106
2.3180
-1.3452
-0.3243
2.3692
3.3860
-1.3314
-2.7777
1.2318
-1.7624
-2.6486
-0.5160
1.9793
-0.2870
-0.3872
-1.1647
0.4957
2.9652
-0.4183
-1.4380
1.9627
-0.2666
0.0952
2.3270
-1.4694
-1.5535
-0.5407
1.2586
-1.0412
-0.9127
0.7947
-1.4111
-2.4104
-1.0202
-0.7676
-1.2143
2.2885
-1.2894
1.0433
-0.9361
-3.7461
-0.6976
-0.1860
0.2772
-1.1800
-0.8329
0.2805
1.3389
-0.8847
-0.6655
1.9732
0.9824
0.5038
1.3702
-1.6075
-0.7521
1.2500
2.6146
-1.0080
-0.7538
-0.3463
-1.3037
-0.7979
-1.5287
0.1648
-0.9284
0.2339
-0.7278
1.5169
-1.0386
-3.4157
-0.7278
-0.7811
-1.3366
-0.8315
-0.7196
-1.4142
-0.6753
1.6238
-1.1874
-0.4616
-0.8441
-1.9891
-0.5886
-1.2985
-1.4116
-1.1201
-1.3666
-0.8789
-0.6379
-0.7718
-1.6638
-2.4609
-0.6632
-0.6639
-0.5264
-0.9351
-0.8076
-0.8422
-0.8176
-1.9852
-0.4984
-0.6192
0.0217
-0.0430
-1.0365
-0.5291
1.8746
-1.6672
-0.8219
1.3407
0.1671
0.3763
0.5676
-1.5768
-0.2701
0.3807
2.3872
-1.0802
-0.2056
0.0149
-1.8588
-0.8968
-1.1650
-0.0099
-0.9580
0.6353
-0.3267
1.3813
-0.9292
-3.3788
-0.6470
-0.7107
-1.2593
-0.8819
-0.0681
-1.2689
-0.7373
0.6339
-0.9723
-0.4896
-0.8401
-1.8427
-0.7139
-0.6626
-1.3323
-0.2518
-1.1616
-1.0992
-0.5714
-0.6577
-1.5275
-2.6545
-0.6064
-0.3255
-0.5321
-0.8739
0.1564
-0.8354
-0.4333
-1.8374
-0.8208
-0.5786
-1.1429
-0.8463
-0.6310
-1.2483
-0.5544
0.5797
-1.2219
-0.4873
-0.8699
-1.9967
-0.7459
-1.3586
-1.3860
-1.0733
-1.3837
-1.1045
-0.4286
-0.6924
-1.6602
-2.5236
-0.6353
-0.4463
-0.4344
-0.9274
-0.6633
-0.7580
-0.8750
-2.4530
-0.7410
-0.3890
-0.8842
0.1440
-0.8415
-1.4836
-0.7204
-1.4168
-0.8018
-0.6768
-0.9150
-0.3644
-0.9293
-0.3748
-0.9230
0.0963
-1.2358
-0.9994
-0.8136
-0.6258
-1.5360
-2.3178
-0.7644
1.8222
0.1748
-0.9270
1.4713
-0.7383
0.0031
-3.9176
-0.6869
-0.7207
-0.6697
-0.7924
-0.8446
-0.7793
0.0693
-0.6190
-1.0760
-0.0103
-1.0334
-0.7693
-0.4924
-1.1621
-0.9834
-0.6617
-1.3039
-1.2244
-0.1717
-0.3916
-1.4164
-2.2077
0.0441
-0.4839
-0.5757
-0.9028
-0.1786
-0.4576
-0.7983
-3.2074
-0.1652
-0.4702
-1.0865
-0.5770
-0.1734
-0.7090
-0.4280
-1.6156
-1.0195
-0.5690
-0.3281
-1.9657
-0.3599
-0.1749
-1.2897
0.8320
-1.1245
-1.0938
-0.1764
0.4788
-1.5742
-1.8223
-0.4664
-0.0699
-0.2208
-0.7539
-0.2657
-0.5730
-0.0494
-3.9760
-0.7097
-0.7504
-1.1428
-0.7679
-0.7133
-1.1394
-0.5883
-1.9272
-0.9868
-0.5930
-0.8552
-1.2405
-0.8568
-1.2093
-1.1594
-0.7888
-1.2626
-1.1908
-0.6909
0.1154
-1.4857
-2.5797
-0.6433
-0.5751
-0.4874
-1.0300
0.2771
-0.8258
-0.7896
-3.9516
-0.5077
-0.4141
-1.3334
-0.5488
-0.8063
-1.2369
-0.3686
-2.1165
-1.0277
-0.4684
-0.9620
-1.8617
-0.7348
-1.1545
-0.8507
0.2177
-1.3325
-0.4584
-0.3844
-0.6280
-0.5350
-2.4739
-0.6081
-0.5812
-0.5344
-1.1012
-0.2467
-0.7822
-0.6862
-4.0653
-0.6705
-0.5714
-1.2833
-0.7225
-0.8758
-1.2896
-0.5862
-1.4952
-1.0592
-0.4984
-0.7992
-1.9226
-0.6447
-1.1781
-1.1920
-1.0563
-1.2047
-1.0845
-0.5087
-0.6017
-1.5315
-2.6420
-0.6920
-0.2341
-0.4139
-0.9572
-0.5989
-0.6854
-0.6592
-3.4669
-0.6764
-0.5084
-1.1832
-0.6609
-0.8018
-1.4602
-0.6457
-2.0025
-0.9634
-0.2593
-0.9344
-1.9013
-0.6017
-1.1413
-1.1387
-1.1149
-1.3432
-1.1526
-0.2829
-0.5927
-1.5376
-2.2615
-0.6779
-0.3956
-0.1889
-0.9574
-0.5151
-0.2484
-0.7346
-4.0871
-0.9215
-0.5971
-1.2509
-0.4694
-0.6868
-1.3111
-0.5405
-2.0317
-1.0641
-0.5675
-0.9176
-1.8464
-0.6944
-1.3405
-1.3726
-0.8458
-1.3316
-1.2193
-0.4383
-0.6312
-1.3730
-2.4957
-0.6171
-0.2764
-0.4785
-0.9424
-0.5603
-0.7365
-0.6507
-3.9219
-0.8246
-0.6402
-1.3448
-0.6553
-0.7113
-1.2336
-0.5898
-1.9806
-1.1191
-0.6140
-0.9589
-1.8724
-0.7660
-1.4202
-1.3747
-1.0686
-1.1480
-1.1097
-0.4102
-0.8254
-1.5216
-2.5068
-0.7497
-0.4829
-0.5629
-1.0263
-0.7009
-0.7025
-0.6017
-3.7266
-0.6200
-0.7815
-1.3056
-0.7182
-0.7567
-1.2235
-0.4863
-2.0135
-1.2527
-0.3393
-0.8903
-1.9313
-0.8139
-1.3342
-1.2766
-0.9116
-1.2685
-1.1101
-0.5245
-0.8877
-1.4649
-2.5685
-0.6632
-0.4174
-0.5763
-1.0121
-0.6096
-0.5542
-0.6947
-3.8731
-0.7779
-0.7380
-1.4123
-0.7980
-0.8053
-1.2731
-0.4346
-1.9000
-1.1570
-0.6983
-0.8446
-1.8925
-0.7310
-1.3856
-1.2686
-1.1250
-1.0425
-1.0830
-0.6179
-0.7251
-1.5289
-2.4954
-0.6750
-0.4235
-0.5263
-1.1147
-0.6834
-0.8285
-0.5370
-3.8954
-0.6149
-0.6382
-1.2971
-0.7016
-0.5150
-1.4273
-0.4652
-2.1363
-1.2320
-0.6723
-1.0113
-1.8751
-0.6034
-1.2213
-1.2450
-1.0165
-1.2367
-1.1544
-0.5679
-0.8035
-1.5366
-2.5095
-0.7300
-0.3684
-0.6333
-1.0147
-0.7556
-0.7918
-0.7474
-3.9767
-0.7600
-0.6101
-1.1365
-0.7196
-0.6628
-1.2256
-0.5382
-2.2895
-1.2320
-0.4192
-1.0096
-1.9111
-0.7534
-1.3132
-1.2339
-0.9852
-1.2157
-1.1159
-0.6405
-0.8553
-1.5297
-2.5429
-0.5696
-0.5447
-0.5439
-1.0456
-0.9163
-0.7052
-0.7293
-3.8364
-0.0357
-0.0246
-0.0318
-0.0207
-0.0614
-0.1541
-0.0612
-0.0322
0.0916
0.0454
0.0532
-0.0838
0.0546
-0.0865
-0.0698
-0.0949
0.1191
-0.0707
0.2360
0.0672
0.0031
-0.1044
-0.0172
0.0856
0.0315
-0.0875
-0.0443
-0.1479
0.1523
0.1228

Direct connections:
