version: 10
file format: 0

training data file: /tmp/train-lm-from-UD-corpus.sh.bxxNxPMJX.train
validation data file: /tmp/train-lm-from-UD-corpus.sh.bxxNxPMJX.valid

last probability of validation data: -70468.919119
number of finished iterations: 10
current position in training data: 0
current probability of training data: -70335.139194
save after processing # words: 0
# of training words: 313382
input layer size: 117
hidden layer size: 30
compression layer size: 0
output layer size: 88
direct connections: 0
direct order: 3
bptt: 0
bptt block: 10
vocabulary size: 87
class size: 1
old classes: 0
independent sentences mode: 0
starting learning rate: 0.100000
current learning rate: 0.001563
learning rate decrease: 1


Vocabulary:
     0	         0	</s>	0
     1	     47934	32	0
     2	     24732	101	0
     3	     23254	97	0
     4	     22884	114	0
     5	     21946	110	0
     6	     21103	116	0
     7	     15677	115	0
     8	     13945	108	0
     9	     13935	105	0
    10	     10456	100	0
    11	      9908	111	0
    12	      8690	109	0
    13	      8628	107	0
    14	      7933	103	0
    15	      5760	118	0
    16	      5586	228	0
    17	      5114	102	0
    18	      4402	117	0
    19	      4308	112	0
    20	      4210	229	0
    21	      4189	104	0
    22	      4104	246	0
    23	      3693	98	0
    24	      3397	46	0
    25	      2815	99	0
    26	      1578	106	0
    27	      1569	121	0
    28	      1519	44	0
    29	       813	48	0
    30	       777	68	0
    31	       649	45	0
    32	       523	83	0
    33	       496	49	0
    34	       431	69	0
    35	       340	77	0
    36	       334	120	0
    37	       317	70	0
    38	       292	86	0
    39	       263	73	0
    40	       251	50	0
    41	       250	53	0
    42	       250	72	0
    43	       229	66	0
    44	       225	57	0
    45	       214	58	0
    46	       207	39	0
    47	       205	41	0
    48	       188	40	0
    49	       182	54	0
    50	       182	65	0
    51	       182	80	0
    52	       169	55	0
    53	       168	75	0
    54	       166	78	0
    55	       159	79	0
    56	       159	63	0
    57	       155	51	0
    58	       137	85	0
    59	       129	84	0
    60	       129	71	0
    61	       115	67	0
    62	       110	52	0
    63	       107	82	0
    64	        99	56	0
    65	        93	76	0
    66	        72	74	0
    67	        61	42	0
    68	        49	196	0
    69	        48	47	0
    70	        33	37	0
    71	        32	214	0
    72	        26	33	0
    73	        17	197	0
    74	        15	87	0
    75	        13	113	0
    76	        11	122	0
    77	         9	61	0
    78	         8	43	0
    79	         6	59	0
    80	         6	89	0
    81	         4	119	0
    82	         3	233	0
    83	         2	167	0
    84	         1	90	0
    85	         1	88	0
    86	         1	224	0

Hidden layer activation:
1.0000
0.0000
0.0093
0.0000
0.0170
0.2683
0.0009
0.0001
0.0007
0.0000
0.0001
0.0046
0.0003
0.0020
0.0000
0.0005
0.0040
0.0002
0.0002
0.0078
0.0000
0.0025
0.0001
0.0007
0.0137
0.0029
0.0056
0.0002
0.0002
0.0001

Weights 0->1:
0.4805
11.6045
-1.8477
-4.1731
-1.4184
-2.0751
-1.0203
-4.6958
-3.1694
0.2314
-5.6627
1.3456
6.3736
-2.6195
-3.4395
2.2870
-2.6989
-0.2673
-1.0885
-1.4077
-3.8834
-7.2139
0.9580
-0.0276
-1.7877
-1.0295
1.7046
0.3761
0.0008
-2.2229
2.3489
0.8038
1.6093
-1.9916
-0.5620
1.2477
-0.6054
0.3023
2.1420
0.4557
-1.0424
-2.2575
0.0121
-0.6618
-1.9912
2.0557
-1.5863
-1.4264
3.0837
-1.1934
-0.3453
1.8081
-0.2979
2.0853
0.1879
1.8782
-0.8611
-0.6398
0.2317
1.2888
-0.2998
0.3761
-1.1108
2.6944
-1.2031
1.4391
0.5905
-0.1164
0.1853
1.7912
-0.3165
0.6248
-0.7431
0.1055
1.0897
0.4819
0.0915
-0.3504
-0.2587
-0.3068
-0.0080
0.1355
-0.1105
-0.0657
-0.2151
0.0101
-0.1384
-0.9975
1.4871
-1.6259
0.0918
-2.8126
-1.8675
3.6425
-2.4214
-0.5100
-0.7947
3.0829
-2.0299
0.7198
2.4397
1.7803
-0.2930
-0.2079
-2.3074
1.6819
1.0524
-0.9893
-6.5443
-2.8070
0.4865
-0.0906
0.0208
2.6137
0.2861
-0.5342
0.2340
0.0319
-4.2645
-1.4742
-2.2808
-3.3669
2.9339
-4.0254
1.8987
-2.6858
2.0538
1.2770
-3.1882
-1.7342
-1.2767
-2.5059
-1.7960
-0.8852
-2.0513
-0.5499
-2.7799
-2.4509
-1.4485
-3.2843
-2.6147
-0.6380
-0.9725
2.4085
-2.3504
-0.1049
-0.5507
-1.9469
1.0891
-1.1185
-1.3020
0.6839
-1.2254
-0.4665
-2.1948
-1.3619
0.5722
-0.5135
-0.3347
-0.4238
-1.8346
-0.3774
0.2278
-0.9480
-0.4580
-1.0789
-0.2880
-0.4103
-1.9154
0.0384
-0.3411
-0.3251
0.7977
0.3043
-0.1024
1.4547
-1.2600
-2.2192
0.3331
-0.1849
-1.2240
-0.3232
-0.9887
1.0789
0.5390
0.0919
0.2426
0.0550
-0.3443
0.1219
-1.2777
-0.1498
0.1391
0.0517
0.5952
0.2464
0.0464
-0.2115
-0.0161
0.0894
0.2604
0.0868
0.0078
0.1086
0.4175
0.3548
-1.4577
0.2957
0.3908
-5.4713
-8.3632
2.5683
0.4948
2.7023
0.5315
2.1266
1.1578
-4.3065
0.0634
-0.0008
0.9713
-6.6821
-6.8630
-7.1762
-0.7681
2.6618
0.4334
-9.0661
1.3809
3.6958
-0.1360
-2.1689
1.4990
-0.6019
-0.5560
-5.7102
-1.4488
-5.1123
4.5387
-0.1136
3.0857
3.8204
2.1922
-3.0306
-2.6268
-5.4391
1.9588
-0.1815
-0.3563
4.5685
-5.2029
-0.2058
-2.7755
2.0421
-4.1429
-1.7085
-2.8212
-0.1883
-1.0991
-2.6479
-1.0527
-5.6561
-1.6554
-1.8195
-0.7056
-1.9748
0.4310
-2.7264
-4.9293
0.9476
0.3653
-2.7830
0.7829
-0.4826
-2.1490
-1.3857
-0.8314
-1.4073
-2.4138
0.3770
-2.1001
-1.2243
-2.6554
-2.5958
-1.9811
-0.6951
-1.5191
-1.6478
-0.0240
-1.6484
2.2818
-1.8564
-2.3450
-1.8980
-0.7694
-2.8387
-1.9742
-0.1535
-2.0584
-0.3901
0.9695
1.8857
-1.3994
-1.3297
0.1224
-1.2238
0.2559
-1.1219
-0.6535
-0.9486
0.2834
0.8718
0.8517
0.7179
0.1205
0.4444
-0.0126
0.3626
0.2870
0.0351
0.0487
0.7063
-0.7102
0.4058
1.1764
-2.0922
-1.4358
1.9264
-1.9453
1.9871
0.8897
-1.8433
-0.5218
0.0577
-0.5009
0.2901
0.0749
0.5256
-0.8419
-2.1661
2.0032
-0.1391
1.2768
-0.7753
1.4835
-1.5890
1.6435
-0.4021
0.9611
1.0677
-0.8017
-0.1296
-3.0289
1.4971
1.5143
-0.8192
-2.6031
0.5545
-4.5123
0.8082
1.0632
2.5371
-0.2930
-1.3616
-0.4951
-2.4040
0.5462
0.0247
2.3863
-0.7061
-1.9817
-1.1473
-1.7722
-0.2457
-1.6047
-0.0821
-2.2611
2.7578
-0.6520
1.0582
-0.1185
-1.3696
5.1753
-1.4339
1.2302
0.4616
-1.4159
-1.4416
-0.0403
-0.5965
0.3463
-0.2225
0.3241
-0.5982
-0.4220
0.6240
0.3151
-0.8617
-0.2692
-0.7462
0.6175
0.3332
-1.6222
0.1807
-0.7191
1.0468
-0.2699
0.3905
-0.0531
0.0869
-0.3497
-0.0035
-0.5233
0.2357
-0.9669
0.0966
0.5753
-0.7951
1.0744
0.1049
0.5254
0.5067
-0.4591
-0.1540
-0.2590
-0.3421
0.1909
-0.1028
0.2683
0.5526
-0.1797
-0.1445
-0.2558
0.1019
0.1305
0.1731
0.0106
-0.0315
-1.0239
-3.7056
-3.8249
-3.1889
0.0359
-1.4012
-3.1304
2.2601
1.9815
0.1027
-2.0283
2.1440
-3.8486
-2.3947
0.5799
-0.9357
0.2672
-1.9357
1.7865
-1.7914
-2.7389
-1.5005
1.6485
-7.4010
-3.2743
1.0795
-5.2086
-5.6283
-1.1090
-0.9217
-0.1793
-2.4524
-1.9276
-0.1658
3.3401
-4.5509
-4.5988
6.9459
2.2268
-1.9336
-3.9080
-5.1686
-1.6484
-3.5220
0.2552
-2.5072
1.3506
1.1461
0.3231
-2.4686
1.6918
1.0828
1.7647
-2.3335
-0.8307
2.6514
-1.5702
-3.9099
-2.1789
-0.2114
-1.5758
2.0752
3.4098
-2.6136
-0.0063
0.4058
0.8167
0.5127
-0.7990
-1.3429
-1.4974
-1.2437
-0.4396
-0.6279
-2.2416
-1.5514
-1.4756
-0.8237
-1.0025
-1.4804
-1.5139
0.2013
-1.1700
-0.6867
0.0550
-0.3798
-0.3483
-1.5534
0.4524
-0.8171
0.7509
-0.4917
-1.2463
-0.6811
-1.4100
0.0155
-0.1666
-0.5308
0.0948
-1.1601
-0.3594
0.3249
-0.4319
0.0326
-0.0793
0.1551
-0.1653
-0.1784
-0.4205
-0.0160
0.5995
-0.1147
-0.0453
0.0172
0.1079
0.0477
-0.0540
-0.3373
1.3560
-1.6724
-1.1416
2.4603
-2.7317
-0.0189
-0.0730
-1.8521
0.1047
-0.1361
-1.0417
-3.0972
0.1180
-0.7666
3.7013
-1.9901
0.1386
1.0402
-2.6553
-2.1769
1.2612
0.0421
-2.5238
0.1636
2.4219
1.0481
-1.5827
0.0974
-1.5172
-0.7185
3.0835
2.2582
3.3096
-4.1391
-0.3312
-1.8442
-3.9118
-1.9887
-0.5878
-0.4474
3.3617
-2.7463
-0.5874
-2.0542
-1.5413
1.9542
-1.7633
2.6310
-4.1881
1.1557
-3.8551
0.8308
-0.4960
0.0234
-4.4192
0.9556
0.6047
-1.7649
-3.8133
-2.5099
-2.5620
-4.6569
-3.9875
-4.1948
-1.4934
-2.4058
-2.8096
-2.4790
-1.5162
-2.9692
-4.3259
-1.2247
-1.3032
-3.7423
-1.5707
-3.6773
-4.1163
-1.1784
-3.9155
-2.5346
-2.7921
-4.0853
-2.2760
-2.2324
-1.3732
-0.9786
-3.4019
-3.5505
-3.3177
-0.7488
-4.4110
-3.6566
-2.6985
-4.0033
-1.8402
0.1687
-0.1311
0.8635
-1.4375
-2.3010
-1.7568
-1.1989
0.1532
-2.2569
-0.3153
-0.8750
0.0741
-0.1588
-0.2241
0.6698
-0.1113
-0.0679
-0.0213
-0.1886
0.0042
0.0390
0.1665
0.5878
1.4509
-0.3066
0.7165
0.7902
1.3227
0.6915
0.0575
-0.6309
2.2566
-0.2240
-1.0657
-1.1551
0.5696
-3.2017
1.4568
-1.5878
3.4172
-0.4083
-0.3439
-0.2775
1.6472
-1.0791
0.4739
-1.3712
0.8408
-0.3476
-0.9414
-0.1637
-0.1694
-5.5827
-2.7902
-5.2595
-6.0273
-6.9079
0.4257
1.1177
-6.5021
0.5141
-1.1218
-0.7785
-3.1638
-0.2799
-3.6114
-2.5316
-3.8474
-1.0762
-0.8603
0.7354
-1.2560
-2.1065
0.8478
-3.3356
-1.4983
3.5167
-3.9697
2.7276
1.5144
-2.5649
2.2790
0.9718
-0.5930
-0.8922
-1.4050
-0.1429
1.6952
-0.9449
-1.1289
-0.7576
-0.0154
-1.3121
-0.0554
-0.7164
0.5215
1.7908
-1.0421
-0.2766
-0.7577
0.7611
0.1238
-1.1250
-1.6917
-0.0640
-0.3493
-1.4386
-0.2203
-0.9867
-0.6160
0.1084
0.7581
-1.1310
-0.6571
0.0373
-0.8410
0.1302
-0.5955
0.0522
-0.2154
0.3459
-0.1401
0.2114
-0.2932
-0.0909
-0.1511
-0.4012
0.2690
-0.0931
-0.0019
-0.1386
0.1469
0.1270
0.0161
0.1651
-0.1127
0.1586
0.0226
-1.7535
-0.0056
-3.6064
-1.3296
0.1663
-0.9244
-1.4849
0.4672
-0.0236
1.7410
0.6418
-0.9488
-0.7875
0.9270
1.3915
0.3274
-5.5681
0.5969
0.6509
0.9185
1.1166
-1.4180
2.3562
-0.7595
-0.7308
4.3742
-0.1963
-1.0223
0.4656
0.1575
0.0221
-5.8221
-1.1772
-5.7221
1.3555
3.5341
-3.4772
-1.8596
1.7025
-4.2837
-3.6075
-5.9930
1.2545
-1.6462
-0.1723
4.2921
-3.5882
-1.5928
-6.1330
-3.7841
-1.2739
1.3835
-4.2810
-2.7353
0.5494
3.3545
4.3219
-1.6456
1.1001
-1.5187
-1.9673
0.3738
-1.4854
-1.4141
-2.2166
0.5281
0.0425
-1.7863
2.7587
-0.4622
-0.3498
-0.8681
0.9921
-1.1600
1.5162
-0.1506
-1.3994
0.1475
-1.6116
-0.2747
-1.5395
0.6161
-0.7015
-0.8187
2.2627
-2.3998
0.1852
0.1218
-2.1722
-0.0672
-0.1112
-0.4232
-0.1585
-0.7487
-0.2035
1.1077
1.2487
0.7807
-1.4145
0.9351
0.1956
-1.3213
-0.0759
-0.9170
0.8880
-0.3271
-0.2267
0.2739
0.0868
-0.0346
-0.5767
0.2699
-0.5579
-0.0975
-0.3565
0.1193
0.0121
0.4614
-0.6832
1.4981
-2.7155
1.3354
-2.3474
0.8833
3.0792
-0.9924
-4.6007
3.0479
1.8557
-1.2655
0.6051
-1.8671
-0.0935
-0.1127
-0.1459
-1.9695
-3.5358
-0.7862
-0.3435
-0.9928
-2.8120
-0.8618
-2.8318
1.9106
-3.3626
-2.2090
-0.1453
-0.0516
-3.9271
-1.9075
-0.2853
0.1610
-2.4025
-3.0103
-3.1485
0.3365
-2.4711
-2.4956
-2.6408
-0.1643
-3.9240
-2.6583
-0.0119
-3.0616
-2.7009
-0.1760
-1.3997
-2.8124
6.9129
-2.4353
0.6866
0.2169
3.1165
6.1634
-1.8605
-0.0204
-1.5386
0.4981
-2.0784
0.1262
-0.8780
6.1981
-0.9114
-0.1005
-0.9931
-1.4501
-0.9236
-0.7161
0.1215
3.9702
-1.0532
1.7756
-0.8684
-0.8925
0.1296
-0.6268
-0.6891
-0.5824
-1.2236
-0.1662
-1.2983
2.0158
-0.5734
-0.3322
-0.3171
-0.7686
-1.3044
0.1326
0.7793
0.6189
0.7406
-0.1572
0.6865
-0.2773
-0.5671
-1.2691
-0.0327
-0.3434
-0.9616
-0.1995
-0.4881
0.2129
-0.5069
-0.0616
-0.4035
-0.2185
0.0005
0.1956
0.2115
-0.0295
-0.2654
-0.0882
-0.0303
-0.1054
-0.0864
1.9795
0.3735
-2.3572
0.7774
-3.2227
-1.3545
0.5999
-2.2150
0.6816
0.3525
0.0546
-0.7087
2.1178
-2.2471
-0.0618
2.6167
-0.6920
-2.7496
-0.7734
0.0932
1.1019
1.2720
-0.7749
-2.2111
-3.5158
-3.2342
-2.3865
-1.4249
-0.4060
0.3283
-3.5811
3.0447
-1.1846
-2.3090
0.2868
-3.5949
-3.6315
-5.4014
0.9557
-1.4963
2.0408
0.2921
-2.0641
-1.1549
0.5219
0.4521
-3.4699
1.4358
-2.7364
-5.6851
0.8843
6.8880
0.1220
-1.3770
2.5539
-1.7781
0.0132
-0.7396
-2.9629
-0.6451
1.1228
-1.3590
-1.2893
0.2693
-0.7404
-0.3224
-0.8820
-0.7408
-1.6477
-1.2461
-1.1883
-0.2329
0.3850
-0.7683
0.3077
-0.3428
-0.3119
0.2908
-0.5745
0.2775
1.1898
0.1788
-0.6521
0.1403
1.2087
-0.4110
-0.9680
-0.6734
-0.1789
0.5535
-0.4671
-0.6259
-0.9226
-0.6568
-0.3233
-0.5103
-0.3388
1.0303
0.8110
0.0301
2.0988
0.0271
0.0892
0.1020
0.3321
0.0013
-0.1723
-0.1495
0.1655
0.3892
-0.0527
-0.0448
-0.0700
-0.0308
-0.0562
-0.1023
-0.3057
-4.7954
-0.4835
1.1082
0.8256
-3.6133
-2.6206
3.8881
-1.2882
-0.8265
-2.6718
1.5658
-3.5242
0.7186
-2.3922
0.3611
2.8691
-5.5681
-0.8340
0.2787
2.8960
1.1691
0.8664
-3.7699
0.7535
-2.0175
-0.0239
-3.5831
0.0218
-2.4912
0.1090
-2.9761
-1.3348
2.5322
-2.3040
2.8150
-3.0868
-1.4403
-1.4877
-2.1759
-2.2261
-3.0568
-1.4401
-0.7326
-3.5887
-3.8106
-1.9242
-4.1273
0.8401
2.7641
0.2751
-2.1735
0.9758
-3.6195
-1.3669
-1.8853
3.3525
-1.2963
0.9245
-0.3707
-1.1516
-1.9983
1.8120
1.2170
1.1816
-0.6442
0.2441
-2.6727
-1.6374
-0.2941
-0.1132
0.4656
-0.6874
-1.1120
1.1061
0.6902
-0.6363
-0.3419
-1.0550
-0.1109
0.2127
-0.1181
0.2150
-0.6983
1.8571
-2.2771
-0.0109
-0.6638
2.0522
-1.7931
-2.4555
-1.5521
0.3191
-0.2286
0.0063
-0.2782
0.9723
-0.0134
-1.9931
-0.3457
-0.8957
-0.8955
0.0807
-0.7884
-0.6656
-0.1873
0.0317
-0.2033
-0.2032
0.1780
0.7074
-0.1197
0.1263
0.0405
0.0660
-0.0553
0.0907
0.9481
3.7007
-5.0068
-5.9971
-1.8699
-0.6092
-1.5741
-0.2823
-3.9647
-1.0212
1.2082
1.1163
0.9039
0.2349
1.2449
-2.0014
-1.0797
-0.5078
-2.6435
-2.5358
1.8265
1.0639
1.4228
-1.7819
-1.1968
-1.6508
-1.9453
-2.8850
-7.1068
-0.9540
0.1408
-5.6212
-9.0747
-5.5901
2.0691
1.8398
2.3352
-3.0135
0.8987
-2.0470
4.2115
-2.6038
4.2637
2.5183
-0.2067
-2.5466
-1.5322
3.9894
-2.1256
4.5199
-3.6571
3.8256
1.3584
3.6544
-0.6335
-0.4721
4.0972
-4.0952
-2.1211
-1.0073
0.3070
-2.7462
-2.1483
-2.3951
-0.5181
2.1483
0.1531
1.2251
-2.6360
-1.5515
-1.8307
-1.2803
1.6247
1.1260
-1.2359
-2.1738
-3.0337
-0.9792
-2.9637
-2.2031
-0.7508
2.0985
-2.3079
1.7593
0.0294
-2.6926
-0.6854
-1.8946
-2.9798
-0.1521
3.4223
-0.3932
-1.3240
0.9483
-1.6246
0.1276
1.2778
-0.8371
-1.1241
-1.3187
-0.4185
-1.4902
-0.5159
-1.0381
-0.8765
0.1072
0.1264
-0.3195
-0.3000
-0.5811
-1.3068
0.4847
-0.1816
-0.2838
-0.4613
-0.1764
-0.0393
0.6073
-2.1392
-0.0491
0.5393
-0.5293
-2.4749
0.0124
0.7952
0.3104
-1.4558
-0.7054
0.8482
-1.2423
2.8967
-2.9555
2.5544
2.9482
-2.3948
-3.5821
-1.8180
0.3088
-1.0898
-3.8686
-0.1282
0.6628
0.5880
0.7965
1.7015
0.1791
-0.6398
0.1099
-6.5343
-1.9053
6.6244
-2.4520
-1.5282
-0.3858
-2.8459
-1.6971
-2.4942
-5.5588
-1.2508
-0.9087
-1.6796
-4.7989
-4.4305
-1.7154
-3.3549
-3.9075
-3.8631
-2.9681
-2.3094
-0.8281
-4.5412
3.2668
-3.7523
0.5976
-1.9203
4.1251
-0.1683
-2.3340
1.0115
-1.8292
-2.1825
0.7083
-1.4380
-0.1001
-0.0911
-1.8114
-0.6579
0.2794
0.0060
-0.4252
-1.4947
0.7783
3.1124
-0.2113
5.8514
-2.0172
0.9287
0.1579
-0.6479
0.9112
-0.7673
-0.1485
-0.9569
2.5393
-0.0517
-1.1864
-0.2070
-0.5046
0.0036
0.0426
-0.0658
0.6857
-1.6078
-0.1238
1.8475
-0.1137
1.5769
2.8847
0.4515
1.2716
0.2894
-0.2312
-0.2866
0.0295
1.0482
1.0719
0.9659
0.2377
-0.1113
0.1725
0.6682
0.3897
0.2808
0.0776
0.8713
2.5541
0.1723
-1.1217
-4.0362
-0.9607
1.8831
0.6909
2.9498
-1.6761
-5.2520
-1.8826
-0.4707
-2.2606
0.7140
-4.1071
-0.4866
-0.9440
-0.5286
0.3079
-1.4695
-1.8163
0.5349
2.7652
-2.5035
-1.6875
2.1756
-2.4485
-2.0658
0.2177
-0.0424
0.3232
-5.0359
3.2053
-0.3071
-0.2767
1.2624
-0.1143
0.7446
-5.2785
-0.0880
-4.7598
-0.0090
0.4243
1.3858
-0.6815
-0.1096
-1.3354
-2.4945
1.0628
3.4530
2.2945
3.9451
-2.4267
1.7977
-0.7495
1.2963
-0.0142
0.4690
-1.5943
-0.0298
-3.8299
1.8958
-1.6993
-3.2043
0.4513
0.0871
0.0392
0.0823
-3.7995
-0.3689
-0.0046
-0.7135
0.1817
-0.3895
-0.1336
-1.7277
-0.2412
-3.4889
-0.7304
-0.2987
1.1290
-0.2586
0.8957
1.0211
-1.7204
-0.0420
-0.8605
-1.5493
1.1333
-2.1175
-0.3259
-0.2878
0.4329
-0.2952
0.0471
-0.1592
-1.9749
1.2461
-2.4707
-0.9280
-1.1015
0.2023
-1.4940
0.2634
0.5290
0.1972
-1.6159
-1.3090
-0.1025
-0.9743
-0.0948
-0.0045
-1.0400
-0.4803
-0.4936
-0.1659
3.5292
1.4771
-4.6864
0.3543
0.0080
-2.4280
-2.5679
1.0623
-0.4988
-0.7870
-2.5647
-3.2794
-0.8238
1.9147
0.7438
-4.0506
-0.1393
0.1697
-4.1344
-2.1143
-0.4134
-1.7062
-0.1032
0.5024
0.0819
0.4324
1.2353
-3.7135
-2.7445
-3.3635
-0.0800
-4.2381
0.9413
0.6576
6.4356
-4.7506
-1.0309
-4.7958
-2.7606
2.6530
-3.2566
-3.3974
-2.0239
-1.2564
-1.2598
-0.7132
3.1088
0.0593
-0.9657
-1.5086
0.1231
0.0105
-1.9239
-2.2733
0.9412
0.8430
-0.9245
-2.0152
-0.3076
-0.3172
-2.4859
-0.4360
1.1403
-1.3032
2.2402
-1.5205
-0.8645
-0.1607
-0.6029
0.3845
-1.0870
-0.8497
-1.1057
-1.0134
-0.8317
-0.4349
-0.3090
-0.0104
-1.1771
-1.2159
0.7834
-1.2641
-0.2827
-1.3021
-1.5044
-2.1255
0.2825
-1.1207
-0.2696
-1.1810
-0.2765
-0.4864
-0.6165
-0.1554
-0.2487
-0.7619
-1.1706
0.1751
1.8022
-0.1277
0.1215
-0.2920
0.0093
0.5588
-0.1767
0.3941
-0.0572
-0.1157
-0.0635
0.0455
0.1145
-0.0887
0.0251
0.1322
0.1282
0.0894
0.0436
1.8730
-0.4634
-2.8158
2.7612
0.7035
-1.9333
-1.4011
0.4584
0.8036
-0.7809
-0.4524
-2.3670
-1.2520
0.3724
-3.9042
-4.3145
-3.9017
-5.1831
1.3436
5.0198
-1.4989
-0.5715
-0.2077
2.1064
-0.7791
-4.6528
-4.1239
-1.8566
-3.3141
-2.0686
-0.1303
-6.7332
-5.7243
-2.5693
-0.2669
-4.7336
-2.7506
-5.4272
-5.8103
0.4546
-1.6844
-3.5349
0.4156
-4.3953
-4.5391
-1.0458
-3.5711
-2.0432
-2.7074
-2.1346
-0.9374
3.6582
-2.7262
3.2613
5.4364
-1.0758
3.2638
-1.3339
6.5835
3.0765
-0.0726
-1.3609
-0.3636
-0.9507
-2.3449
-0.2129
-2.8941
0.1215
0.4563
0.6202
1.6749
1.6440
1.9713
0.8079
-1.2208
1.5075
-0.2685
-1.6063
0.1839
0.1756
-1.3237
-1.2799
1.9620
-0.0178
1.1967
-0.2174
2.8509
1.2344
-0.9720
-0.6718
-0.8221
0.2730
2.4175
0.8962
0.8307
-0.5733
0.5091
1.0244
-0.1732
0.4241
0.2027
-0.3550
1.0434
-0.5969
-0.3749
-0.6884
0.4594
0.5260
0.5441
0.3524
-0.3186
0.3741
-0.0248
0.0074
0.2854
0.0244
0.2284
-0.0333
-1.2668
-0.4057
1.2368
-3.9177
-1.8856
2.6057
0.1547
0.0549
1.5074
-0.4367
-2.2728
1.0176
2.7292
-1.3447
-2.0631
1.1943
-0.5727
2.0842
1.1700
0.9982
-1.8369
-0.5759
0.8401
0.1143
-0.9360
2.5561
-2.3444
-0.3794
-0.5656
-0.2451
-5.4675
-0.5893
-3.1624
-2.5853
-5.5927
-2.3281
-6.1497
-2.8445
0.2965
-3.5418
-3.8131
2.1158
-1.6555
2.6445
-6.0953
-1.1144
7.1948
4.1920
6.9204
-2.6989
4.5215
-3.5806
4.9840
-2.7185
-4.2036
-1.7749
-3.0302
-2.2877
-0.9574
-0.3294
-2.0838
-1.4471
-2.5615
2.2636
1.5996
1.8060
2.9229
-0.3790
-1.3936
-1.7240
-1.7739
-0.0489
1.7307
-2.0972
-1.6314
-1.8171
-0.3928
-1.3673
-1.7354
-0.8604
1.8241
-1.4975
0.1210
-0.9897
-0.0093
-0.7901
-1.6788
1.7766
-0.5388
1.7162
-0.2205
-1.3858
-0.4418
-1.3943
-0.2493
0.4320
-1.1876
-1.1580
-1.2214
-0.7300
-1.4655
-0.6775
0.2095
-0.0060
-1.0403
0.0450
-0.5702
-0.6307
0.0139
0.4225
-0.0422
0.0857
-0.1148
-0.1914
-0.0811
-0.1408
-1.5827
3.1650
-2.0247
-0.4680
0.9445
-0.6947
0.1411
-0.8374
0.8450
0.2416
1.3597
-3.2218
1.9870
-0.0552
2.1817
-1.8510
-3.2305
1.1783
1.1661
2.0088
-0.7964
-2.3470
0.4392
1.1974
-4.6675
-1.4596
0.3597
-3.7148
-2.3929
0.4561
-0.2132
-7.3442
-4.3545
-2.2180
-3.7646
-2.4081
-5.8292
-1.3758
-2.3318
2.3931
-1.6430
-0.2923
4.5774
-4.5149
-0.4664
-3.7390
-2.5799
-3.7938
3.8593
-4.3256
-2.1959
-0.2560
3.9552
-2.6398
2.5065
7.4743
-0.5773
0.1992
3.8346
-0.2241
-1.4751
1.8737
-0.7178
2.2948
-3.3149
1.6132
-1.5487
-0.4992
-1.1414
-0.5375
0.2372
0.2857
-0.7925
-0.1289
1.2783
2.3507
0.0005
-1.6063
-1.2921
0.0960
-1.4066
0.9307
0.3592
-2.0499
-1.8579
-0.4377
1.6786
0.5177
-0.2376
-1.3816
-1.5084
0.0026
0.8668
0.3766
0.9065
-0.4097
-0.5334
2.0146
0.3761
1.9849
1.4684
-0.2636
0.7106
-0.3505
0.4179
-1.4185
0.1540
1.2190
1.2378
0.4212
-0.0254
0.1746
0.0355
0.6451
0.4769
0.3601
0.2047
-1.1958
2.6627
-1.4619
-3.5971
1.8080
0.2395
-0.1631
0.0095
3.2266
-0.2284
0.2233
-2.8573
2.3774
-2.3398
0.2927
0.8330
-4.3066
0.8827
0.7700
0.2844
-2.3336
-0.7187
-0.1162
-2.7527
-0.6402
2.1110
-0.2170
1.7853
-2.6106
0.0563
-0.1045
-6.3396
-0.8776
0.8991
-5.2248
-4.1128
-1.8012
-1.4185
-4.9574
0.7619
-3.4698
-5.0812
-1.3503
-0.3819
-1.7036
-1.9251
0.2016
-1.3348
-1.8560
3.9322
0.4971
0.3384
-1.9345
0.3488
-2.0327
-3.3536
-4.8599
3.2658
1.8285
-2.0026
-2.0328
-0.9985
-2.5296
-1.2377
0.2678
-1.1910
-0.8819
-1.3458
-0.8817
0.6562
-0.5263
-0.8338
-1.3933
-1.1357
-0.6594
2.7389
-1.3604
-1.3425
-1.3352
-0.9794
0.7548
0.8631
-0.8119
-0.2424
-1.3732
0.3780
0.4555
-1.2623
0.5168
-2.2339
-1.1113
0.0862
-0.3854
-1.8012
-0.7063
-1.3643
-1.2780
0.5166
0.7574
0.4601
-0.2991
-0.0349
-0.1081
1.0869
-0.4671
-0.5482
-0.3847
0.2322
0.1157
0.3378
0.6281
-0.4607
0.3752
-0.0178
0.1519
0.0039
-0.0190
1.1956
-3.0189
-0.2622
0.7231
-2.3732
-1.9273
0.4104
1.5704
2.2476
-1.3901
-3.8399
0.6332
0.1381
3.4068
-2.0836
0.5420
0.5607
0.4619
-1.2745
-0.1170
-2.2293
-1.7695
-0.4996
-1.9664
0.5589
1.3940
-0.5019
0.8749
-0.6111
-1.1412
0.0043
-3.5136
0.4090
1.3757
-1.6015
-0.9507
-4.5014
-0.2779
7.7020
-3.9722
-3.0696
2.1308
-0.8105
-1.8483
-3.4630
-5.8515
-3.4005
-3.8001
-2.0757
-3.2841
-3.8134
-1.3334
-0.2626
-0.7489
0.9677
9.6103
1.6806
-2.5624
-0.0484
-2.8567
-1.4742
-3.1702
-1.5285
-3.0718
-0.6270
-1.5773
0.4445
-0.4357
-1.3437
-1.8959
-2.0545
-1.5348
-0.3153
-1.0420
-2.0831
-0.3188
1.3205
-1.0688
-1.0232
-2.2764
-0.7016
-2.8137
-2.2975
-0.7669
-0.0465
0.7910
-0.4503
-1.4762
-1.9659
-1.5789
-0.1385
1.0492
-1.0776
0.6927
-1.2405
1.0664
-1.0268
-1.6523
-0.4523
-1.6288
-1.2752
0.0154
-0.0643
-0.4110
0.0777
0.9763
0.1176
-0.9098
-0.7610
-0.1533
-0.1466
-0.2025
0.0701
-0.6014
-0.2426
-0.2611
-0.0583
0.7443
-0.8892
-2.8312
0.4425
-0.7799
-0.9246
-0.1484
-8.0875
1.1792
3.1323
1.6449
-3.7561
-0.3427
2.0758
-0.2232
1.4424
-4.7733
0.2620
0.0683
-4.5162
0.6554
1.3522
-1.6299
-0.3540
-5.0441
2.5002
0.2404
0.3006
-0.3523
-2.3006
0.0980
-3.5683
-4.0684
2.3147
-2.4269
0.6615
4.5056
0.8627
1.5444
-1.7078
-1.9803
-2.6529
0.1352
-1.9630
-2.8663
-2.8643
3.7464
0.1763
1.8088
-1.7964
-1.4279
-2.0606
2.6060
-2.2755
-0.5927
-3.4609
0.1979
0.3330
-0.1489
0.4057
-0.0957
1.0450
-1.6581
-0.1100
2.7638
-1.4963
-0.8459
-0.4224
-1.3452
0.1264
-0.1517
0.0402
-0.4708
-0.6423
1.0849
0.5776
-0.5263
0.3070
-0.4482
0.1717
-0.4705
-0.0279
0.0090
-0.0870
0.4199
-1.3023
-0.0436
-0.0981
3.2390
0.8549
0.0023
-0.7710
-0.0368
-0.3002
-0.0225
-0.3131
-0.3956
0.0760
1.5450
0.2033
0.3510
0.2940
-0.0023
0.1963
-0.1076
0.5450
-0.1959
0.3280
0.2328
0.1403
-0.4357
-0.2810
-0.0497
0.1906
0.2248
0.1107
0.0838
0.4213
3.2762
-1.9338
1.7933
1.3324
-2.6632
-4.4044
-0.7524
0.2081
-3.6809
-1.8490
1.4581
-1.9288
2.8072
-4.8434
-1.5180
1.5803
1.1412
3.0189
-0.8376
-2.2725
4.6646
-1.8887
-1.6885
-0.5438
-3.0795
-5.8552
-0.9713
-0.8226
-0.4538
-0.0520
-1.0533
-2.8266
-0.4491
1.8909
1.9139
-4.4039
-3.6666
1.2100
1.0661
1.0178
2.1461
-0.5643
-2.0607
0.1524
-3.7837
-3.7821
-0.8582
-3.3029
0.9393
1.1047
-4.1931
-3.5675
-0.9581
-2.1671
-0.9409
-1.9947
-1.8212
0.9663
-0.5149
0.5375
1.3818
-0.6297
2.3713
0.9404
-0.1043
0.1094
-0.2995
-2.6936
-0.6139
1.6148
1.1220
-1.9331
-0.4739
1.7010
0.7063
-0.5158
-0.5690
-1.2968
1.7261
-0.8261
-0.4193
2.5163
-1.3491
-1.2269
-0.0653
-0.0158
1.0076
-1.5919
-1.7675
0.8209
0.1914
1.6843
2.0217
1.1089
0.2459
0.3591
0.7928
-2.0437
1.3509
-1.8181
-0.9940
-0.2377
-0.2285
-0.9115
-0.3725
0.1272
0.7145
0.4263
-0.0377
-0.6175
-0.0897
0.0436
0.1634
0.2236
0.0874
0.1047
2.0948
-0.7801
-2.8024
1.2080
0.9168
-1.5184
-2.2205
1.3576
-0.3782
-4.2670
1.8914
-1.0343
-0.5446
-0.1058
0.1139
-1.5326
-4.9236
-0.8002
-2.0095
0.2287
1.1974
-4.3866
0.0681
-1.6497
0.2102
0.9352
0.3396
-1.0829
-1.8579
-2.2901
-0.3052
-5.9348
0.4294
0.6913
-2.9936
-5.9908
-2.4455
-1.7882
-2.9519
0.4309
-4.0841
2.1006
3.1536
-6.8699
-5.1341
-3.5266
3.4909
-2.5316
2.3161
-4.2378
1.4143
-4.3749
2.5693
1.9244
-0.6892
-2.6084
-0.4295
-0.8208
1.8507
0.7964
-0.9870
0.1466
-2.3555
-2.4845
-2.5426
-1.7414
-3.4256
-1.2867
-0.1621
1.5458
-1.0231
-0.4318
-1.2286
-0.1394
-0.9699
0.6273
-2.1270
-1.3422
-1.0480
-0.3567
0.2787
-1.6554
-0.7483
0.3066
-1.5182
2.1464
1.2712
-0.2795
-0.2779
-1.1917
-1.5997
-0.9208
0.4006
-1.2913
-0.2516
-1.2213
-0.4432
1.2710
0.8409
0.2407
-0.1102
-0.3534
0.3680
0.3900
-0.9165
-0.5090
-0.5730
0.3719
0.5677
0.1282
0.5454
0.0295
0.1157
0.3869
0.1558
0.0655
0.1553
-2.2653
0.6715
-2.9073
0.2760
0.6170
0.0607
-0.6011
-2.0610
-0.6935
1.1660
2.3068
0.8146
1.0333
1.1133
1.6877
-3.4882
-0.6023
-2.2666
-0.7068
0.2717
0.2273
-1.5179
0.8422
1.2011
-0.8433
2.0043
0.4439
-1.4583
-0.1781
-0.0178
-0.1039
-7.4793
4.6611
-1.7738
-6.6204
-5.3378
-0.3726
-3.0252
-4.4914
-5.3085
1.2974
1.3362
-0.1948
-3.0284
-4.2404
-0.7733
-3.0452
-0.9738
-3.8152
-2.0495
0.4464
0.3504
0.4368
-2.9358
3.8587
1.3389
1.4285
-4.1207
1.6170
3.7175
1.6625
-0.5227
0.0907
0.7742
-0.7031
0.3242
1.6742
-0.5870
-0.2247
1.0608
0.6772
2.7841
-0.6166
-0.1602
0.0829
-1.0358
0.1952
1.7587
-1.3721
-0.2861
0.1971
-0.1464
1.2504
-0.8924
0.0643
1.5132
1.3741
1.0616
0.9827
-0.9923
1.2441
-0.0601
1.0069
0.2160
1.5049
-0.8446
-0.5362
0.3445
-0.5302
-0.6428
0.5252
-0.6140
0.7249
0.3559
-0.1745
-0.5084
-0.0548
0.4031
0.2181
0.4217
-0.1395
-0.0546
0.3721
0.1436
0.3585
0.0409
-0.0595
-0.3287
-3.2426
0.8787
-0.3064
-0.2935
-2.3964
1.6586
-2.5656
-0.4813
-1.4028
-0.2917
-0.8707
-1.9318
-2.6987
-1.1140
2.7874
1.9383
-1.0949
-1.6909
-2.3140
1.3658
-1.6375
-2.7008
-1.4089
0.3624
0.2399
1.8107
2.8776
0.0496
1.0627
-0.0468
-4.2166
1.4125
-0.2554
-3.6811
-0.6193
-6.2579
-3.3655
-1.4099
-0.7569
-2.9370
-0.1155
-3.2864
-3.0463
0.7522
0.1514
-3.5929
-4.5834
1.0099
8.6070
0.3571
-0.7162
-3.1049
-1.9100
-0.5561
1.6561
-2.9129
0.7046
0.1055
1.1004
1.7199
-3.1292
1.3272
-0.1972
0.8792
0.8806
2.2715
-0.2570
0.9062
0.1540
1.1677
0.1197
-0.5716
0.6370
3.5483
-0.4927
0.3664
1.2381
-0.3060
1.0202
-0.8030
3.4782
-0.5122
-0.3995
-0.7035
0.3837
0.5747
0.6247
-0.4205
-0.6919
-0.4359
-0.0692
-0.0455
0.9260
-0.0995
-0.1072
0.4689
0.7032
0.1585
-0.1181
0.1187
0.0048
0.0121
-0.1865
0.0470
0.8475
0.2489
0.2620
-0.0480
-0.1526
-0.3022
0.0249
-0.0477
-0.0530
0.0624
-0.0098
0.2951
-4.1717
0.4667
-2.1512
-0.2058
0.7341
-0.9869
-4.0073
-1.6189
-0.3938
-0.5144
2.6929
-1.6787
-2.6245
1.5750
1.5655
1.3328
-0.4472
-2.1354
0.0526
-0.0132
2.7589
-0.8990
0.5997
1.0443
-2.6040
-0.4990
1.4790
-3.2554
-0.3881
-1.6001
0.0498
-7.5355
-2.7554
-4.0939
-2.9336
0.9076
-4.3129
-0.1310
-4.3450
6.4734
-0.2935
-3.8544
0.3076
-4.1574
-3.0739
-1.0126
0.5323
0.2235
-0.3570
3.1412
-1.8253
-3.7393
-0.5720
-2.8267
-3.0814
-0.8573
-0.0456
0.4372
-2.4976
-1.6671
-0.3010
-1.1616
-0.7189
-0.9815
-0.7938
0.4089
-0.1425
0.2407
-0.0367
-0.1061
-0.8244
-0.8040
0.3306
-0.1831
-0.6473
-1.2096
-2.9087
-1.6504
-0.0542
-0.4050
-0.1083
0.0329
-0.9449
0.0994
-0.3317
0.0539
-1.4590
-0.2724
0.0646
-0.1617
-0.1975
-0.0342
-0.5438
-0.1545
-0.7758
-0.1694
0.2557
-0.2128
-0.0241
0.6686
0.0820
-0.0297
-1.0351
-0.0427
0.0734
1.7092
-0.2745
-0.1991
-0.1885
-0.1326
0.0780
0.2148
-0.1981
-0.1273
0.0497
0.0245
0.0953
-5.5987
2.9006
-0.4389
-0.8322
-0.1847
-2.4889
-0.4516
-2.7218
4.4314
-5.0156
-1.9491
-0.2906
-0.5431
-3.8336
-2.0931
2.7844
0.9108
1.9661
-1.0027
0.3007
-2.1445
2.0390
-0.3883
0.6676
-1.9568
2.2885
-3.3083
1.0969
-3.1168
-0.3541
0.0134
-6.7608
-1.7684
-6.3374
-5.8754
2.9616
-1.1500
-1.9482
-2.6048
-3.1714
-4.8138
-5.1229
-0.0893
-3.8077
-5.4934
-0.6331
-4.5728
-0.1999
-1.5830
1.5183
1.3664
-3.2644
-5.1031
-2.4420
0.9885
1.2233
-0.8839
-3.6944
4.0676
4.9548
-1.4333
-0.3419
-1.4998
3.8847
-0.6829
-1.2863
-2.1730
0.2999
1.0147
-0.2650
4.4173
3.9806
-0.4091
-0.0927
3.0478
2.0664
0.2875
1.1644
0.6850
4.2668
-0.0483
0.1218
4.0159
-0.5583
0.0808
0.2383
0.8828
4.1922
-0.2207
-0.7175
-0.6174
1.6638
4.2208
-0.3871
3.9947
0.0372
0.2003
0.6949
0.1994
1.9154
1.4714
0.1890
0.3888
0.1542
-0.3505
0.1338
0.1058
0.4820
0.6615
0.3125
0.7067
-0.2386
-0.1003
0.2579
0.3009
0.2287
0.2473
-1.7002
0.1188
-1.9201
1.7875
2.2431
-0.4707
-3.0809
-0.4966
2.4586
-2.6290
0.8503
-2.6077
1.9386
-0.8108
0.5766
2.1187
0.8729
-3.2997
-1.5296
0.3904
-1.8210
2.0704
-1.1245
1.0994
0.6704
-0.9025
-1.7561
4.3467
-0.4001
-1.3251
-0.1487
-6.1330
-2.5710
-0.7154
-6.9143
3.1025
0.7257
-5.1015
0.1844
-6.5333
3.3786
-2.2857
-0.8882
-5.2638
-0.5959
-1.5358
-2.7495
-2.6547
-0.6250
1.3458
-0.8988
1.2106
-0.7281
6.1006
-1.0936
6.7306
-3.5475
-0.2727
-0.9064
-0.3801
1.6362
-0.8495
-0.9852
-1.6992
-1.4791
0.4534
0.4475
-1.5051
0.0297
-0.8110
-1.7219
-1.1913
-0.6477
1.2845
-1.0277
0.3981
-0.6646
2.3323
-0.4327
-1.5478
-0.0657
-0.0077
-1.0726
-1.2998
-0.0727
-0.0179
-0.1598
-1.0565
-1.7807
0.0290
-0.0408
1.2038
-1.0808
-0.1227
-0.6357
0.8710
-0.9037
0.2101
-0.4018
-0.1122
0.4195
0.5021
-0.2991
0.0423
0.5293
-0.6569
0.3870
-0.0648
-0.0820
0.0380
-0.0047
0.5701
-0.1464
-0.1163
-0.2232
0.1153
0.1046
0.2619
0.7947
-1.7731
-0.3806
-0.0875
-1.1704
-1.0051
-0.4474
-1.8757
-1.2756
-0.2838
1.5456
1.7709
-1.6983
0.1512
0.0561
1.4381
-0.9217
-1.4855
-1.5687
-1.2685
-1.5259
-0.3327
-1.3633
0.4121
0.4058
-1.5806
3.6210
-0.1530
-0.6861
-0.0979
-4.4830
0.3851
-3.7966
-0.8972
-1.7208
-6.3373
3.2590
-0.9342
-0.4626
-0.7324
2.8668
-0.8436
-0.8298
-1.1283
-3.7511
-2.6444
-0.4351
-1.6689
-1.0905
3.8219
-3.1701
5.6603
-2.0574
-0.0481
-3.9681
-2.4908
-1.8822
-0.3415
3.0967
-0.9562
-1.8426
-1.2300
-0.3459
-1.0663
-0.5819
-2.1663
-0.8454
0.2858
-0.0049
-0.7104
1.4742
0.1436
0.4305
-1.4239
0.4175
-0.2275
0.1573
-0.1189
-0.4078
0.0112
0.1290
-0.1893
-0.3878
-0.2554
-0.7556
0.2907
0.3829
-0.2304
0.0629
-0.2392
-0.3052
0.0675
-0.1352
0.2629
-0.1717
-0.0472
0.5317
0.2952
-0.3607
0.2977
0.1747
-0.0464
-0.1062
-0.3593
0.6637
-0.2212
-0.0513
0.0063
0.0159
0.0927
-0.1685
-0.0957
-0.0865
-0.0385
-0.2619
0.0499
-2.7046
1.8001
-3.4707
-2.0720
-2.1441
-2.7077
0.9457
1.1908
0.2122
3.2333
0.3671
-1.6366
-2.3739
-0.4503
1.3296
-1.4417
-1.7945
0.4103
0.8659
0.3648
1.2564
0.3782
1.2843
-0.6233
-6.6596
4.9062
0.9855
-0.4678
0.5116
-1.7199
-0.3220
-8.2294
1.9602
-4.0683
-1.0914
1.3503
-2.1567
-2.7919
0.9803
5.7470
0.2998
-0.2511
-2.6219
0.7528
1.3056
-1.3396
1.8536
-5.0089
1.8118
-5.4142
6.2270
-0.4704
-3.0351
-3.5939
-1.7834
-4.1715
0.6259
-1.6692
-3.5601
-3.8241
-1.0097
-3.3556
-1.7757
-1.0211
2.9760
-0.7370
-1.4614
-1.4286
-1.0284
1.8541
-1.3413
-1.5961
-0.6717
-0.5642
-3.3217
-1.5771
0.8188
1.0337
-0.9528
-0.2907
-0.4393
-1.1637
-0.8754
-0.8603
-1.6747
-0.9228
0.2617
-0.9035
-1.0928
-1.1788
-0.7526
-0.7556
-1.1950
0.0343
-1.3685
-0.6635
0.6065
0.6660
-0.3768
-2.6439
0.2358
-0.4366
-0.0007
-0.3338
-0.5115
-0.7925
-0.0321
0.3073
0.1143
0.1281
0.2076
0.0897
-0.0331
0.1295
0.0261
0.0248
0.0275
-2.2578
1.2654
-2.4861
0.0558
1.4064
-0.7553
-4.1026
-0.5442
-3.9064
-1.0820
0.4766
0.8451
1.3703
-0.1227
1.5676
-0.0788
0.1517
2.0705
3.7467
-2.3202
-0.0640
-0.1738
0.5650
-0.1557
0.8495
-2.6281
-1.7588
-2.2582
1.9696
1.8747


Weights 1->2:
-2.7096
-0.3731
-1.5887
-0.2482
-0.6671
-2.4250
-0.5860
-0.4578
-0.5454
-0.6008
-0.3893
-0.6044
-0.4481
-0.3250
-0.4652
-0.6902
-0.9648
-0.6726
-0.6929
-0.9027
-0.2659
-0.5296
-0.8744
-0.6285
-0.3453
-0.7711
-0.6142
-0.7994
-0.5112
-0.7815
-5.2199
-0.1093
5.7790
1.8545
0.1957
3.0854
0.3454
0.5638
-1.8665
-1.8423
-1.2757
0.4531
4.3505
-2.5828
-0.1647
2.5420
-1.1226
3.6331
1.5477
-2.3556
0.6593
1.8689
2.3382
2.2937
2.5592
-2.4896
0.9066
1.1843
0.2428
3.8614
-0.2871
-0.4734
5.7874
-0.7556
0.1244
4.1992
2.3931
1.1298
2.5064
-2.5260
-2.5973
2.6403
-0.7179
1.7635
-1.1053
0.2477
1.9017
1.2970
-1.4906
-0.4537
-2.0772
2.5749
-0.7714
0.2946
0.3315
0.7224
-2.1012
3.4454
-0.6933
2.7759
-0.3946
1.1345
5.2951
-1.0625
-0.2851
4.6476
2.1264
2.6572
0.2735
-1.3918
-0.9366
3.5632
-1.0479
2.6151
0.2876
0.3532
2.7326
0.8453
-0.5948
0.7725
-1.7889
-1.3727
-2.1806
-1.0989
-1.3453
0.5691
-1.0289
1.8958
0.9248
2.5136
-2.6611
-3.2467
2.4494
-0.7306
-0.2025
5.5656
0.6947
-0.4354
-2.4761
0.0227
-1.9474
1.8545
1.1713
2.6814
0.6117
-2.0505
3.4409
-1.2237
2.9457
-2.7590
0.9882
1.3503
3.7572
2.7468
-0.6968
0.8122
-1.7151
0.4352
2.2272
1.3516
-2.0540
2.5458
3.1098
-2.4991
-1.2641
5.1191
0.7657
-1.6241
-0.1557
-0.7592
2.1507
1.0504
1.0254
-1.8731
3.3600
-2.2233
-0.2210
1.8738
3.4053
0.2665
0.5692
-1.7717
2.4934
2.5623
0.3296
0.0566
-1.4850
-1.2603
1.5577
3.1633
-1.8951
-0.2181
3.7936
-0.7006
1.9872
5.5698
3.3914
-1.6569
0.1509
1.1397
2.6691
-1.1718
0.5313
0.2875
1.6210
-1.6283
3.4109
-1.0911
1.9642
0.5344
-0.5619
-2.2468
2.0395
1.1528
-4.0011
2.0674
1.3653
-0.5123
-0.2775
2.0982
0.3097
0.0003
4.2679
-1.2075
0.0843
4.2613
1.0268
-0.5496
-0.8890
1.7185
-0.6807
0.3441
2.3094
-1.8883
0.7536
-1.3876
-0.0705
0.9272
1.8560
-0.2731
-0.2145
-0.3740
1.4728
-0.2351
-0.5470
0.4000
-0.1473
2.3441
1.8104
3.2438
-1.5678
-3.2012
2.5607
2.8546
2.6778
4.5104
-0.5565
-3.2755
0.2814
1.4855
0.0145
2.3867
0.1993
0.4476
0.2620
-1.3969
2.3694
-1.6152
4.3070
2.3244
-3.0847
-1.2692
4.2117
0.3794
-1.4074
0.4232
-0.2814
0.5073
-0.6767
3.1477
0.3175
-1.8439
4.9317
1.0157
0.2870
3.5974
2.2592
3.4631
-2.1323
0.1303
-1.3356
2.7368
-0.8277
2.4182
0.2927
0.5987
3.2852
0.1955
-4.0704
2.0395
-0.1945
-2.5147
-2.0431
-1.3927
-1.9295
1.6484
-0.7490
3.7981
-0.5354
0.9734
-0.7103
-1.5162
2.0868
0.0034
2.1407
4.8025
-2.5800
0.1285
1.0048
1.6606
1.6710
-0.1962
0.5830
-2.7644
2.4528
-0.5914
-1.0337
0.3339
3.0726
0.8153
-2.9923
-3.2100
2.1314
-1.4648
0.0087
0.0375
-0.1109
2.9408
2.7294
2.8732
-0.3442
1.2067
3.8709
-1.3750
1.5100
4.2852
1.4188
0.8965
-0.3865
-1.7646
1.2059
4.3573
-0.6640
3.0222
-1.9247
2.1572
2.6592
-0.9508
-1.6386
0.5381
-0.2531
-0.0521
-1.0737
-2.0084
-1.3246
2.7407
-0.8759
-0.2174
-0.7574
2.1801
0.2489
1.1388
2.9850
1.0858
1.9532
3.6799
-1.3179
-3.9173
2.8696
0.9821
-1.9817
-1.6865
0.2035
-0.5764
1.6657
-2.4879
-0.9292
1.3255
2.7747
0.5946
-0.5754
0.4526
5.5964
1.5627
1.2102
0.7749
-0.8884
-0.1028
-0.1729
0.4522
-1.1535
1.4287
2.3538
-2.2561
3.5116
4.5863
0.8416
-2.1231
0.3233
2.3873
1.2658
-3.3622
-0.6404
0.4533
2.4712
1.8059
-1.9595
1.6311
0.7650
1.5101
0.0188
-4.5122
1.8484
-0.1929
0.3188
1.6683
-0.4638
2.3084
0.1332
1.1168
-0.4556
-0.1457
1.3122
-1.4734
-0.6802
3.6686
-2.3469
2.2147
-4.2787
0.4370
-0.0508
-1.7514
1.5492
-2.9157
4.7603
-3.5899
0.0442
0.7880
2.5219
0.3048
0.5625
-3.3255
2.1771
-0.8271
2.7859
3.0901
-1.3267
2.8395
4.8996
2.6041
-0.3731
0.2314
2.6624
1.5504
0.7133
4.0824
0.0818
-1.6932
-1.8466
1.7502
0.4993
0.7262
0.7235
3.2155
1.8995
-1.1215
-0.4457
-0.5076
-0.5419
0.8673
0.8018
-1.5712
0.9790
0.1357
0.9304
3.1110
-0.1020
0.2593
1.3019
1.8003
-0.0336
1.3866
4.2431
0.3915
-0.2924
3.2649
0.4863
3.9661
1.2449
-1.7951
-0.1891
2.8460
-4.1474
3.1224
-1.6381
1.0708
2.2781
-2.2124
-2.0069
0.9408
-0.1163
0.9106
0.6429
-0.3181
-2.4843
2.6244
-1.7118
0.9334
1.0082
-0.7950
0.1334
1.0723
2.7881
3.3433
1.0837
4.1191
-0.0650
-1.8545
-0.0474
0.2201
0.9105
-0.5135
-0.0567
-4.3091
1.7420
-2.0942
2.6718
-1.1696
1.5308
0.4967
-0.3774
0.8701
1.3425
0.6767
-1.6714
2.3282
0.6663
0.7221
1.0920
1.0885
-0.9255
0.1221
3.0552
0.0332
0.8161
3.9602
3.0577
2.0672
3.7069
-2.6407
0.6022
3.9605
-0.6772
0.9210
-0.2077
-0.6949
1.6612
-0.3629
-1.6121
-0.0839
-0.5498
0.8864
-0.4333
-1.8291
-1.9359
2.0340
-1.0581
1.3268
-0.0355
-0.1752
-0.2427
1.4027
2.6397
3.3192
2.1137
3.6153
0.0212
-1.4200
-3.8406
1.3707
3.5465
-0.2702
-0.1649
-1.5120
-0.1994
-0.3612
2.8300
1.0278
0.0691
1.3242
1.6330
-2.4499
1.1356
0.5923
2.5557
1.5219
-2.1386
0.4801
-0.3218
-0.4821
0.4174
-1.0117
4.9110
1.1012
1.7472
1.2749
-1.9395
2.9395
0.6528
2.1746
0.5919
2.5652
-2.8524
1.8533
-3.6329
0.4840
4.1548
-0.5115
-1.5516
-1.1028
0.0744
2.2818
-2.1814
-1.8181
-0.9062
-4.9475
-1.2730
1.6138
-2.4089
0.0648
1.2983
-0.7510
2.4764
-1.4808
0.6306
2.3694
1.0056
-1.7743
4.2046
1.5022
-3.5834
-1.0034
0.1067
-0.3892
2.3629
-5.5330
1.7934
1.5565
1.9843
0.4746
-3.6584
-0.3124
-0.0687
0.6122
-2.4167
-0.3958
2.6045
1.8909
1.8153
1.5480
-1.2670
3.9158
2.2322
-1.8496
1.3400
2.8802
-0.1914
1.7837
0.2938
-3.4719
-1.0885
4.8067
-1.7435
1.7417
-1.0961
1.0118
4.5243
-0.8867
-2.6767
1.6182
0.5010
2.1475
-1.1551
-1.0744
-5.1385
1.6389
-1.0043
-1.3334
1.0132
-0.3371
-0.0694
1.2693
3.0226
1.4229
0.5523
3.6906
-1.1229
-1.0378
-1.8303
0.1001
-0.9021
-1.1206
-0.3710
-2.0340
1.1740
0.4756
1.9071
-1.2587
0.0790
-0.6497
0.9847
1.4479
2.9548
0.3396
-0.3737
1.2454
-1.2653
2.7786
0.5792
1.2758
-2.3114
0.1873
3.6749
0.1345
0.0297
1.5133
0.5932
0.6258
-0.9250
-0.6732
-1.6814
0.7761
4.2511
0.3249
0.7819
0.4550
0.3211
2.2847
-0.2682
-0.7766
0.2450
-1.1860
0.2031
2.0446
1.4424
-1.3116
1.0710
1.9395
0.6679
3.0429
-2.0564
0.0627
0.8515
-2.6575
0.5583
3.1464
2.3269
0.4416
-0.1712
2.9533
-0.3120
-1.9256
-1.0161
-0.7545
-0.8063
-0.4742
0.7305
-1.3321
2.6493
2.3956
0.6214
2.7233
4.6473
0.7087
-2.1562
3.0731
-1.2972
-0.2205
-1.3100
-0.6344
-0.7149
-1.5618
2.9172
3.1882
-0.2859
2.0732
-3.3242
-1.1870
0.8642
1.8672
-1.2817
1.2018
-5.2659
3.4188
0.0557
1.5837
1.6092
0.8862
0.7817
2.7751
1.5301
-1.1296
-2.0319
0.3901
-0.1053
-1.0751
-2.4108
1.4511
3.8653
1.1293
-1.7229
0.3974
3.1972
-1.2026
0.8427
2.0305
2.0068
2.8259
0.1931
-1.3243
1.0200
4.1566
0.6873
1.2001
-1.4483
0.2950
2.3233
-0.1561
-2.5035
0.6590
0.2634
0.0121
-0.0090
-3.2460
-3.0938
-0.7460
-2.0832
2.4827
-1.2812
-0.4339
-2.4465
0.3062
3.3994
0.1551
-0.2540
1.1161
0.1792
0.0659
-0.6736
-0.4366
-0.8758
0.7496
3.7925
-1.6749
0.4577
0.7031
0.1090
2.0268
0.0346
-1.4483
0.1410
0.8107
0.6607
2.1628
1.0749
-1.0224
0.8613
1.5996
0.5012
2.8001
-0.6584
-0.5178
-2.0934
0.1348
0.3481
-2.0090
-1.3695
1.0431
0.0610
0.0699
0.2964
0.2652
1.1863
0.4030
-2.0413
2.4421
-2.1992
0.4973
-1.9578
-0.5413
0.8281
2.9088
0.6837
1.7818
1.2274
-1.5561
3.6589
-2.2386
0.8316
-1.6550
5.4768
0.2509
-1.5780
-0.0888
-2.0917
-4.7754
-0.9564
1.2540
0.2512
0.1315
0.4251
-1.4250
0.6129
1.2800
0.6764
-0.8510
-1.4895
-0.7634
-0.0539
1.5760
0.1423
0.1015
-0.8121
-0.9107
0.5904
-0.0683
0.4322
0.6130
-0.4054
-1.4382
0.2338
1.3957
1.0213
0.4649
1.1620
1.2956
-0.8871
-0.1972
-0.2664
-0.8782
0.8212
0.3632
0.7694
-0.0420
-1.2524
1.8878
0.1919
0.1826
0.5470
-0.3361
0.5344
0.5707
0.4499
1.7075
0.4841
0.4136
1.0946
0.1593
2.1755
0.1797
3.9020
0.4292
-2.6924
-0.4159
-0.8186
-2.5834
-0.4827
-0.9932
-0.2007
-0.3299
2.2156
-0.5380
-0.5379
-0.2172
-0.0400
-0.2615
1.7510
-0.9312
-0.0809
1.0922
3.2989
-0.6640
-0.6531
-0.6224
-0.3984
-0.0924
0.7825
-0.6400
-0.6850
0.1071
1.2058
-0.0877
-2.6382
-0.4948
0.6432
0.4552
0.8103
0.3808
-0.4868
2.1424
-0.1359
-1.6986
0.4862
-0.4054
-0.6725
1.1776
-1.1653
0.6840
-0.8500
0.5154
-0.4682
2.0846
-1.4478
0.2403
0.2904
0.7007
2.8978
-1.8045
-0.1686
-2.6453
3.8062
0.4395
-2.3829
0.7173
-1.3629
-2.9552
-0.7109
0.0232
3.1943
-0.6204
0.4069
-1.6791
0.6300
-1.5533
2.0416
-0.2853
-0.4859
-0.7058
0.2941
0.2797
0.0674
2.2460
-0.9060
-0.6676
0.0371
0.1381
-0.8814
-0.8407
-0.1354
-0.3270
4.4898
0.1253
-1.9651
-0.1432
-1.0055
-4.3877
-0.7499
-0.3595
-0.1263
-0.1572
0.6413
-0.6492
0.9261
0.9313
0.4098
-0.6888
-1.2306
-0.1631
-0.2551
1.0745
-0.0510
0.3531
-1.1303
-0.5044
-0.4958
0.1493
-0.6748
-0.3681
-0.5362
-0.9948
-4.7797
-0.1420
-5.2723
-0.8195
0.6406
1.8557
-1.5657
-2.2656
1.1508
2.0485
1.0289
1.9116
-1.0806
-1.8991
3.8336
-1.8424
1.2439
-1.2151
3.5295
3.0157
-2.1900
-2.8313
2.2828
2.1948
2.0544
-0.8435
-0.4470
-0.8194
-0.9194
0.7007
4.0108
0.2286
-2.6125
-0.0241
-1.1907
-3.7991
-0.2987
-0.3576
0.3883
-0.1994
-0.2466
0.8117
0.9978
1.3151
0.9032
-0.2339
-0.8942
-0.5608
-0.5093
1.5408
-0.2671
1.4670
-0.3201
-0.8406
0.2362
-0.0751
-0.4864
0.0122
-0.4961
-0.8305
3.9204
-0.2737
-2.3702
-0.1102
-0.6627
-3.5524
-0.5790
0.7005
0.1159
-0.4239
-0.6343
-0.4727
0.4650
2.9707
0.0477
-0.5567
-0.4875
-0.6865
-0.6927
0.8409
0.8200
-0.5470
-0.5081
-0.7160
0.0357
0.2735
-0.4638
0.3837
-0.4303
-0.8524
4.1097
-0.1993
-2.2289
-0.2606
-0.7401
-4.2060
-0.7226
0.9990
0.1188
0.7591
0.6748
1.1648
-0.4535
0.1213
0.0068
-0.5321
-0.1688
-1.0004
0.3574
-0.0958
1.8373
-0.3111
-0.3028
-0.7993
2.0015
0.0685
-0.1774
-0.6173
-0.3349
-0.5373
0.5972
0.3012
-2.0629
-0.1524
0.0986
0.1390
0.6643
0.3908
-0.0864
0.5294
1.1231
-2.2588
-0.8913
-0.1143
-0.6495
2.7905
-0.6999
-0.0233
0.2064
-0.1125
0.8578
1.9028
-0.2606
0.8639
0.3371
-0.2161
2.3786
-1.7911
-0.0337
-2.3796
0.2257
-0.9078
-2.1173
0.2315
-0.9368
-0.4008
1.1925
1.9066
0.3215
0.0189
1.1155
-2.2404
-0.3071
-0.1028
-1.1044
2.1421
-2.3699
0.8568
0.4617
0.0429
0.4821
1.6518
-0.1281
0.5877
0.3825
-0.7761
3.1340
-2.3893
-0.1918
-2.5669
3.7606
0.5599
-1.8444
0.0070
-0.7964
-3.4253
-0.6379
0.3745
-0.0890
0.4817
0.0527
-0.3251
0.1530
0.1825
0.0146
-0.3110
-0.5731
0.2585
-0.2437
0.9496
-0.1418
0.2774
-1.1663
-0.7792
0.1140
0.0279
-0.2791
-0.2318
-0.5746
-1.0550
3.3634
0.1079
-1.9809
-0.0275
-1.0427
-3.0517
-0.6249
-0.5651
-0.1337
-0.2826
0.1628
-0.6166
0.2587
0.8359
0.3847
-0.5695
-0.5297
0.2918
0.0213
0.7268
-0.1201
0.2609
-0.8026
-0.5333
-0.3855
0.2347
-0.2299
0.2004
-0.6803
-0.7984
-0.0999
-0.4290
-2.0699
1.3888
-0.8976
-1.3858
1.7418
0.6376
0.1956
0.7181
1.5773
-1.3940
-1.3639
-0.3519
-1.7547
1.1215
-2.0425
1.9681
-0.1142
-1.8997
0.5388
2.9344
-1.2656
1.5335
0.8364
-0.8669
2.0261
-2.0613
0.3489
-1.3760
-2.1313
0.1929
1.9548
0.5367
-1.0234
-0.1013
0.3166
0.0697
0.0898
-0.5459
0.3933
0.7803
2.9235
-1.4937
-0.5152
1.5401
-0.1882
-0.1465
0.3373
-0.5803
0.4851
0.0315
1.1666
1.8821
-0.2722
-1.1840
1.7682
0.4451
0.0473
1.6154
-0.0628
-0.2734
1.4092
1.1658
-0.7575
0.5472
-0.1106
-0.5949
-0.8991
-0.7276
-0.0235
-0.3644
2.7714
-1.7825
0.0266
1.3743
-0.6939
1.9541
-0.6505
-1.4696
-1.3539
-0.3008
-1.0299
2.1718
1.3199
0.1858
-0.2130
0.9516
0.1585
1.2260
-3.6368
-0.1451
1.4471
0.1003
-0.1223
0.0181
-0.1244
1.3006
-0.2193
-0.3775
-0.2125
0.5631
2.8201
0.3170
0.0552
1.9547
-0.1816
1.6922
-0.4699
-0.5686
0.1848
-0.7767
0.8752
1.5300
1.3997
-1.8773
0.8646
1.1387
-0.5426
1.5794
0.4275
0.0974
-1.9120
-0.4702
-0.6037
0.7015
-0.8570
-0.8409
-0.1898
-0.2067
-0.7088
-0.9082
-1.0185
-0.4777
-0.3776
-0.7830
0.0537
-0.9008
-0.9000
0.2125
-0.3358
-0.6368
-1.4565
-1.0801
-0.3237
0.3460
-0.9690
-0.7598
-0.5573
-1.4406
0.2324
-0.1693
-2.9294
1.3420
0.2022
-0.4565
1.1325
2.4174
1.1157
0.4280
0.4253
-1.7252
0.5101
-0.1733
-1.1922
0.8465
-1.8249
0.7811
-0.3254
-0.7866
1.5569
1.9208
-0.8480
0.2453
2.1336
-0.1046
2.2543
-1.9545
0.1124
-2.8999
3.1675
-0.3502
-2.1222
0.0221
1.2764
-3.3363
-0.3939
-0.7416
0.9679
-0.1263
2.4357
-0.8773
-0.8196
0.0515
-0.3275
1.1106
-0.0627
-0.7277
-0.6670
0.1864
-0.4791
-0.6073
0.0994
-0.4737
2.1828
0.0002
-0.5202
-0.2875
-0.4261
0.1576
3.5642
0.7141
-2.2656
-0.2072
-0.6766
-3.8834
-0.4928
-0.1423
-0.1916
-0.1294
0.4469
1.0131
-0.0087
2.0706
-0.3233
-0.4106
-0.6609
-1.1046
0.0316
0.3497
0.1758
0.3015
-0.7557
-0.7797
-0.2874
-0.2356
-0.3689
-0.7959
-0.6687
-0.9532
0.1537
-0.3270
-2.1773
0.7579
-0.9621
-0.8247
1.5725
1.6429
1.4128
0.4512
0.9234
-1.7881
0.5640
-0.3375
-1.5306
1.1908
-1.8702
1.0668
-0.3649
-0.6832
1.3367
1.4700
-0.6303
0.8388
2.4431
-0.0050
2.1418
-2.1422
0.0906
-2.4623
2.9398
-0.1998
-1.6834
-0.3302
-0.8167
-2.8093
-0.7182
-0.3519
0.0395
-0.0539
0.4422
-0.3465
-0.3450
0.0403
-0.1430
-0.3615
-0.6768
-0.6261
-0.3747
0.8429
-0.0001
0.4486
-1.1293
-0.1285
-0.0874
-0.1278
-0.1328
-0.1556
-0.5777
-0.8795
2.8498
0.0345
-2.0295
-0.1573
-0.4824
-2.8016
1.0285
-0.3357
0.7638
-0.0201
0.5310
0.8287
-0.5320
0.4436
0.0739
0.2514
-0.0476
-0.5274
-0.0124
0.1874
0.2474
0.6070
-0.8647
-0.2059
0.5968
-0.0351
-0.6796
0.2085
-0.6635
-0.7501
3.4295
0.1577
-1.4749
0.6241
-0.2050
-3.9255
-0.5119
0.4993
0.4138
0.2501
-0.1312
-0.1432
0.5370
0.1533
-0.2885
-0.2576
-0.8435
0.5155
0.1515
-0.3321
0.1175
0.0633
-0.8398
-0.5526
-0.2501
0.0258
0.6372
0.0382
-0.4744
-0.4407
-3.3871
-0.0765
1.9417
0.1354
-0.9247
0.7635
0.8124
-1.0143
-1.0590
-1.4159
-1.7517
0.0372
2.5993
-1.6767
-0.0456
0.9184
-0.0210
0.6838
0.7649
-2.4613
0.2884
-1.3073
0.3951
1.6185
0.4625
-0.8717
1.3348
1.4888
0.1028
1.8824
0.1542
0.1479
-2.5241
-0.1950
0.3402
-0.0290
0.5652
1.0725
-0.1417
0.5665
0.3009
-0.6091
-0.5177
0.3234
-0.7653
2.1835
-1.3058
0.8065
-0.7845
-0.8048
-0.1027
1.9596
0.7333
0.7814
1.2546
-0.0320
1.6711
-1.5048
-0.2416
-1.7820
2.8505
0.5605
-1.5676
-0.2579
0.3613
-3.2698
-0.0581
-0.6331
-0.0096
2.2654
0.7333
-0.0176
-0.5780
0.1645
-0.0707
1.2619
-0.1090
-0.8721
-0.2244
0.1612
-0.1535
-0.2767
-0.4517
1.1408
1.8926
-0.2361
-0.8656
-0.5850
-0.0293
-0.7808
2.7728
-0.3050
-1.7548
-0.1906
-0.6308
-2.9053
-0.2905
-0.6238
-0.0435
-0.2890
-0.5165
-0.0969
-0.1347
-0.2353
-0.2729
-0.1696
-0.7462
-0.1884
-0.0633
-0.3466
0.6177
-0.3077
-0.7772
-0.4594
-0.1770
0.3788
-0.0047
-0.5653
-0.1750
-0.5107
2.4349
0.0633
-1.9855
-0.2422
0.1335
-2.3746
-0.6431
-0.1537
0.0013
-0.2252
0.0719
-0.7504
-0.3165
0.1698
-0.1178
-0.3960
-0.7201
-0.0070
-0.2785
0.3028
0.0588
-0.0608
-1.0021
-0.5737
-0.2859
0.1361
-0.4068
-0.4465
-0.4457
-0.8245
0.5378
0.3076
-2.9833
0.5719
-0.2421
-1.6370
-0.7255
-2.1301
2.4616
-0.4829
-1.1466
-1.6417
-1.2180
-0.5819
0.8356
-1.0188
1.2481
-0.8638
-1.3355
-0.1276
2.9606
-1.2575
0.3173
-1.1395
3.3789
0.2479
1.3431
-1.6199
-0.7974
1.3904
0.1916
0.2917
-2.3007
0.2272
0.3531
-0.4738
1.1721
0.5866
0.1420
0.6452
0.0620
-1.0186
0.0416
0.4072
-0.7574
1.4124
-1.2297
1.0708
0.0397
-0.6684
0.1162
1.4637
-0.3053
0.5204
0.4891
-0.3682
2.1783
-1.4562
-0.0227
-1.8279
2.5863
-0.2565
-1.6182
0.2050
-0.0669
-3.0413
-0.5862
1.1950
0.5668
0.6249
-0.5577
-0.1483
-0.3788
-0.6819
-0.1826
-0.2953
-0.8168
0.1806
0.0454
-0.6216
1.0566
-0.7538
-0.9824
-0.3114
-0.0257
0.2515
-0.0523
-0.4009
-0.3158
-0.2918
0.1648
-0.2030
-2.4569
1.3822
-0.6301
-1.7512
1.6372
1.3602
0.0399
0.2617
1.0165
-1.0750
-0.9235
-0.2227
-0.9364
1.6358
-1.6393
0.6911
0.2811
-1.1120
0.7588
1.7737
-0.9967
0.1826
1.4998
-0.9441
2.4443
-1.5622
-0.1715
-1.6058
2.3059
-0.4085
-1.7297
-0.2464
-0.3907
-2.6973
-0.4294
-0.5152
-0.0557
-0.5122
-0.4029
-0.5367
-0.4783
-0.3650
-0.3368
-0.2880
-0.2540
0.3200
-0.6506
-0.5275
-0.1238
-0.2777
-0.3627
-0.6112
-0.3053
-0.1400
0.1715
-0.4918
-0.4961
-0.5512
1.5339
-0.1239
-1.4079
-0.0554
-0.0834
-1.9179
-0.6483
-0.0591
-0.0904
-0.3321
0.3388
-0.7539
0.0979
0.5843
0.1731
-0.2821
-0.7190
-0.0599
-0.2429
0.0157
0.2310
-0.2291
-0.9712
-0.4827
-0.1081
-0.3475
-0.3915
-0.4444
-0.6821
-1.0402
0.1464
-0.2066
-1.8406
-0.5742
-0.5223
-0.3358
-0.6118
-0.4320
-0.3610
-0.3178
-0.4116
-0.7315
-0.8932
-0.4161
-0.5684
-0.5109
-0.5692
-0.6410
-0.7998
-0.5905
-0.4930
-0.6160
-0.8964
-0.8260
-0.5916
-0.0554
-0.6840
-0.7477
-0.5090
-1.1777
2.1203
-0.5570
-1.6625
-0.4765
-0.7146
-3.4263
-0.6361
-0.5846
-0.2881
-0.4367
-0.5426
-0.6877
-0.6462
-0.4132
-0.5993
-0.4183
-0.8431
-0.6742
-0.6961
-0.4407
-0.4030
-0.4398
-0.8977
-0.8622
-0.4943
-0.6415
-0.4265
-0.7696
-0.5570
-0.8316
-0.9249
1.9808
-2.0133
0.3497
0.2368
0.2199
-0.5046
0.5443
0.3026
0.2312
0.4060
-0.8231
-0.7046
-0.2358
-0.4299
1.1665
-1.0002
0.1435
-0.0237
-0.6202
-0.0031
0.9518
-0.9157
0.7107
-0.0633
-0.6771
1.5653
-1.1333
-0.1280
-1.1348
0.0501
-0.5396
-2.0743
-0.4464
3.0647
-0.8700
-0.5495
-0.6832
-0.3132
0.2223
-0.4364
-0.4603
-0.7623
-0.2918
-0.5048
-0.4210
-1.0610
-0.8062
-0.8289
0.1618
-0.4012
-0.4590
-0.8842
-0.3443
-0.1809
-0.6331
-0.6050
-0.9357
-0.6787
-1.1411
0.2765
-0.2861
-1.7161
-0.3507
-0.3266
-1.4018
-0.5846
-0.4975
-0.2142
-0.5566
-0.3122
-0.7311
-0.5094
-0.2732
-0.4187
-0.5117
-0.5818
-0.6826
-0.4025
-0.1069
-0.1553
-0.1849
-0.9534
-0.5164
-0.3131
-0.4920
-0.3711
-0.7471
-0.3969
-1.0068
-2.6189
-0.2828
0.6345
-0.3592
-0.7372
-1.1527
0.9973
-0.3419
-0.3117
-0.4536
-0.1941
-0.8091
1.2708
-0.6812
-0.0353
-0.2595
-0.0801
0.6676
-0.4040
-0.8634
-0.3070
-0.7606
0.1034
-0.5291
-0.0495
-0.6514
1.2115
0.5144
0.8767
1.0055
0.3572
-0.3124
-1.5302
-0.4031
-0.5393
-2.4955
-0.8138
-0.5471
-0.4732
-0.4215
-0.4459
-0.4738
-0.5469
0.1217
-0.3566
-0.6053
-0.6318
-0.6518
-0.5280
-0.4929
-0.3169
-0.1633
-0.8612
-0.5644
-0.3099
-0.8139
-0.4666
-0.4882
-0.3910
-0.7699
-1.1820
-0.4032
-1.6090
-0.1477
-0.5597
-0.6149
-0.5071
0.1847
-0.3247
-0.5257
-0.1786
0.0743
-0.5270
0.4198
-0.4635
-0.3523
-0.4727
-0.2733
-0.3355
-0.2616
-0.2169
0.2647
-0.7567
-0.8416
-0.4750
-0.9050
-0.4433
-0.2469
-0.3958
-1.0394
-3.2090
-0.3453
-1.2161
-0.3737
-0.7616
-0.3891
0.2179
-0.5021
-0.2192
-0.3040
-0.0188
-0.7431
0.2766
0.6006
-0.0225
0.3729
-1.0640
-0.2912
0.1222
0.9854
-0.1802
0.3939
-0.5542
-0.7084
-0.0900
-0.7740
-0.6312
0.6619
-0.3830
-0.4430
-1.9118
0.0114
-0.8384
-0.2681
-0.4737
-1.0839
0.4066
-0.5402
-0.4624
-0.2641
-0.7758
-0.6373
-0.0224
-0.5920
0.5460
1.3243
-0.6490
0.1498
-0.6477
-0.8334
-0.1167
-0.3449
1.1146
-0.6012
-0.2619
1.3216
-0.6783
-1.0323
-0.0591
1.4456
-1.3173
-0.2842
-1.7193
-0.2890
-0.0318
-1.2901
-0.6174
-0.4279
-0.3355
-0.4697
-0.1986
-0.7672
-0.5843
-0.1508
-0.2537
-0.5693
-0.6639
-0.5553
-0.4999
-0.4325
-0.4318
-0.1337
-0.5390
-0.5832
-0.3516
-0.8590
-0.6333
-0.7307
-0.5501
-0.7793
-1.4036
-0.1923
-1.6709
-0.2951
-0.5199
-1.0541
-0.7044
-0.6242
-0.3233
-0.5324
-0.4666
-0.6439
-0.6022
-0.3867
-0.6378
-0.7349
-0.8624
-0.6557
-0.6723
-0.7462
-0.4244
-0.2802
-0.8154
-0.7568
-0.4569
-0.6866
-0.4628
-0.8817
-0.5381
-0.9176
-2.3063
-0.5644
0.2470
-0.3083
-0.7633
-1.7182
-0.1442
-0.4415
-0.3967
-0.5511
-0.3152
0.1640
-0.3397
-0.3906
-0.3927
-0.0580
-0.9456
-0.7545
-0.5996
-0.9454
-0.3845
-0.6369
-0.7482
0.4095
-0.1914
-1.0139
0.0652
0.2539
-0.6942
-0.5482
-0.8813
-0.4825
-1.5990
-0.1900
-0.8107
-2.3160
-0.5052
-0.6166
-0.3476
-0.4258
-0.4408
-0.6183
-0.5789
-0.5121
-0.5978
-0.4566
-0.7002
-0.6742
-0.4859
-0.7189
-0.4421
-0.4579
-0.7685
-0.6161
-0.5603
-0.7541
-0.4122
-0.7702
-0.5207
-0.9724
-2.6686
-0.6098
-1.3450
-0.2712
-0.5345
-2.1963
0.0784
0.1212
-0.2076
-0.2658
-0.6377
0.4832
-0.5133
-0.5644
-0.4208
0.5095
-0.7391
0.6088
0.7814
-0.8201
-0.5290
-0.5104
-0.5701
0.0090
-0.1011
-0.8990
-0.4662
-0.7102
-0.4873
-0.6346
-2.5774
-0.4353
-0.4261
-0.3364
-0.6713
-2.2636
-0.5462
-0.5798
-0.3038
-0.4852
-0.6326
0.6095
-0.3405
-0.3651
-0.6124
-0.2349
-0.9906
-0.6883
-0.4322
-0.9165
-0.2997
-0.5728
-0.9187
0.5803
-0.5105
-0.7984
-0.5737
-0.6326
-0.5115
-1.0014
-2.0342
-0.3873
-1.6262
-0.3830
-0.4533
-1.8209
-0.5445
-0.4769
-0.5040
-0.5026
-0.5867
-0.6260
-0.7313
-0.4360
-0.5141
-0.6438
-0.9391
-0.5617
-0.5993
-0.5728
-0.2370
-0.4989
-0.7677
-0.7469
-0.3180
-0.8230
-0.4599
-0.8562
-0.4803
-0.8304
-2.2572
-0.5583
-1.5665
-0.4401
-0.6180
-2.4245
-0.5906
-0.5438
-0.2817
-0.4190
-0.3358
-0.5593
-0.6035
-0.5390
-0.6379
-0.6535
-0.9347
-0.4857
-0.5781
-0.7544
-0.5891
-0.5022
-0.7932
-0.6628
-0.3964
-0.7316
-0.5798
-0.7498
-0.6145
-0.7233
-2.2568
-0.4220
-1.6183
-0.2637
-0.6061
-2.2137
-0.5064
-0.5774
-0.5442
-0.4476
-0.3535
-0.6334
-0.9207
-0.4391
-0.5798
-0.6569
-0.9331
-0.6914
-0.4931
-0.6009
-0.4607
-0.5247
-0.6857
-0.5943
-0.4873
-0.8906
-0.5134
-0.8079
-0.4367
-0.7305
-2.6413
-0.4352
-1.5551
-0.5599
-0.5497
-2.2755
-0.6973
-0.3314
-0.3969
-0.4439
-0.2158
-0.7199
-0.6271
-0.3031
-0.4072
-0.5076
-0.8593
-0.5729
-0.6137
-0.7211
-0.3871
-0.6332
-0.6992
-0.6579
-0.3890
-0.7150
-0.4155
-0.7529
-0.6923
-0.9522
-0.0981
0.0751
0.1082
-0.1211
0.0839
0.1112
0.0136
-0.2385
-0.1363
0.0411
0.0749
-0.1642
-0.0688
-0.1281
-0.1382
-0.1144
-0.1261
0.0389
0.1529
0.0901
-0.2243
-0.0158
0.0200
0.0327
0.1300
0.0546
0.0807
-0.0068
-0.2088
0.2086

Direct connections:
