version: 10
file format: 0

training data file: /tmp/train-lm-from-UD-corpus.sh.SW0Ldnd4X.train
validation data file: /tmp/train-lm-from-UD-corpus.sh.SW0Ldnd4X.valid

last probability of validation data: -71037.397484
number of finished iterations: 7
current position in training data: 0
current probability of training data: -70849.370742
save after processing # words: 0
# of training words: 341706
input layer size: 139
hidden layer size: 30
compression layer size: 0
output layer size: 110
direct connections: 0
direct order: 3
bptt: 0
bptt block: 10
vocabulary size: 109
class size: 1
old classes: 0
independent sentences mode: 0
starting learning rate: 0.100000
current learning rate: 0.006250
learning rate decrease: 1


Vocabulary:
     0	         0	</s>	0
     1	     57509	32	0
     2	     35977	101	0
     3	     31924	97	0
     4	     25695	111	0
     5	     21256	115	0
     6	     20153	110	0
     7	     19921	105	0
     8	     17464	114	0
     9	     15177	100	0
    10	     13851	116	0
    11	     13671	99	0
    12	      8819	117	0
    13	      7483	108	0
    14	      7371	109	0
    15	      7256	112	0
    16	      3085	44	0
    17	      2984	243	0
    18	      2792	98	0
    19	      2758	118	0
    20	      2477	102	0
    21	      2243	103	0
    22	      2169	120	0
    23	      2021	46	0
    24	      1934	113	0
    25	      1398	225	0
    26	      1242	237	0
    27	      1038	104	0
    28	       996	122	0
    29	       776	233	0
    30	       657	250	0
    31	       650	69	0
    32	       623	65	0
    33	       594	48	0
    34	       510	49	0
    35	       452	50	0
    36	       427	67	0
    37	       412	241	0
    38	       410	79	0
    39	       353	80	0
    40	       352	41	0
    41	       327	57	0
    42	       323	40	0
    43	       248	83	0
    44	       212	51	0
    45	       210	53	0
    46	       206	73	0
    47	       192	71	0
    48	       187	52	0
    49	       183	37	0
    50	       172	34	0
    51	       169	56	0
    52	       161	58	0
    53	       156	54	0
    54	       156	68	0
    55	       145	77	0
    56	       141	82	0
    57	       139	55	0
    58	       131	78	0
    59	       130	84	0
    60	       126	76	0
    61	       108	45	0
    62	       107	95	0
    63	       106	47	0
    64	       100	85	0
    65	        91	86	0
    66	        89	70	0
    67	        74	66	0
    68	        69	88	0
    69	        59	72	0
    70	        50	59	0
    71	        30	107	0
    72	        29	119	0
    73	        27	121	0
    74	        22	186	0
    75	        13	231	0
    76	        11	75	0
    77	        10	87	0
    78	         9	74	0
    79	         9	81	0
    80	         8	252	0
    81	         8	39	0
    82	         7	171	0
    83	         7	187	0
    84	         7	106	0
    85	         6	170	0
    86	         6	61	0
    87	         5	43	0
    88	         4	90	0
    89	         4	193	0
    90	         4	63	0
    91	         3	234	0
    92	         3	191	0
    93	         3	224	0
    94	         3	42	0
    95	         2	180	0
    96	         2	91	0
    97	         2	89	0
    98	         2	92	0
    99	         2	93	0
   100	         2	177	0
   101	         2	211	0
   102	         1	179	0
   103	         1	227	0
   104	         1	62	0
   105	         1	33	0
   106	         1	209	0
   107	         1	205	0
   108	         1	244	0

Hidden layer activation:
0.0002
0.0305
0.0004
0.0000
0.6357
0.0000
0.0305
0.0004
0.0000
0.0001
0.2053
0.0033
0.0032
0.0000
0.0003
0.0000
0.0010
0.0064
0.9955
0.0005
0.0048
0.0003
0.0010
0.0000
0.0001
0.0005
0.0003
0.0001
0.0002
0.0001

Weights 0->1:
0.0833
-3.8159
-3.9899
-3.2475
3.5766
-2.0195
-3.5470
-3.6267
-3.3329
-4.1230
0.4327
-0.8190
-3.5684
-1.9855
0.9059
0.7460
0.4653
-2.4632
1.8202
-2.4077
-0.0314
3.8878
0.7377
2.1084
7.4205
-0.1155
-2.5469
-0.5242
2.9442
-1.2370
-0.3762
1.0846
-2.1892
0.5816
0.2982
-0.2344
-2.5525
0.0297
1.5514
-0.4179
1.5794
0.1783
-1.5368
-0.6971
-0.2814
0.3122
-1.3378
2.2736
-0.3239
1.5459
-1.0303
-0.3000
0.4394
-0.0217
-0.2718
0.1078
-1.2670
-0.1870
-0.8709
0.2891
-0.3608
-0.6442
0.7933
0.1999
-1.2345
-0.9708
0.1322
0.7611
-0.4343
-0.8404
0.3049
-0.9414
-0.6575
0.8217
0.4493
-0.3972
-0.2618
-0.3540
-0.0759
0.4875
-0.6292
0.4112
0.3757
0.5474
-0.0290
0.1627
0.5496
-0.0165
-0.5356
-0.0319
-0.0683
-0.0139
0.1471
0.1847
0.3597
0.3958
-0.1188
0.1638
0.2864
0.0606
0.3195
0.0150
0.1184
0.0567
0.0442
0.0127
0.0745
-0.1626
-0.1419
-2.1930
0.4000
0.0534
-0.6446
-0.2226
0.4290
0.3862
-2.0150
-1.2398
-1.1604
0.6385
0.2346
1.0171
0.9610
-3.2731
-3.0304
-2.5567
-1.8382
-0.2607
-3.1012
0.6138
1.5131
-1.7865
-3.8609
3.4072
-5.2641
-0.3935
-0.5542
-0.3435
1.0233
-0.0250
0.3336
-0.8028
0.9531
-0.3958
-3.8090
-0.8711
2.4125
0.1315
-2.9437
-2.9148
-2.2232
2.7596
0.2786
0.5263
-3.5679
-0.5256
3.5098
0.8733
-3.5849
-2.5981
-3.2871
-3.6453
0.5849
7.9368
-1.2690
-1.1255
-1.1558
-1.6211
1.6617
0.0511
1.0253
-0.8382
4.3351
-0.6255
3.7868
-2.4302
-0.3873
-0.1004
-1.3501
0.1855
-0.5378
-0.0340
-1.3698
1.3674
2.0710
0.6680
-1.6868
1.6501
-0.0783
-1.1705
1.3580
0.4511
2.2203
-1.1807
-1.2358
-1.0530
1.5634
-1.4448
-1.4862
-0.4240
1.8008
0.8925
1.9846
0.3572
-1.7107
-1.1082
-1.3200
0.3787
-1.3654
0.3480
-0.0465
-0.2473
-0.0931
0.0685
-0.0660
-0.0882
-0.6952
0.1250
0.6886
-0.0949
0.5076
0.2096
0.5255
-0.0098
0.4852
0.5661
-0.1930
-0.1506
0.0663
0.0175
0.2191
0.1250
0.5596
0.5493
0.3935
0.0755
-0.0265
-0.1194
0.1276
0.2469
-0.0297
0.3112
0.0125
0.1249
0.0149
-0.1305
0.0077
-0.0241
-0.6473
0.5033
0.4724
2.0737
-0.3937
-3.0277
2.3445
0.5852
-1.4038
0.3662
1.1120
-1.1871
-0.8790
-1.2657
2.0735
-0.4805
-3.6684
-2.4724
-1.9436
-0.2887
-0.7180
-1.6108
0.0691
-2.3175
-3.1183
0.2937
-3.2651
-0.2792
-1.1314
1.0799
-0.1033
-8.2042
-4.8635
-8.7803
-5.3314
3.2231
-3.4764
-8.7530
0.3049
2.2446
-4.4288
-1.1336
-0.1787
-2.0804
-0.8567
0.4840
-0.3439
-4.9894
-5.1539
-0.4632
-1.2413
-1.9199
1.5892
1.0852
-0.7555
-5.9018
-2.4138
0.7805
3.2120
-3.1960
-2.8427
-2.8590
-2.9561
2.1225
1.6156
1.2856
-0.2953
3.3392
-2.1474
-0.9983
2.5886
-1.3064
-0.6229
0.2657
0.9022
1.3335
-2.2913
0.3784
1.1192
1.2354
-0.0436
0.4539
1.5852
0.4805
-0.2952
-0.0052
0.4773
0.8235
0.9084
-0.4514
0.3802
-4.3835
1.6623
0.0335
-1.3829
0.0875
-0.7574
0.3328
0.3296
-0.0846
1.4059
-0.0223
0.3617
0.7479
0.8206
1.0671
-0.3892
-0.0285
0.5297
-0.3697
0.0364
0.7151
0.6841
0.5672
0.5168
0.4209
0.5132
-0.1920
-0.0215
-0.2295
0.0408
-0.5622
-0.1770
0.3554
0.0979
0.3049
-0.1591
-0.2068
-0.1508
0.1468
0.2696
-0.3493
0.1006
0.1567
0.1474
-0.0014
-0.0206
-0.1056
-0.0993
1.3639
1.4808
1.9614
-0.0449
-1.8837
-0.7871
1.3978
0.8449
-2.8633
1.2239
-0.7661
-2.8408
0.6894
0.1856
-1.0164
-1.9836
-0.0280
1.2644
-1.2239
-0.6743
-0.4154
-0.9790
-0.8632
-0.6730
3.6453
-0.9589
0.0148
1.5353
1.9196
-3.0139
0.0519
-2.6035
-2.6371
-3.1044
1.8267
0.3403
-2.6986
-0.7234
0.0926
-2.8357
-0.3163
-1.7801
-3.7673
-1.2432
-1.3746
-0.7054
0.0424
2.7229
0.3086
-0.0451
0.5674
1.5094
-0.6926
0.0281
0.8813
-1.3086
2.4884
-1.5363
-0.1416
-0.6947
2.5340
-0.7774
-0.5183
-0.3466
-0.4308
-0.2786
-0.3742
-0.0618
-0.2467
-0.4145
-0.1129
-0.4109
-0.2660
-0.2196
-0.1383
-0.2081
-0.4343
-0.3174
-0.3638
-0.0284
0.0292
-0.2119
0.1779
-0.0856
-0.0239
-0.1559
-0.0614
-0.2086
-0.1261
-0.0255
-0.0545
0.0183
-0.0907
0.2934
0.4366
-0.1404
-0.1999
0.0428
0.1108
-0.1269
-0.1595
-0.1336
-0.0187
-0.1432
-0.3668
-0.1792
0.0617
-0.0513
0.0207
-0.0363
0.0259
0.0883
-0.2286
0.0988
-0.0155
0.0199
0.0597
0.0498
0.0063
0.1904
-0.1176
0.1111
0.0293
-0.0487
0.0709
0.1271
0.0049
-0.0914
0.0058
-0.0396
0.0064
0.2463
-0.0877
-0.0008
-0.0134
0.0654
-0.1300
-0.0628
0.1476
-4.5504
-0.9122
-3.8310
1.9157
-0.8879
0.7098
0.1462
-1.7901
1.9888
0.7859
1.8627
0.5055
-4.5657
-0.7766
-0.4894
-1.0213
-0.0311
2.6329
-4.5214
-4.4507
-6.1828
1.0025
-4.5751
2.1502
1.7584
-0.7478
-1.6732
-1.3478
-3.1364
-1.0794
0.2665
-2.3168
-1.7207
-5.3295
-2.4031
-3.1053
-1.3522
-2.2556
0.4539
-3.5541
2.3320
-3.4886
-2.8344
-2.8354
-4.0711
-1.1058
0.7508
2.3859
1.6168
-0.1281
-0.9434
0.3562
-1.9102
-0.6592
-1.6404
0.5217
-1.1957
-0.4055
-0.6884
1.1067
-0.0354
-0.2976
-0.3724
-0.0885
4.8551
3.3547
0.1313
1.4357
0.4014
0.3970
1.7430
2.0548
2.4029
0.8684
3.0783
2.8402
-0.0207
1.2067
3.0537
1.6458
1.0349
2.6390
-0.2719
2.2356
1.0805
0.3292
1.0461
2.7042
0.9726
1.2125
0.7179
1.0969
1.0234
1.9716
0.6452
1.1037
1.3703
1.2274
0.3034
0.7805
-1.0276
-0.0925
1.1666
0.1709
-0.2951
-0.0973
0.8162
-0.0926
-0.2166
-0.1745
-0.2371
-0.1642
-0.2967
0.3474
0.0326
-0.1566
-0.0259
0.8249
0.1625
0.0446
0.0879
-0.0930
-0.0477
-0.1100
-0.2031
-0.1644
0.2529
0.0153
0.0786
0.0163
-0.0273
0.3091
0.0454
-0.0270
-0.0896
0.0059
0.2834
0.0936
-0.1345
2.6925
2.6449
1.3014
2.1462
-0.2549
-2.3688
-2.8308
-1.6981
-0.1869
-2.8722
-0.1463
0.3031
0.8596
-1.5148
0.2135
-2.5378
-0.0639
-1.4201
-1.0425
2.6659
-2.1537
-2.8434
-1.4570
1.4742
0.4989
-1.9662
-0.4470
1.0001
-7.1903
0.9610
-0.0082
-3.7737
-0.4625
-1.1651
-3.0031
-1.7532
-0.4641
-0.2960
-1.2902
-2.7278
-0.6206
-0.6199
1.4776
-3.5270
-0.9512
-2.4049
2.5618
2.9907
-3.0099
0.3984
1.2777
0.6031
0.2630
-0.1302
0.6518
2.7280
-3.0565
-1.9512
0.4781
0.2711
-3.5601
0.1477
0.4106
-0.4828
-2.5740
-2.0819
-0.6382
-3.4779
0.3821
-1.1313
-0.1056
-1.3795
-1.5765
-1.8048
-1.3490
-1.2408
0.7662
-0.4585
-1.3235
1.1066
-0.0312
-0.8285
1.2397
-0.8281
-1.8404
-0.7706
-0.9310
-1.0658
-0.3541
-0.2415
-0.0849
-0.1053
1.2162
1.1499
-0.5065
-0.0938
-0.1030
-0.1860
-0.8328
0.2999
0.3591
1.0399
-0.6032
0.8853
0.2561
0.0344
-0.0745
0.3353
0.4562
0.1556
-0.7583
0.8912
0.7760
0.4327
0.0363
0.1176
0.3932
-0.2327
-0.1251
0.1694
0.2468
0.0127
0.3302
0.6050
0.5441
0.2821
-0.1992
0.0952
0.1156
0.0609
0.2985
0.0446
0.2866
0.0767
0.0871
-0.0529
0.0627
0.0640
0.0804
-1.1358
-6.8530
1.1394
3.5530
-0.0681
-4.1772
-4.6184
-0.5664
-4.3273
-0.2778
-0.5761
-0.5344
1.1204
-0.0403
-0.1757
2.0003
-0.6585
0.3095
-0.1651
-4.3840
0.5104
-1.5282
-0.8113
1.7193
0.9957
1.7980
-2.9620
-0.1399
1.6430
-2.5116
-0.3636
0.0330
-2.9551
-2.9980
-3.3074
-5.0761
4.1842
6.9723
-0.7508
-3.0317
-3.2020
-5.5410
-4.6023
-0.0140
0.2841
-0.7057
2.4926
3.3193
-0.6464
-2.4056
-3.5903
-1.6595
-2.8137
0.1587
-2.0371
3.1664
1.4687
-0.8224
2.2639
2.5579
1.2702
-0.0860
0.7395
-1.5850
-1.5916
-1.5323
-1.5186
-1.2220
-0.1832
-0.9031
-3.0698
-1.3731
-1.6668
-1.4313
-1.1478
-0.8586
-1.1811
-0.3654
-0.9935
-1.4157
-3.1805
-0.9341
0.2220
-1.0072
-0.9244
-1.0828
-0.7598
-1.0022
-0.2978
-0.8228
-0.6649
0.4679
-0.4724
0.0755
-1.2212
-1.1279
-1.3699
-0.6558
-0.6631
-0.9297
0.3565
-0.9179
-0.7236
0.2575
-0.1299
1.0290
-0.2445
-0.1810
-0.1104
-0.3483
-0.9970
-0.0632
-0.0622
-0.4664
0.3699
-0.1085
-0.4064
-0.1335
-0.2865
-0.0247
-0.2610
0.0688
0.0712
0.1114
-0.2956
-0.0931
-0.1329
-0.2831
0.0082
-0.0265
0.0414
-0.3052
-0.1149
-0.0228
-0.2667
-0.0540
0.0871
-0.3442
-0.0621
0.5826
-1.4053
0.2579
0.5783
-1.4109
-0.2965
-3.5603
0.8931
-1.7333
-0.5264
-1.3447
-0.8906
0.6657
1.4447
2.1296
-0.0817
0.6756
-0.6865
-0.1684
-1.8078
0.9682
0.2711
-0.8497
-2.5075
1.6627
-0.7549
0.3877
0.1042
0.7542
-2.0399
0.0301
-3.4094
-4.4894
-1.8948
-3.7351
-2.6509
3.9933
3.4524
-1.7875
2.9821
-0.3188
-1.9441
5.7096
1.9782
1.3238
-2.2055
-2.0721
-3.4488
-0.7055
-1.2703
-2.1329
-0.7130
-1.8392
-2.0713
-0.3639
-1.2107
5.7313
-0.5206
5.2432
2.1698
2.7512
-1.9401
-0.9541
-1.3355
-0.7434
-0.8252
-1.1131
1.8295
-0.4068
-0.5351
-1.5902
-0.6788
-0.0387
-0.2711
-0.6899
-1.0913
-0.1339
-0.0707
-0.7593
-0.1690
-1.2252
-0.7411
-1.1521
-0.5922
-0.0802
-0.3535
-0.2164
-0.8426
-0.2657
-0.2442
-0.2413
0.0034
-0.2709
-0.1085
-0.1860
-0.7004
-0.2573
-0.0256
-0.3063
0.5224
-0.6173
0.0185
0.1904
-0.0378
-0.9160
0.1803
-0.2225
-0.2083
0.1070
0.0437
0.2787
0.2001
0.1017
-0.0829
-0.0488
-0.5268
-0.2646
-0.0586
-0.0142
-0.1077
-0.1171
-0.0370
0.0157
-0.0495
-0.0697
-0.0986
0.0451
-0.0998
0.0407
-0.0083
-0.0159
0.0692
-0.0074
0.1457
-0.0807
-0.1524
-0.1639
-0.0388
-0.0050
-3.4867
-1.7666
1.3472
4.6264
0.2273
-1.4146
-2.6641
0.3008
-1.9755
-0.4008
-0.8977
0.0137
-1.2452
-2.3820
-0.2702
-1.2116
0.9902
-1.4921
-3.2359
-5.2817
-2.8286
-3.6181
3.7670
8.1647
-0.2509
-1.6844
-1.7092
0.3901
-0.5432
-0.4710
-0.2091
-4.7444
2.7376
-5.1674
-3.0715
-1.3259
-3.3287
1.8781
-0.8639
-3.8624
-1.4727
1.3016
3.1177
-4.0508
-2.0939
-0.0571
-0.2448
0.0077
-3.1781
-0.9409
-3.7382
8.9309
-0.1114
-0.1639
-0.3916
-1.8403
2.8142
-0.8311
1.6145
0.2686
1.4604
2.2718
-1.2476
-0.0841
-1.6296
-1.2370
1.7974
0.2173
-0.7189
0.5666
0.0371
-0.2976
-2.6641
-1.5102
-0.9415
-0.7536
1.3634
3.1207
-0.5651
-0.9323
-1.4031
-0.5030
0.1599
-0.6031
-1.6628
-0.0189
-0.7632
-0.5066
1.3155
0.1732
-0.2454
-0.2015
-0.1132
0.7202
2.8357
0.2557
-0.7375
0.3278
-1.2611
-0.2180
-0.0450
-0.8381
-1.1234
0.1579
-0.0270
0.0193
0.0153
0.1245
0.4347
-0.2698
0.2174
0.2418
0.3886
0.2795
-0.0416
0.0039
0.2945
-0.0900
-0.2542
-0.0902
-0.1467
0.8487
-0.3643
0.1405
0.1933
0.2355
0.1260
0.0814
0.0315
0.0769
0.1609
0.0863
0.0826
0.0122
0.2825
0.0239
-0.0559
0.0127
0.1592
1.4794
-0.7689
-3.2816
-0.1944
0.6082
0.4416
1.5200
-0.0972
-1.8106
-0.4292
-1.0001
-7.1792
-0.6786
-3.1034
-0.9310
2.7857
2.2168
1.4188
-0.6568
-3.5015
-2.2060
-1.8428
-1.5489
-3.1564
-1.9531
-0.6124
-0.2347
-3.8318
-1.6131
0.6287
-0.1350
-5.2642
-1.7746
-3.5003
-2.9758
7.1374
-2.0261
-1.3285
-3.6159
-3.8872
-4.2083
0.4800
-2.9906
-5.4614
3.3531
0.7031
-1.7953
-1.0012
-3.0999
-2.3887
-2.2059
0.4569
2.1930
-1.3626
0.5621
-2.5436
-0.9775
-0.5872
-0.8698
-1.0616
-1.3889
-1.9765
-2.6031
-0.5371
-0.7732
-0.6386
-0.3360
-0.1581
-2.2625
0.3325
-0.6431
-0.5206
-0.5314
0.6531
-0.3940
-0.4498
-1.6369
-0.1583
-0.4599
0.2811
0.2145
-0.3902
-0.4562
-0.3565
0.1704
-0.1376
-0.3593
-0.4559
0.8042
-0.0814
-0.4264
-0.9352
-0.3817
-0.8447
0.0233
-0.1888
-0.3823
-0.4364
0.0254
0.0464
-0.1424
0.3244
-0.4004
-0.5625
-0.1544
0.1064
-0.0310
-0.1777
0.1592
0.1948
-0.0250
-0.1868
-0.2803
-0.4281
-0.0354
0.0343
-0.3842
0.0571
-0.1442
-0.0687
0.0397
0.1112
-0.0562
-0.0542
-0.3860
-0.3231
-0.0505
-0.1538
-0.2550
0.0333
-0.2269
-0.1159
-0.2277
-0.1477
-0.1444
0.0559
0.1473
0.0009
-0.0765
-4.2308
-3.1795
-0.1923
-0.2836
1.2186
-0.6757
-2.4958
1.2155
3.1982
-1.3918
-2.6821
1.9976
-2.5755
0.6193
1.6309
1.0353
1.1684
-3.9574
0.1287
-1.8260
-0.2893
1.6204
-0.1422
-1.3781
-0.4910
-1.3229
-0.1220
-4.6952
-3.5778
-0.5888
-0.0359
0.6830
-0.4222
-0.0374
2.0346
-4.2883
-1.0047
-3.6854
-0.3679
-3.3624
-4.6757
0.2947
1.6371
-1.1274
-1.1343
-0.8689
-0.8340
0.6629
-3.0974
-1.1215
-3.7917
-2.1829
-4.2681
-2.0342
-0.6612
0.5698
-0.7923
0.1491
-0.1715
-0.9613
1.3135
-1.8801
-1.6180
-2.1271
-2.3769
-2.5685
-0.4681
1.1578
1.6363
1.2179
-1.2454
-1.8914
0.7377
-0.9191
-1.9618
-1.6590
-0.3131
-0.1505
-1.9490
-1.8691
0.3320
-1.7062
-0.3782
-1.7021
-1.6988
-1.0564
-0.8681
-1.8141
-0.2155
-0.6392
-1.1777
-0.0360
-0.7539
-0.2882
-0.9424
-1.4138
-0.0037
0.1837
-0.8527
-0.9821
0.0881
-0.3110
-1.0848
0.0087
-0.4426
0.7489
-0.3009
0.1114
-0.0467
-0.2194
0.0692
-0.2571
-0.3008
-0.8435
-0.0000
-0.1245
-0.5391
-0.1734
-0.5884
-0.0906
-0.1485
-0.0179
-0.1719
-0.2890
-0.3638
-0.2913
0.0091
-0.4937
-0.3173
-0.1582
-0.1427
-0.1022
-0.2401
0.2764
-0.1016
-0.0483
-0.0097
0.0694
0.0451
-4.6899
1.6059
-2.6437
-1.1362
-1.0298
1.7648
-0.8883
-0.6472
-3.4608
0.5107
0.1208
1.2618
-1.8413
0.4851
0.8954
-2.4332
-2.4714
-4.1205
0.6874
1.0186
-2.2542
-1.2608
0.5465
-1.1203
-0.4023
5.9090
-0.9641
2.3775
-4.3082
-0.0691
0.0588
-5.9081
-1.2513
-5.6082
-6.2606
-3.4364
-0.6310
-3.7488
-0.4460
1.3094
0.4023
-0.1107
-6.9602
-0.5963
-2.0704
0.1523
6.3702
-0.4949
-5.7817
-0.2513
-0.5923
1.9212
-3.0194
2.5168
1.4319
-0.7950
0.1792
2.1865
3.5005
-0.9226
0.0666
-1.6819
-1.9948
-0.2784
-1.7048
-1.1911
-0.7050
1.7541
-1.1141
-0.9547
-2.0373
-0.8838
-0.1384
0.3156
-0.1457
0.1031
-1.0294
1.1555
-0.3568
0.1264
-1.2514
-0.4199
1.8408
-0.1496
-0.1714
0.2921
-0.3863
0.0839
-0.5302
-0.0001
0.3846
-0.2480
0.3786
2.6697
-0.9907
1.0646
-0.1255
0.9083
-0.2116
0.8537
1.1334
-0.0285
-0.9936
-0.1713
0.3367
-0.3028
-0.3846
0.3635
0.0593
-0.1314
-0.0932
0.3863
0.1719
-0.1315
0.0386
0.4471
0.1398
0.0429
-0.0313
-0.2021
0.2503
-0.1828
-0.1499
0.0882
0.0282
-0.0904
-0.2028
-0.1590
-0.0358
-0.2306
0.2191
-0.4298
0.1583
-0.0229
0.0641
0.1876
-0.1078
-0.1128
-0.1184
-4.5529
-3.0702
0.2676
-0.6130
1.8264
-2.7255
-1.7545
1.6611
0.5528
1.3642
-0.6618
0.6382
1.1577
0.4595
5.8203
1.0532
0.6916
-1.6754
-3.2266
0.3811
-0.7722
-1.5945
-3.7446
1.4492
0.6074
2.3887
-2.2465
-1.7692
1.2571
-3.3421
-0.1602
-5.6790
-0.1955
-0.6203
-3.4157
1.9966
-3.8042
-4.5460
-1.0755
-0.4383
-2.0868
-3.2819
-2.7634
2.9474
-0.2777
-3.4673
-0.7940
-1.0876
0.2611
-1.8866
-1.1765
-2.0766
-1.6844
-1.8600
1.8736
-1.5475
-0.8135
-0.7457
2.6902
0.0948
1.3147
-2.1716
-1.1804
-1.0046
2.2855
0.6838
-0.4271
0.1028
-1.8477
-0.7684
2.8603
1.0910
-0.3375
0.8972
2.2805
1.5253
-1.4102
-0.4054
1.1478
3.6909
1.1821
0.5147
0.4218
0.8597
0.5478
-0.0748
0.9272
0.8718
0.9193
-0.9958
0.5001
-1.4559
1.4215
-0.2101
-1.4652
-0.5175
-0.3047
-0.0099
0.3426
0.2259
-0.1561
-0.0670
0.1938
0.0967
0.4377
0.1269
0.3140
0.3064
0.3550
-0.3021
-0.1721
0.4868
-0.0010
0.5751
0.1056
0.2390
0.1862
-0.1039
-0.0755
-0.1895
0.2827
0.0213
-0.0003
-0.1105
0.2649
0.3089
-0.0321
0.1266
0.1185
0.0371
0.3381
-0.1816
0.0484
0.0675
-0.0998
0.0987
0.0539
0.1115
0.0280
0.4808
-1.2370
-0.6724
-1.0302
1.0779
1.2626
-3.0300
-2.3204
-0.4566
-3.5202
-2.5011
0.2003
0.8862
1.6628
-3.7728
1.9732
1.4861
0.6470
-0.7114
1.6964
-1.4173
-1.6108
0.1979
1.3930
-0.2857
-1.9759
0.5080
-2.1096
-3.5187
-2.1216
-0.0663
-2.1075
2.8768
-2.8608
-4.1470
0.4197
1.8415
-0.9026
-3.9749
4.3956
-0.7257
-2.9414
-2.2403
-2.1759
-3.4397
-2.2338
-1.5668
-1.7008
1.7327
-0.3908
-0.2264
4.9169
0.3403
-1.1997
7.6073
-1.2337
-1.1585
1.6714
-1.1263
-0.3064
2.4784
-0.1975
-0.1832
-0.6327
-1.0608
-0.4674
-1.0119
0.1187
-0.1446
-0.4791
-0.4852
-0.6367
-0.6661
-0.9216
-0.5406
-0.7676
-0.7715
-0.6547
-0.4852
-0.6860
-0.8566
-0.6127
-0.7730
-0.4480
-0.1975
-0.3905
-1.0641
-0.3807
-0.2916
-0.7016
-1.4437
-0.3891
-0.5204
-0.5011
-0.9473
-0.3770
-0.1390
-0.2094
0.7244
-0.2513
-0.4028
-0.5074
-0.1536
-0.2289
-0.4013
0.1826
-0.2250
-0.1671
0.3845
0.2004
0.1221
-0.1342
-0.0795
-0.0229
0.0870
-0.1250
-0.1975
-0.1007
0.1292
-0.2153
-0.1612
-0.0358
-0.0038
0.0601
0.0847
0.1398
-0.0886
-0.1377
0.0194
0.0181
0.0278
-0.0434
0.0033
-0.0179
-0.1075
0.1775
0.1396
-0.2998
0.1167
-2.1585
1.4621
-2.3328
-2.6758
-2.4271
-1.8811
-3.2461
2.3954
-4.0331
3.8636
2.4519
0.7461
-2.8007
1.5599
3.3737
-2.5902
1.1298
2.5202
-2.4755
-3.4919
-1.3150
0.4785
-2.4258
-1.8815
-0.7141
2.3898
-1.4828
-1.4243
-4.7820
-3.4439
-0.0231
0.0107
-2.3306
-5.6259
-2.3549
0.3763
-2.8740
4.3301
2.7824
1.9120
-2.6116
-1.1903
6.7370
-3.5497
-1.4295
0.3851
-0.8561
-1.0927
-3.2725
-1.2584
-2.0718
1.1773
0.0437
1.0910
-0.9252
-0.3093
-0.1456
-1.7157
-0.9805
-1.8086
6.9809
2.3660
-1.5380
-0.5041
0.1437
-0.7232
-1.6374
0.1430
-2.2035
0.5395
-0.8572
-1.4097
-0.1278
-0.6833
-1.0402
-1.0742
1.8279
0.7174
-0.7013
-0.6426
0.3308
-0.6266
-0.3498
-0.6785
-0.3115
-1.2970
0.2926
-1.0205
-0.9549
0.8436
-0.2845
0.3943
-0.9844
-1.6926
1.8006
-0.5399
-0.8446
-0.1424
-0.2924
-0.3640
-0.6468
-0.3124
0.2600
-1.2843
-0.2904
-0.1128
0.4082
-0.6937
-0.4952
-0.4632
0.6667
-0.8574
-0.9943
-0.4946
-0.0783
-0.8030
-0.8659
-0.0217
0.1034
-0.1168
-0.1043
0.0107
-0.0972
-0.6149
-1.0271
-0.7886
0.1297
-0.1050
-0.4881
-0.0531
-0.6289
0.1538
-0.4357
-0.1544
-0.3789
0.0252
0.0366
0.0382
-0.0682
-1.7562
0.9499
2.1745
1.5078
-0.1953
-3.0944
-1.0116
-3.2251
-2.7472
-1.4685
-0.1995
-0.9103
2.5173
-0.1224
-2.7856
-0.7722
-4.0698
2.3624
-0.4717
-4.7337
-0.5166
-0.3169
-0.3930
-0.3667
0.2356
-1.6858
-1.0512
-1.6256
-1.5996
1.2998
-0.1980
-2.6342
-0.6297
0.4449
-4.0854
0.1176
-2.6447
3.0587
-4.0687
0.8999
-4.2328
-3.9686
4.6082
-3.6343
0.4655
1.5581
-1.2197
-0.8003
2.0485
-0.2306
2.3964
-0.4854
-0.0812
-1.1157
-1.0857
-0.3571
2.8535
2.3506
0.0615
-0.9527
-0.0920
-0.6373
-0.8174
-1.0449
-1.0320
-1.0251
-0.4796
-1.7331
-0.4701
0.3179
-0.6787
-0.8845
-0.6515
0.0574
-0.5465
-0.6674
-0.3017
-0.1815
-0.5783
-0.4009
-0.4543
-0.6567
-0.4455
-0.4699
-0.4279
-0.3011
-0.0140
-0.6205
-0.0806
-0.2320
0.1942
0.5328
-0.3785
-0.4219
0.1361
-0.5579
-0.0611
-0.3499
-0.3205
-0.1771
-0.2412
-0.2947
-0.2032
-0.0424
-0.0617
0.2376
-0.0547
-0.2420
-0.0310
-0.0437
-0.0146
0.1258
-0.0734
-0.1761
0.0687
-0.2828
-0.0326
-0.0994
-0.0575
-0.0155
0.1009
0.0983
0.1567
-0.1764
-0.0260
0.0415
-0.0439
-0.0291
0.0587
-0.0662
0.0257
0.1307
-0.1170
0.0311
-0.1433
-0.0331
-0.0434
-0.0468
-0.0011
-0.6697
-1.1899
-4.6823
-2.5024
0.4286
2.6683
-7.5892
-4.5803
0.6380
0.4085
0.8700
-2.3426
-3.1230
3.2963
1.7154
-1.2423
0.4495
2.1357
-3.4960
-2.6648
-0.0974
-1.3102
0.6024
1.6691
-2.1936
3.0135
4.3635
-0.0456
-3.2699
-1.3509
-0.3186
-7.7390
2.6561
0.9762
0.3774
-1.2317
-0.5796
2.6486
1.8299
-1.8656
-2.3820
-4.6270
-2.1460
-1.4036
-5.0391
-2.1256
-1.5908
0.8657
-0.6334
-5.0815
-4.1706
-2.6151
-2.6331
-1.6920
-1.0293
0.2711
4.1206
2.3056
3.3508
2.3120
-0.9773
-0.8453
-1.7474
-2.8216
-1.1910
-1.3326
-1.5263
-1.8225
-1.5398
-0.4865
3.0459
-3.2980
-1.9577
-0.1812
-1.1694
-1.1074
-1.6117
-0.3716
-1.9380
-0.3583
1.2000
-2.1367
-0.7634
-2.1003
-1.0544
-0.1825
-0.7847
-2.0016
-0.4842
0.0034
-0.3654
-2.8975
-0.0453
-3.5508
-0.7114
-0.2230
-0.8083
0.5150
-0.5305
-0.1513
0.4760
-0.5654
-0.5675
0.6193
0.6261
0.0706
-0.2462
-0.5750
0.0558
-0.6054
-1.2517
0.1479
0.0712
0.3967
-0.5650
0.5717
-0.3766
-0.5850
-0.3651
-0.1531
0.1465
0.3061
-0.1235
0.0520
0.1102
-0.0006
-0.1801
-0.1063
-0.2253
0.4307
0.1500
-0.7275
0.1123
-0.0226
0.0484
0.0065
-0.2388
-0.4613
-0.0212
0.8512
-0.8544
0.9176
2.2048
-1.2662
0.1901
-2.1676
0.5373
0.3758
-1.0641
-1.9388
0.6853
0.5569
-0.0179
0.4137
-0.8380
1.7572
1.0933
-1.1825
0.7095
-0.1674
0.2901
0.0938
-2.5948
-1.4909
-1.2850
1.7930
-0.0832
-1.8874
1.4360
-0.1389
-3.6440
-4.3457
-1.1805
-4.6794
-3.1028
-2.2562
-1.9618
-0.2996
-3.4142
0.8001
4.3732
-2.8875
0.5438
2.7747
0.2654
-0.8740
1.1880
1.8662
-0.3912
3.5400
-2.3796
2.9659
-0.7660
1.8380
3.2824
-3.0796
1.0555
-1.5715
-0.0358
0.1334
0.0370
-1.1165
-0.5612
-0.1218
-0.1533
-0.9731
-1.1737
-0.6207
-0.8055
0.0581
-0.7399
-0.6085
0.0772
-0.4017
0.2287
-0.9258
-0.2346
-0.2135
0.0939
-0.0377
-0.1999
0.0337
-0.4691
0.3793
-0.4278
-0.4536
-0.2846
-0.5082
-0.4232
-0.0313
-1.1851
0.2011
-0.5907
0.1279
0.0014
-0.2808
-0.3884
-0.0794
-0.1662
-0.0621
0.2768
-0.0272
-0.4108
0.0852
-0.6871
-0.1994
-0.0191
-0.0669
0.0885
0.2372
0.1672
-0.0088
0.0135
-0.1086
0.0844
-0.0483
-0.0587
0.0445
-0.0137
0.0438
0.1836
0.0982
-0.0413
-0.0409
-0.1009
0.0244
-0.1205
-0.0276
-0.1780
0.0888
-0.2267
-0.0125
0.0849
-0.0146
0.0692
-0.0113
-0.2105
-0.0327
-2.4607
-2.5681
0.6953
-1.5769
0.8836
1.8363
-2.4495
-0.4630
-4.1824
-3.4867
-0.6655
-0.4324
-2.5118
0.5541
-1.4776
-0.1370
2.1555
2.6611
-2.9867
-2.3222
-0.9839
-0.1648
0.9032
1.3768
0.3683
0.6004
0.0912
-0.3638
0.4854
2.3155
-0.0464
4.9444
-0.6565
-5.7995
-4.9008
-1.7107
-3.7450
-4.2207
4.4581
5.6833
-2.0078
0.2260
-3.2343
-1.7416
0.5597
-3.2386
-4.2602
-0.1216
-0.2691
1.8367
-1.5102
-4.5487
3.0019
-4.3209
2.3704
-5.5213
-0.1959
2.1024
-2.5811
-1.0852
1.7766
-0.5619
-0.9890
-2.8859
-3.3441
-3.0756
-1.6537
2.4239
-0.7812
-1.2552
-2.4786
-3.0068
1.3465
-0.7539
-2.6916
-2.4651
-2.2952
0.6714
-2.3647
-1.4885
-2.0182
-2.5779
-2.6004
-2.3142
0.5658
0.3350
-0.7342
-2.2194
-0.4290
-0.4829
0.0455
-0.5476
-1.1484
1.6283
-0.6774
-0.6787
0.1095
-0.7664
-0.8967
-0.1592
-0.8414
-0.7723
-0.6995
-0.3415
-1.4792
0.0478
-0.4451
-0.5152
-0.3153
0.0438
0.1304
-0.3733
-0.6567
-0.6922
0.6384
-0.5588
-1.1071
-0.1842
-0.0473
-0.2622
-0.3021
-0.1187
0.0132
-0.2700
-0.5928
-0.3582
0.0615
-0.2445
-0.3607
-0.0265
-0.1421
-0.0710
-0.3754
-0.0049
-0.1190
-0.1843
0.3482
-0.3481
0.0249
-0.9517
-0.5729
-0.8163
0.6777
-0.6194
2.2423
-0.7910
1.5867
-1.9993
-2.0258
1.9357
0.7183
-1.3499
-1.8722
-0.4278
-0.7006
1.6829
0.2070
-0.6848
-0.1411
-1.5844
-0.4422
1.3915
0.3805
-1.6258
-0.5754
0.3333
1.5521
-2.0764
0.3845
0.1044
-9.0809
2.2595
6.2699
2.9549
1.1617
-3.3936
-5.2652
-8.8569
-1.0679
-4.1392
-7.2832
5.4006
-7.2009
-1.7558
-3.6632
5.3069
-1.8946
-3.7444
-3.1317
-2.9725
-3.9995
-2.0625
4.4936
-3.1654
2.7316
3.4449
-3.7267
-4.1496
2.5277
3.2685
0.4879
1.2235
-0.5611
2.0884
0.8035
-2.1610
-3.1979
0.1607
-1.2200
1.1326
0.6312
-1.0445
-0.8882
0.9513
0.8779
0.2459
-0.3414
0.4984
1.7413
0.4091
0.9748
3.5031
0.4374
0.7874
-1.2511
-0.5359
0.5148
-0.6402
-1.1001
-0.5516
-1.3370
2.2472
2.8123
0.1048
0.6674
-0.4855
0.3932
-0.0545
0.2377
1.9291
0.3593
-1.0333
1.2306
1.0042
-2.0463
-0.4005
0.2424
0.0671
-0.5394
-0.2041
1.1383
1.4953
0.7211
-0.8653
0.1354
1.2963
-0.0232
-0.2120
0.0910
0.3182
0.2100
0.3091
0.8857
1.0882
0.7571
-0.0292
0.1062
0.4307
-0.0220
0.6930
-0.1622
0.5159
-0.1232
0.3674
0.2691
-0.2101
-0.0790
0.0599
0.3932
0.0694
0.2181
0.6212
1.3360
0.7012
-1.1389
-0.4469
3.6429
1.9138
-0.3399
1.9273
-0.1939
-1.2374
-2.1179
0.2322
0.1366
2.2464
-0.4149
0.9886
-1.7388
-0.3996
3.7958
4.0802
-0.5730
2.2934
-0.4994
-2.0206
-2.3517
0.3254
-0.2667
-1.9927
0.4209
5.3058
4.7790
0.5391
-4.4803
-6.1325
-3.9140
0.2103
1.2707
-2.5524
0.2664
0.4367
-1.7301
-1.5980
-4.8847
0.5809
-2.0223
2.1574
0.1077
0.2188
-1.1924
-4.8100
0.9736
1.9087
1.4564
-0.7823
1.1474
0.9893
0.9655
-0.9840
-1.5244
-4.3738
-2.4606
-1.9715
-2.8493
-0.0880
-1.2709
-1.6240
-1.5523
-3.5175
-2.0772
-1.7314
-1.2403
-0.9132
-2.4042
-1.4732
-0.8203
-1.2073
-1.7577
-2.3899
-0.7726
-0.5476
-1.3399
-1.5259
-1.8325
-1.0272
-1.7426
-0.7662
-1.5212
-2.4098
-0.5577
-2.2774
-1.0071
-1.1782
-1.1861
-1.7001
-0.6286
-0.2039
-0.5823
-1.0576
-0.5419
-0.3690
-0.1121
-0.2358
-0.5268
-0.6130
-0.3222
-0.5713
-0.2649
-0.0378
-0.2747
-0.0926
0.0513
-0.3331
-0.1145
-0.7596
-0.2631
-0.1078
-0.2339
0.2360
0.0915
-0.0855
-0.1945
-0.1021
-0.2374
-0.2431
-0.3168
0.1101
-0.1287
-0.3723
-0.0679
0.0157
0.0456
-0.1012
-0.3390
-0.3147
0.0503
1.5437
1.8996
0.1235
-2.7323
2.1169
-0.6812
-1.7966
0.3820
2.2583
3.6838
-5.3941
-1.5563
1.5865
2.9113
-4.8239
0.7462
-2.5364
1.2962
-0.9081
-1.1304
-0.6849
1.8109
1.0224
-0.7720
0.3069
-0.0237
-1.5180
-2.3318
2.6048
1.3042
-0.1058
-5.3406
7.1927
1.8166
2.6420
-2.6634
-4.2037
-2.1244
-0.5200
-0.6101
-0.7937
3.4338
1.0208
1.1303
-2.8161
-0.7239
-3.0388
4.6340
0.8493
-2.9732
1.1211
-4.3057
-2.6541
-2.6141
-1.2275
2.5489
-0.2754
-1.1349
-0.7528
2.7556
-0.8553
-1.1264
-0.8466
-2.7084
-1.3998
-0.7240
-0.7676
-0.6580
-0.4549
-0.9112
-1.1693
-1.1247
-1.3998
-0.6050
-0.5485
-0.7479
-0.8715
-0.3997
-0.7852
-0.1759
-0.7243
-0.9656
-0.8612
-0.9517
-0.1355
-0.8403
-0.9719
-0.5088
-1.1865
-0.2546
-0.6355
-0.9047
-0.4165
-1.4137
-0.5843
-0.5716
-0.3217
-0.2298
-0.6180
-0.2436
-0.1026
-0.1202
-0.1535
-0.2229
-0.3378
0.0970
-0.0446
-0.0176
-0.0130
-0.1232
-0.2717
-0.0335
-0.0773
-0.1305
-0.1595
-0.0949
-0.0493
-0.1074
-0.0953
-0.0892
-0.0058
0.0329
0.1018
0.0451
-0.0725
0.1128
0.0437
-0.2522
-0.1543
0.1559
0.1325
-0.1515
-0.0455
0.0940
-0.1447
-0.0299
0.0001
-0.0289
0.0471
3.1247
4.5904
-1.1586
-2.2530
-1.7058
1.0905
1.2589
-4.2013
-3.7238
-1.4140
1.7443
-1.4451
-0.1731
-0.4347
-4.2961
-1.5964
-2.4954
2.5253
-4.3028
-1.0609
0.8849
-2.2647
1.1682
-3.5723
0.9497
-0.8364
-0.6503
2.2552
-0.9687
2.8566
-0.0077
-2.1487
-5.5605
-4.1459
-2.1110
-3.8577
0.3396
3.3293
6.9269
2.0347
-1.3246
-3.9248
2.8074
-3.6421
-1.2143
-1.6576
3.4426
5.7471
-1.2987
-3.7675
-3.5949
-1.1368
-0.7882
0.3181
-1.9800
-0.0702
1.2711
2.0605
0.1016
2.1702
-1.1857
-1.3760
-1.2447
-0.0104
2.1535
0.7898
-1.3124
0.2611
-0.4631
-0.0641
-0.4813
2.2109
0.0055
-2.2944
1.0389
0.8306
-0.0017
-1.7363
0.9810
0.1134
-0.9145
1.2173
0.6088
1.1380
-0.0017
-0.8120
0.4405
0.7658
-0.6435
0.5680
-0.6124
0.0535
0.1497
1.7461
0.8625
-0.8864
-0.0264
-0.3421
-0.9009
-0.6660
0.3995
-0.0436
-0.0674
-0.0037
0.0941
-0.1666
-0.5019
0.0496
-0.3602
-0.5392
0.0980
0.4126
0.3634
-0.0179
-0.2674
-0.1629
0.6460
-0.2134
-0.0105
0.2691
-0.0081
0.0120
-0.1794
0.1309
0.4063
0.3294
0.2804
-0.1600
0.1294
0.0738
0.1656
0.0218
0.2379
-0.0394
0.1425
0.1092
0.1397
0.2462
-0.1022
-0.9229
-0.0527
-0.3618
0.4775
-0.5847
0.1366
-1.2890
0.5234
-0.9633
-5.5078
1.2118
-0.1157
1.6143
-0.4237
-0.0903
-2.4701
0.5190
-1.9726
-0.6377
-1.0166
-1.3712
0.3537
0.8942
-1.1158
-4.4246
1.7036
0.3185
-1.6606
-6.2690
0.7410
-0.0686
-3.5316
-4.4312
-3.9952
-4.8094
0.4250
1.8992
-3.4944
2.3804
1.5232
3.3945
1.4264
-1.5632
5.0391
3.6616
-1.6796
-2.1199
-3.5915
0.2990
-0.7656
-0.7937
-2.1063
-1.0492
-0.2327
1.3647
-2.7952
-4.0061
0.2861
1.4777
-4.2116
-3.4605
-2.3919
-2.1953
-1.1397
-2.1600
-1.5141
1.1053
0.8345
-2.0453
1.0124
-1.2928
-1.1636
-3.4669
-0.3829
-1.8993
-1.6000
-1.7139
0.8284
-1.7635
-0.6078
-3.1161
-1.3881
-1.0872
-1.5612
1.3520
0.7465
0.9284
-1.6791
1.3569
0.3882
1.4294
-1.7624
-0.8523
-1.9330
-1.3916
0.7192
0.5252
0.5978
0.4884
0.1862
-0.3409
-2.1274
0.4553
-1.1305
-0.3441
0.0666
-0.8451
-0.0136
0.2567
-0.0914
0.1245
-0.9766
-0.9775
-0.4176
0.1792
-0.2162
-0.8496
-0.1486
-0.1756
-0.4981
-0.0821
-0.1536
0.0285
-0.6501
-0.9043
-0.4455
-0.5709
-0.1108
-0.7788
-0.1109
-0.3696
0.0104
-0.3827
-0.0492
-0.4952
0.0427
-0.0799
0.0198
-0.0504
1.4342
0.3779
0.7017
1.5554
-0.4934
-6.0755
-1.2540
-0.4337
-2.5147
1.8919
0.1022
1.2017
2.1177
0.2055
-2.4513
0.7789
-3.0819
-0.8976
1.3362
-6.6674
-0.4312
-1.3163
-2.3881
0.3999
1.0112
0.5191
-2.0066
-0.5152
0.6639
1.3702
-0.1278
-6.2483
-5.6196
-2.7547
-6.0342
-4.2013
4.2813
1.7396
-2.1482
0.2534
1.0299
-0.0705
-0.0194
-2.8684
-4.3847
-0.4860
-1.1999
-5.6481
3.5772
3.5662
2.3130
-3.1990
-2.0799
-1.4290
-1.3203
-4.5402
0.3065
0.4249
1.2536
-3.5105
-0.0504
-1.0939
-0.4305
-0.7177
-0.5528
-0.1904
0.1032
-0.2815
-0.6427
-0.3351
4.0190
-1.4110
-0.7833
-0.1158
-0.0730
0.0828
-0.2454
-0.4307
-0.0677
-0.0420
0.7794
-0.2981
-0.0171
0.0071
-0.2247
0.0609
-0.3211
-0.1300
0.1623
-0.1771
-0.2433
-1.7977
0.3121
-0.6341
-0.9261
0.3857
-0.0011
0.1321
-0.4088
0.3537
-0.0521
-0.2951
0.0121
0.5429
0.0502
0.3078
-0.1873
0.4660
0.0468
-0.2379
0.0319
-0.0431
-0.2249
0.2261
0.0564
0.0798
-0.2450
-0.1543
-0.1927
-0.0534
0.0727
-1.0270
-0.0763
-0.1611
0.1118
0.0856
0.1148
-0.0312
0.0100
0.0563
0.0375
-0.1660
-0.0475
-0.0090
0.0787
-0.0806
-0.0613
0.0037
0.0048
-3.3335
-0.2693
-0.9370
1.4870
-0.7323
-3.1332
-1.1492
-0.6328
0.0509
-0.1678
-1.9392
-0.1605
0.2789
1.7059
1.2273
-1.3013
2.0705
0.7298
-1.0588
-0.8395
-0.7875
2.5820
1.4389
-0.9943
0.3312
0.9516
0.3995
-1.8311
-1.1740
0.1015
-0.0951
-1.5381
1.1709
1.2421
2.6530
-0.2072
-2.4074
-3.4747
1.2219
2.9396
-3.3552
-3.4458
0.8048
-2.8695
-1.2548
-4.8712
-0.7631
3.9226
-3.0371
2.6265
-2.9148
-3.7958
4.6564
-2.5955
2.8200
2.0972
-1.0168
-1.6169
-1.5798
1.7702
-2.3454
2.1358
-0.2360
-1.2882
-2.6415
-1.9163
-1.9076
0.2985
1.1894
-2.9285
-0.3869
-0.8772
-1.9684
-0.8449
-1.7034
-1.1284
-0.7492
-1.6526
-1.7696
-0.0463
-0.5139
-0.7721
0.3632
-1.4796
1.0845
-0.1871
0.1323
-1.6919
-1.5951
-1.8589
0.6956
-0.4672
-1.3285
0.5159
-1.3276
-0.0194
-1.0285
-1.5365
0.7876
0.0423
0.1968
-0.5428
0.3076
0.2024
-0.0277
-0.1117
0.1165
-0.3787
-0.9821
0.5457
0.2610
-0.1542
0.3608
-1.2307
0.1228
0.2828
0.2906
0.0920
0.1454
-0.2293
0.0100
0.1084
0.4988
0.3752
0.2572
0.0756
-0.1890
-0.3403
-0.1564
-0.0696
0.0197
0.1843
0.1025
-0.1125
0.1207
-0.0206
0.1723
-0.1192
0.0686
0.2924
3.7656
-0.3201
-1.0130
-0.8055
-2.5379
-0.1235
1.0795
-6.5460
-1.0027
-1.0532
-2.1246
0.4141
1.7100
-0.7523
-2.6854
-2.2346
-1.6662
0.4662
-2.9364
-0.9933
-2.9960
-1.5263
-0.9461
-2.2083
1.0103
-1.7862
1.4364
-2.3927
-0.0368
-0.1130
-5.0017
-0.6386
0.8883
-5.9891
-0.3972
1.8666
-1.1637
-4.0016
-4.1558
-7.0109
0.1726
-3.6314
0.5541
-1.1744
2.1396
0.1382
-0.2841
-1.1081
-3.6515
-0.7001
-2.1319
-1.0299
0.0005
-1.2144
1.0939
0.4781
-2.0619
-2.9332
0.2294
-0.5410
-0.5389
-0.5388
-1.0011
-0.7100
-0.4422
-0.5595
-2.6204
-0.1919
-0.6060
-0.1142
-0.9981
-0.8549
-0.4256
-0.2776
-0.0816
-0.7246
-0.1893
-0.3619
0.4951
0.0142
-0.2898
0.4979
-0.1471
-0.4343
-0.5155
-0.5906
-0.1399
-0.4289
-0.3817
-0.3556
-0.2533
0.3044
-0.1716
-0.1240
-0.1919
-0.1455
-0.3687
-0.0156
-0.3243
0.2707
0.2895
-0.0669
-0.2964
0.2068
-0.6285
-0.0346
0.0437
-0.0605
-0.0260
-0.0884
0.2165
0.2028
-0.0046
-0.3790
-0.1011
-0.1472
0.0237
-0.0522
0.0501
0.0915
0.0858
0.1099
0.0086
-0.0862
0.1288
-0.0029
-0.1445
0.1549
0.0711
0.0143
-0.1836
0.2083
-0.0133
-0.0708
0.0578
0.1370
-0.1444
0.0151
-2.7351
-1.6495
1.0855
-1.1557
-2.9681
-1.2600
-0.9186
0.3130
-2.0093
-3.5010
-1.8002
-0.6275
-4.9542
1.5798
4.9182
2.7414
1.4354
-0.6404
-2.0145
-0.1888
0.0065
-0.4666
-3.4380
-2.4941
2.9947
-0.5693
1.6136
-2.3168
-0.0688
-4.0018
-0.0658
-5.4069
-2.2198
-3.5965
-1.2171
2.4734
3.2268
-3.3879
1.1727
-4.1246
-0.6242
0.0421
-0.2847
3.4287
-2.8203
-0.7905
1.9043
-2.3759
-2.6771
-2.4285
-0.6072
-3.8829
0.6070
1.3918
-0.6106
-1.5998
-2.8200
3.1258
-1.4477
-1.2253
-1.8552
-0.8904
-0.9499
-1.0980
-0.6038
-0.6393
-0.7723
0.1973
-0.5682
-0.8347
-0.9720
-1.5078
-0.5112
-0.5663
-0.5025
-0.1858
-0.6618
-0.1382
-0.4364
0.1872
-0.1795
-0.5423
1.6492
-0.4423
-0.7892
-0.7699
-1.0054
-0.2548
-0.8584
-0.4918
0.0898
-3.6125
0.7349
-1.3059
-0.7187
-0.5156
-0.0921
-0.1992
-0.1022
-0.0446
1.7025
0.4702
-0.5562
-0.0359
0.4288
-1.0785
-0.0357
-0.4718
-0.0756
-0.2805
0.3535
0.0847
0.2199
0.0568
-0.0899
0.6307
0.1138
-0.1811
-0.0861
0.1745
-0.0325
-0.0455
-0.2208
-0.1236
-0.0313
-0.1133
0.0102
-0.0623
0.1952
0.1061
-0.0142
-0.4595
-0.0159
0.0161
-0.0754
-0.0790
-0.0470
-0.2049
-0.1257
3.5734
0.4061
-1.4702
-2.0950
-3.0955
1.1815
0.6976
-2.3004
-1.8324
-2.7482
0.8884
-1.6341
1.0237
2.1447
0.0952
-0.5893
0.6669
0.5616
-4.0840
1.0085
-0.3647
-1.3560
-3.1084
-5.3967
-0.5613
-0.8816
0.6877
-0.7080
-0.9951
-0.1752
-0.2068
-6.1313
-1.4384
-0.5218
-1.9478
-1.1146
-7.0119
0.1165
-1.8886
2.0466
7.0384
2.0481
2.3283
0.2097
-0.4750
6.0731
-2.0740
-0.4669
3.8156
-0.1244
5.5849
5.4718
0.3879
-2.4894
3.0108
-1.2328
-0.9608
0.6470
-2.1926
-0.9287
0.1129
-3.4112
-2.6079
-3.4474
-2.5283
-2.2698
-3.7187
1.9759
-1.6116
-1.6377
-2.8773
-1.8446
-2.0492
-2.4706
-2.1896
-2.2060
-2.9711
-2.6639
-1.9023
-0.8491
-1.4005
-2.2969
-1.3318
-1.8852
-1.4288
-1.5621
-1.7732
-1.9645
-2.2468
-1.2185
-1.2795
-1.9803
-0.9221
-1.0601
-1.2296
-2.7160
-1.0860
-0.6683
-1.0477
-1.1170
-0.8964
-0.7179
-0.4960
-0.3196
-1.4505
1.1851
-0.6099
-0.6998
-0.0386
-0.1241
0.2832
-0.2942
-0.2780
-0.4968
0.6033
-0.8383
-0.4416
-0.7668
-0.5419
-0.4389
-0.3036
-0.0732
-0.0999
-0.2219
-0.2448
-0.2195
-0.1990
-0.2777
-0.3113
-0.2861
-0.2290
-0.1996
-0.0102
0.0052
-0.1030
0.0471
-0.0970
-0.2307
-0.0206
-1.2250
-3.4428
-0.0245
3.0674
0.9539
-1.9289
0.1808
0.6377
1.2730
0.5877
1.3442
-1.0477
-2.1817
-1.1918
3.5149
0.4585
-0.6592
-0.6054
-1.7787
-0.2678
-0.5442
-0.8176
0.1333
0.7941
-1.9418
-0.7837
0.4127
-1.2217
0.1897
-1.1578
0.0838
-4.0835
-2.7408
-5.6744
-4.8371
-1.9201
-1.7204
-0.8711
2.0045
3.1596
-2.8346
-2.6478
-4.7768
-4.6215
8.9188
-2.3772
0.7577
-2.4885
1.3696
5.0494
1.5839
1.3512
4.0246
0.5012
-1.1743
-2.6459
0.9632
1.4863
2.8539
-2.5568
2.6439
-1.7518
-1.4159
-0.2662
-1.4021
-1.0310
0.0454
2.8450
-0.9627
-0.9727
0.0827
-0.3008
-1.1774
-0.0054
-0.6044
0.0651
-1.3577
0.0084
-0.5869
0.3377
-0.4238
0.0987
-0.0051
0.0562
-0.0550
0.4975
-0.0197
-0.0173
0.4236
-0.6753
-0.3262
-1.6075
0.4336
0.4397
-0.9772
1.1255
-0.3308
0.0784
-0.1062
0.6464
-0.0476
-0.7875
-0.1214
0.5065
0.0050
0.5250
-0.4142
0.2190
0.0801
-0.1353
0.2025
0.0517
0.0142
0.0383
-0.0512
-0.0852
0.0144
-0.0434
-0.1338
-0.2768
0.1918
-0.3889
-0.2479
-0.0387
-0.0123
0.0577
-0.0414
-0.0813
0.0598
-0.0165
0.1342
-0.1802
0.1383
-0.0227
0.1055
-0.0113
0.0138
-0.0711
0.0566
-1.5275
-3.1013
0.9026
-2.1082
-1.0709
1.4148
-5.3050
-0.3232
-0.4407
0.2895
0.4429
1.0620
-1.3204
-0.5396
-0.3026
1.5114
-0.6189
3.1416
-1.1904
-3.2990
-0.9243
0.1991
3.6741
-0.2325
0.0075
0.5955
0.2364
0.9274
-2.5484
-1.4888


Weights 1->2:
-0.4642
-0.5855
-0.6362
-0.3230
-0.7537
-0.5213
-1.3137
-0.3439
-0.3476
-0.4731
-1.2482
-0.5149
-0.4495
-0.4091
-0.4790
-0.2505
-0.6254
-0.2775
-2.4366
-1.2020
-1.1437
-0.6494
-0.1955
-0.3750
-0.5923
-0.3982
-0.5300
-0.5789
-0.8246
-0.3417
2.7933
2.4792
2.8270
-0.6641
-2.9783
4.6391
0.6035
-1.7759
2.3815
-2.3834
-0.6860
1.1323
1.6762
-0.1818
-6.7329
-0.6248
4.4682
0.7326
-1.9594
5.5532
-0.3097
0.1977
2.4700
0.0011
1.8188
2.4975
1.1523
4.2368
-0.4203
2.0967
0.2389
-1.9354
2.9241
-0.0818
-1.1553
-4.5053
3.1053
0.6301
-2.1790
2.0428
0.9484
0.3225
1.6760
-1.3017
1.7735
1.6375
-0.2593
1.2217
4.4908
-1.0677
3.0852
1.1608
-0.2881
3.9052
2.7592
1.6587
-0.0143
2.1349
4.5002
2.3431
1.3561
-3.0065
1.6552
-1.1764
-1.8663
-0.3243
2.1873
2.4797
1.6601
1.7473
2.1925
1.1072
0.3459
0.8584
0.7351
-0.5304
3.2532
-0.1276
4.7797
-1.0888
3.1844
1.6466
-3.0143
3.2617
2.5884
-0.7908
0.2356
2.5988
4.2305
3.4907
-0.7223
-3.3987
2.9163
0.4931
-3.1484
0.2461
3.7191
0.7218
1.5243
2.6642
3.0881
-0.1795
1.4503
0.9131
-0.6400
-0.7851
2.1962
-0.8923
3.7924
-1.2420
2.0395
2.4117
-1.2271
4.0444
3.1191
-1.7635
-0.4876
0.9118
5.1983
3.4428
2.7337
1.4980
0.2539
0.6195
-2.9968
3.6008
3.4109
-0.0911
1.4128
-3.2079
0.8243
-1.8516
-0.3541
0.8082
-1.2132
2.1442
3.8791
-0.8335
4.1332
3.5286
1.2082
1.5701
-1.2606
0.2597
2.1128
0.6683
1.6750
0.6728
1.6033
-2.2101
-0.6575
1.0369
-1.2980
4.0237
-2.1614
1.7530
3.3997
0.8478
3.5477
0.9344
1.1377
0.0198
-1.3088
0.4183
2.1639
0.8757
3.6572
1.5043
2.5271
1.9765
2.7769
2.7332
0.8169
-0.2412
-3.5379
-0.2483
1.9092
0.0300
1.7102
-0.8898
-1.4334
-1.6975
1.3279
0.4538
-1.4136
-0.2537
0.1744
-0.4746
-1.9915
1.0476
0.3606
0.6239
-0.0705
0.8102
-0.4459
-1.2083
1.6009
1.7725
3.9999
1.3965
2.6371
3.1599
-0.5928
4.6329
3.3019
0.4469
2.4755
2.8760
3.5619
3.3327
1.5711
-1.5689
-0.3071
0.4356
-0.8642
2.4968
2.5524
0.0030
0.6160
1.4035
1.9538
-1.6255
-2.4255
1.2986
0.0546
0.1613
3.1246
0.0944
2.7123
0.7593
3.7053
3.4208
1.8195
1.1267
0.5875
-1.7802
1.8839
-1.6390
5.6432
-0.9530
-1.6220
-0.4432
-2.9501
-0.7437
-1.1507
0.8925
4.7144
1.1833
0.6617
1.1515
0.2736
-2.1442
-1.8690
1.3653
2.0186
-0.0091
2.0401
-1.3754
4.5244
2.2474
3.4567
1.7462
-0.2724
0.5082
-0.3874
-0.1921
3.5609
1.7544
1.6870
-0.5116
-1.8372
0.8171
-0.8164
-0.2180
-2.7038
0.4745
3.4638
1.8785
0.1001
5.5660
1.9751
0.2007
-3.8893
-1.3114
0.8215
0.9158
2.7386
1.8006
2.7284
1.1501
2.7062
2.9562
0.0512
-1.0157
0.8895
0.3630
1.6045
3.5087
2.1375
-2.6717
-1.8660
-0.0682
-1.2929
0.1587
-1.8409
1.7563
2.5155
1.5938
-1.4460
3.5694
1.8242
-0.2785
-2.6679
0.4572
3.1495
-0.3825
3.3361
1.3585
3.9496
1.4870
2.7854
2.7922
-0.7826
-3.5051
1.2830
1.2643
2.8508
1.5865
1.2210
-1.7418
2.1646
0.5871
0.8508
-0.3555
-4.4984
0.1443
2.3535
0.3467
-0.5499
1.9190
1.4835
1.3798
0.1934
3.6155
-1.1303
-0.8178
1.9193
3.0997
3.0863
-0.1572
2.5648
0.6952
-2.3171
3.0226
0.7073
2.8381
-1.6432
2.4471
4.1879
0.5237
0.6740
0.6914
-0.5590
0.4873
-2.3831
-0.0414
2.8910
-0.6267
1.5689
-2.4797
2.6857
-1.6418
3.7418
1.8608
2.4888
1.2234
1.9451
2.6964
1.7014
1.7419
2.7700
2.4973
-2.9788
1.3057
0.7130
-1.6063
3.1621
-1.6976
3.9852
-1.5491
-1.5959
0.6345
0.0296
3.9337
-1.6456
2.4576
3.0691
1.1435
0.4987
1.6827
1.4094
-1.4683
0.6885
2.1708
2.1852
-0.1239
2.4973
0.7703
3.1685
1.5299
2.7964
2.3444
1.4888
-4.1070
-1.3703
0.0007
1.9417
0.5546
1.5662
-1.4533
0.8247
0.9611
-0.4272
-2.0365
-1.2251
3.6506
3.2314
0.9543
-2.7857
4.8984
1.2616
-2.9427
-2.3748
1.0320
1.7798
1.3177
1.5757
-2.8952
3.9784
1.0348
2.3263
1.0895
-0.9376
-6.4424
-2.1108
1.7026
1.7803
1.4425
2.6793
3.2112
2.9604
2.0438
2.7068
-0.2792
-1.4880
3.6428
-1.4170
-1.0513
2.1130
-1.4668
-2.0561
-0.1524
2.2803
-0.5248
-3.9593
-0.8119
4.3146
1.0632
-2.1984
2.7405
0.4015
0.6438
1.7076
0.3323
1.8111
-0.1854
1.7541
2.0632
-0.3538
1.6301
-2.0761
-0.7812
1.4970
0.5913
-0.9027
0.1789
1.5476
1.7352
-0.1565
1.9431
0.2678
1.1947
-0.4788
-0.5709
0.3982
2.4290
4.8792
1.8240
-0.2697
-3.2944
-0.5447
1.7079
-6.1790
4.2333
1.8236
2.9829
-1.7672
2.1877
2.4070
3.3655
0.2851
0.5906
-0.4730
-0.9867
-1.7018
1.4305
3.0668
1.4297
-2.3388
1.8086
1.9762
0.6257
-1.0159
-4.2032
2.1591
0.1123
1.7933
1.2138
1.1469
1.0459
3.3776
1.4641
1.2026
-3.7598
-3.4794
0.5854
0.1122
-0.3220
2.2527
3.7551
-0.2003
-0.0090
-4.3941
4.0479
-2.8538
4.1246
1.4863
3.6857
-2.1896
1.1714
0.9156
-1.2032
1.2678
2.0347
0.8931
0.2948
3.6325
-0.2295
2.8986
-0.4196
0.9633
2.1409
-0.3464
-0.3693
0.8525
3.0936
0.9719
2.5357
-0.5415
-2.8601
-0.3179
1.1182
1.7397
1.6300
-2.1023
3.7146
3.2330
2.4996
1.6753
1.4969
1.7560
-1.8323
-0.9788
1.3033
-1.4082
1.7111
2.2636
-0.5736
2.5299
0.9048
0.9125
0.8353
-1.7589
-3.8779
0.9572
1.8256
1.0869
1.0635
-1.2997
0.4704
-0.6296
1.7181
-1.5343
-1.3796
-2.3284
1.7393
2.2505
2.5950
-3.4850
0.8896
1.3635
1.2805
-0.9685
2.5054
1.7078
0.2049
2.7940
-1.6034
1.8060
0.8530
1.1571
3.6674
0.7757
-0.1050
-1.1818
0.3977
0.6752
2.0096
0.4206
-2.8407
-0.3966
-0.1896
-1.0249
-1.5023
-0.2573
2.6093
2.2062
2.3933
1.0333
-0.2711
0.7523
-0.1785
-2.3436
2.4498
-0.3825
2.2027
2.5688
0.9341
1.9117
-0.2769
2.2841
2.9475
1.1820
-3.1203
-0.2992
2.5888
1.3082
0.4172
1.1427
-1.7910
2.8115
1.7645
2.7636
0.1537
-0.3738
3.5659
-2.0846
-2.2512
2.1435
-1.7766
-1.1400
-0.7874
1.9610
-1.3220
-2.7592
-0.7012
4.3627
1.5683
-1.1843
2.5599
0.0939
0.4729
0.0191
2.1361
2.1737
-2.0309
1.6419
2.0356
-0.9117
1.1517
-2.1169
0.5356
0.3429
-0.3545
-2.1012
1.0676
3.5025
1.0105
0.2713
0.8938
0.4443
-0.0779
0.5141
1.7006
0.0386
1.3863
0.6409
-1.8897
3.2499
0.2081
2.2860
2.1864
-0.0965
-2.0385
-1.3852
1.9900
0.7754
1.5279
1.1011
-1.2442
1.7517
-0.3924
1.1186
-0.0785
-1.8393
-1.1137
0.8314
1.5976
0.2636
1.9805
0.2243
1.8806
0.0224
1.2148
-2.0850
1.3592
1.7251
1.3118
1.9574
-3.6570
2.8741
-1.4149
0.7963
3.5441
1.0203
-0.4935
-2.2088
3.1272
1.9387
3.1867
-0.8360
-0.3280
1.8632
0.0806
-2.3742
0.0698
-0.5948
0.6147
-1.8707
-0.1989
-0.0056
-0.7842
-0.1632
0.2206
0.3004
0.0908
0.9385
2.4819
1.0564
0.4612
1.9785
-0.1455
1.2484
2.4930
1.4669
2.0947
0.1316
4.0026
3.4186
3.1543
-0.5912
-0.6926
-0.5418
0.3995
-1.6560
-2.0435
2.6087
-0.4154
1.9839
1.1044
1.6907
3.1066
-1.2239
-2.0223
-0.5733
-1.0559
-4.8028
2.6521
1.5807
2.2678
0.2396
3.1873
-2.6367
3.3818
2.3239
-3.3840
-0.1080
-0.7938
-0.1779
0.0007
-2.9086
-4.1579
-2.3751
-0.6229
-1.7795
0.6269
1.5813
2.6068
0.4522
-0.8350
2.3851
-0.5604
-2.0059
-2.0896
2.3684
-1.0981
3.5220
-2.1257
-0.2222
0.3100
1.6278
3.6467
2.1464
-2.4286
0.9847
-0.5041
2.2704
1.3419
1.1100
-3.0649
-0.1700
-2.1369
1.3949
1.4040
-1.1093
-2.4694
2.0378
-1.5485
-1.8948
0.0935
-0.5356
0.4940
-1.1466
-0.0037
1.3567
-0.0160
-1.9386
2.2643
2.2992
-1.6073
2.2563
-0.0533
-0.3933
2.7813
1.8340
1.7035
-1.0009
2.4476
2.3563
4.3189
0.6868
-0.3933
1.6776
0.0920
-4.6468
-1.3154
2.8653
0.5921
-1.3320
2.0968
0.9408
-0.5020
-1.5246
4.9053
1.2460
-0.6570
-0.0779
1.9779
0.3972
-1.0172
0.9722
-0.7679
-1.6918
3.8395
-0.2960
0.9799
-1.2584
1.8249
3.3927
0.9624
-0.0722
-0.7298
-1.0330
-0.1498
4.3754
-0.6569
-2.7790
-0.0784
1.7311
-0.4928
0.5588
1.4880
-0.4403
-0.1566
0.3149
0.4376
-1.3381
-0.8518
2.2934
0.1538
-3.9164
-0.8965
-0.9382
1.4425
0.6055
0.8486
-0.3413
-2.1561
-1.3931
-0.3224
0.1959
-1.3306
-0.8303
0.1310
4.0912
-0.2807
-3.2914
-0.2459
0.6931
-0.0288
0.0228
1.6861
-0.4109
-1.4108
-0.1127
0.8357
-1.2328
-0.8920
2.6059
1.0025
-2.7995
-1.6221
-0.9967
1.3425
1.0199
0.5411
-0.8809
-2.0966
-1.1470
-0.3524
1.5477
3.6868
1.3117
0.6011
2.8893
-1.9683
-1.6221
-0.6895
-0.1050
-1.0052
-1.3983
1.3185
1.3017
0.4672
-1.2163
-0.6106
-2.2622
0.3554
-1.5701
0.7755
-1.8047
-1.5776
1.6605
-0.2422
-0.4062
0.1003
-0.3941
-0.6130
-3.6829
0.3545
0.7080
1.9742
2.3910
0.4137
1.5424
-1.6185
1.6015
-0.6228
-0.7839
-0.4959
1.3005
2.1135
1.3890
-0.1089
0.5680
-0.3975
-3.5307
-0.6150
1.2151
0.4474
-0.3046
-1.4668
2.0452
-1.4604
-0.9087
-0.1830
-1.5488
-0.5980
-2.1261
-1.2243
1.5075
2.2511
1.8372
0.5029
1.2928
-1.5323
1.3675
-0.5987
-0.6383
-0.4984
1.2183
2.0063
1.4336
-0.2512
0.1568
-0.4721
-3.9766
0.1003
0.9385
0.7398
-0.2422
-1.5763
1.9853
-1.1551
-1.1511
-0.9678
-1.1509
-0.2253
-1.8680
0.2066
-0.4042
0.1915
-0.3754
-0.0580
2.4919
-0.3324
-1.9053
0.4809
1.3435
0.0619
1.5082
1.0475
-0.1619
0.1497
0.5992
1.2101
-1.6850
-0.6049
1.8443
0.1758
-1.3811
-1.1269
0.3740
1.3712
0.1641
-0.3960
-1.0814
-1.6146
-0.6775
-0.4304
0.7328
0.9580
-2.9608
1.9569
-2.3300
2.2754
0.1278
1.6904
-0.0886
-0.5322
-1.5973
-1.1566
-0.6648
-1.7007
1.8446
1.3540
1.4957
-1.1488
-2.9852
0.1068
2.5591
3.6845
2.3896
-1.0473
0.2687
-2.5364
2.7206
-2.5515
1.0522
1.0505
0.0597
-1.8365
-0.2750
0.1834
4.4621
-0.4538
-4.1469
0.0127
0.2695
0.2958
-0.5284
0.9580
0.3638
-1.2660
0.4293
-0.0872
-1.1320
-0.7318
2.2600
0.1383
-3.6506
-1.3738
-1.2999
1.8787
0.4003
0.9474
-0.5547
-2.2124
-0.8766
-0.0554
-0.5016
0.4479
-0.8484
0.1496
3.1550
-0.3217
-2.4241
0.3075
0.4624
-0.2439
0.2466
0.0096
-1.1173
-1.0626
0.6408
0.6060
-1.5832
-0.8461
2.0134
0.9517
-2.3994
-0.7307
-0.1824
-0.1685
0.5913
1.2815
-0.6646
-1.2457
-0.2234
-0.4685
2.7093
1.3240
1.5486
0.2276
0.1408
2.4853
-1.9706
-1.8585
0.9285
-0.5398
-2.2094
0.6014
3.2033
-0.9062
-1.0171
-0.0673
2.6196
1.3311
-1.5837
1.5988
-0.1210
0.5788
0.0177
1.3510
0.6230
-0.2602
1.0770
0.4432
-0.5382
2.7027
1.2178
-0.5646
0.0534
0.3547
4.2012
-2.0500
-0.9446
-0.9985
0.1122
-0.9635
-0.5174
-0.9565
1.9823
0.0815
-0.4977
-0.4100
-3.4386
-0.0615
-1.3845
1.4576
-2.8850
-2.4069
2.2882
-0.7498
-0.7102
-1.0412
-0.4840
-0.8390
-0.8499
-0.3965
-0.4869
-0.7415
-1.0313
0.2246
0.0498
-1.1050
4.0220
-0.4995
-0.6225
-0.5493
-3.3853
-1.1580
-0.0606
-0.3344
1.6627
-0.1718
-2.3634
-0.4528
1.8218
-2.6504
2.7750
-1.0858
-0.8346
-0.3320
-0.9403
-0.3544
-0.8120
-1.3038
-1.3997
-0.5771
-0.3213
-0.4222
-1.3348
0.0022
2.2819
-0.4330
-2.0754
0.2882
1.4181
-0.3560
0.8906
0.2801
-0.0224
-0.2048
0.4235
0.1235
-1.4676
-0.0628
1.7824
1.3956
-1.7107
-1.0286
0.6380
0.0484
-0.3718
0.0825
-0.8672
-1.1338
-0.6193
-0.5215
0.5741
1.9431
1.9618
0.1879
2.1309
-1.5715
-0.1117
-0.9332
-0.4259
-0.9464
0.6565
1.8036
1.1660
-0.2213
0.0157
-0.1135
-3.1578
-0.2733
-0.0143
0.4909
-0.9721
-1.3809
1.7700
-0.7876
-0.6639
-0.1719
-0.8371
-0.4054
-1.6790
0.3203
0.6220
2.2789
1.5037
-0.0720
2.1801
-1.4536
0.0579
-0.8772
-0.1194
-0.8145
0.7263
1.1996
1.1537
0.6034
-0.5874
-0.4152
-2.7286
-0.1233
-0.3025
0.1769
-0.7215
-1.5792
2.5163
-0.4410
-0.6230
-0.5597
-0.7226
-0.3443
-1.9121
-0.2327
-0.7091
0.1679
-0.0202
0.3493
1.7245
-1.0552
-0.3726
0.2109
1.3410
-0.0569
1.2232
1.8450
0.2194
0.2393
0.2180
1.1649
-1.7050
-0.0678
0.8550
0.8440
-1.3959
-0.9671
0.3980
1.9806
0.0076
0.3451
-0.6970
-0.9743
-1.0032
-0.1733
-0.3710
-1.1025
-0.5126
0.3412
1.2962
-0.6504
1.1607
0.1989
0.9671
-0.4756
3.4175
-0.3831
-0.3338
1.6668
0.7998
0.4810
-1.5590
0.1323
-0.0513
0.6423
-2.5789
-0.8084
0.1595
-0.2817
-1.1005
-0.0829
-0.5176
-0.8057
-0.9195
-0.3655
0.5263
1.7872
1.5514
0.0019
2.4416
-1.4197
0.5454
-0.7199
-0.2530
-0.6657
0.1967
1.4120
1.4461
-0.1449
0.0371
-0.3326
-2.3640
-0.1037
-0.2642
0.3246
-0.9714
-1.2761
1.7842
-0.4267
-0.5655
-0.1580
-0.6048
-0.5910
-1.9810
-0.2156
-0.8368
-0.0513
-1.5680
0.0739
2.7096
-0.9154
-4.7377
0.1212
-0.4842
-0.4652
-1.4015
-1.4473
0.3194
-1.4632
0.7855
-0.4579
-1.4313
-0.6592
0.4182
-3.6113
5.7988
-1.4244
-0.7006
-0.9684
-0.7586
-0.7098
-0.6649
-1.6532
-1.9379
-0.8020
2.3503
0.2928
1.0491
0.4059
-0.1726
1.6633
0.5263
-1.2183
-0.1204
-0.6136
0.3326
-1.3548
1.9764
0.5058
-0.7768
-0.0916
2.3480
0.6558
0.8769
0.0539
1.2785
0.1254
-0.9743
-0.6000
0.4372
-1.3136
0.7767
1.0312
-1.3410
0.0143
0.6071
0.8588
0.0571
-0.0670
2.6835
-1.2864
-0.0657
-1.0760
0.1947
-0.8999
-0.0308
0.6634
2.3935
-0.1449
-0.6184
-0.3392
-2.6770
-0.1511
-0.6510
0.3172
-0.9475
-1.5466
2.3917
-0.2118
-0.3937
-0.4006
-0.5061
-0.2950
-1.1495
0.0322
1.3004
0.0067
1.7919
0.2451
-0.2495
2.1640
-1.7235
-1.3040
0.8074
-0.7408
-1.6867
0.4377
1.3819
-0.3168
-1.2289
-0.4687
3.3874
0.0198
-2.3465
1.0742
0.3421
0.6947
-0.3753
-0.6962
1.3608
-0.7871
1.2063
2.0892
-1.1423
0.5248
0.9637
1.3861
0.9809
-0.2504
2.6038
-1.5158
0.2812
-1.2128
0.1506
-0.7978
0.1149
1.2959
1.4529
0.0946
0.1286
-0.5996
-2.3940
-0.1629
-0.4859
0.8006
-1.6714
-1.4806
1.4555
-0.5686
-0.6839
-0.3395
-0.6106
-0.0875
-1.9838
-0.5017
-0.6202
-0.4203
-0.8676
0.3445
3.0349
-0.4358
-2.2312
0.3562
-0.3730
-0.3871
0.0230
0.1806
-0.4834
-0.7282
0.0618
0.5373
-1.2278
-0.6107
1.3387
1.3240
-1.5849
-0.6983
-0.5257
-0.7930
-0.0600
-0.1455
-0.6266
-0.7927
0.1638
-0.1777
0.2034
0.8190
-0.7401
-0.0267
1.7398
-0.2635
-1.1897
-0.2390
0.2192
-0.3829
0.9362
0.1223
0.0160
0.8170
0.2528
-0.0316
-1.1212
-0.2899
1.0327
0.0752
-0.7390
-0.5587
0.0187
0.0871
-0.5472
0.4697
-0.6654
-0.7707
-0.6426
-0.1545
-0.7799
0.6646
-0.9478
0.4790
2.0213
-0.3689
-1.3275
1.2337
0.1683
-0.2435
0.7133
0.2004
-0.0770
-0.1566
0.1310
0.6039
-1.3395
-0.2369
0.8390
1.1229
-1.6955
-0.7511
0.3012
0.1706
-0.1420
0.5706
-0.4801
-0.4946
-0.1699
0.2686
0.3352
0.9214
0.5671
0.0563
2.7377
-1.2827
0.2422
-1.1126
-0.2524
-0.8429
0.4160
1.0806
1.4507
-0.4088
-0.1086
-0.2602
-1.8495
-0.1343
-0.5758
0.4105
-1.4981
-1.4006
2.0655
-0.6068
-0.6615
-0.7666
-0.2657
-0.2625
-1.6864
-0.4387
0.2120
-0.1205
-1.1598
0.1963
2.2862
0.1268
-0.5679
-0.0742
0.7146
-0.2438
0.2655
0.3465
0.1030
-0.0648
0.0824
0.0970
-0.8789
-0.0975
0.8664
1.2218
-1.9021
-0.9179
0.1242
0.1185
-0.2131
1.0828
-0.3443
-0.9094
-0.4939
-0.2463
-0.0871
-0.0082
-0.7115
0.3140
2.7553
-0.4484
-1.8773
0.3857
0.6541
-0.2678
-0.1529
0.3706
-0.2704
-0.2775
0.5854
0.5177
-0.9608
-0.5919
1.0897
0.4451
-0.9484
-0.8248
-0.2493
-0.2087
0.0721
0.6692
-0.6225
-1.1007
-0.1016
-0.2794
-0.3981
-0.1875
-0.6742
-0.1512
1.4763
-0.6851
-0.5831
-0.3824
0.2146
-0.3665
2.3945
0.1017
0.3811
1.0739
-0.1835
0.6293
-0.9532
-0.3404
0.2858
0.1225
-0.8011
-0.8397
0.0889
-0.1614
-0.2511
-0.4286
-0.3231
-1.0847
-0.7489
-0.4580
2.0997
0.7514
1.3118
-0.2127
1.1587
1.2885
-0.3685
0.0524
-0.4390
-0.3029
-0.9602
0.0713
1.5413
-0.4331
-0.0724
-0.0461
2.8938
0.4025
-1.7698
0.2397
0.7741
0.4099
-0.2729
-0.6774
0.3172
-0.7068
0.9684
0.3831
-0.1208
0.3281
-0.5773
-0.5859
-0.8679
-0.1779
-0.5543
-0.8397
2.1997
-0.3011
-0.2578
-0.3584
-0.4561
-0.6932
-0.1764
0.0855
0.1891
-0.0018
-1.3275
-0.2704
1.0449
-1.7130
1.8098
-0.5164
-0.4132
-0.5918
-0.6993
-0.3795
-0.7508
-0.6446
-0.8909
-0.2547
-0.1507
1.1822
2.2640
-0.1410
1.8826
-1.0734
0.7279
-0.3480
-0.0911
-0.3093
-1.2588
-0.3733
1.1411
-0.3320
-0.3978
-0.1495
-1.4974
-0.2199
-0.1914
-0.1062
2.3140
-1.0490
0.1429
-0.4468
-0.1534
-0.8460
-0.7209
-0.8409
-1.2055
-0.1714
-0.3862
0.3220
-0.6579
-0.2140
2.0882
-0.9387
-1.4452
-0.3535
-0.1539
-0.0653
0.9115
1.1444
0.1531
0.2036
-0.0046
0.6131
-0.5534
-0.2428
0.4799
0.8226
-1.4850
-0.8875
-0.1149
0.0256
-0.1837
0.0214
-0.5224
-0.6502
-0.5948
0.2863
0.1790
0.0317
-0.3413
-0.1364
1.1203
0.0368
-0.8011
-0.3827
1.4406
-0.2281
1.3484
0.7175
-0.2629
0.0825
0.5921
0.0852
-1.0342
-0.1938
0.2559
0.1814
-1.1844
-1.1363
0.6770
1.1113
-0.0707
0.8525
-0.5226
-0.6670
-0.7852
0.0554
-0.5093
0.1252
-0.1202
0.1673
0.3856
-0.7419
-0.5123
0.0588
-0.2089
-0.3982
1.2581
0.3723
-0.2895
0.1881
0.3443
0.2366
-1.0176
-0.5683
0.6111
0.4622
0.0811
-0.8383
0.3374
-0.2030
-0.1054
-0.4595
-0.6776
-0.7834
-0.2860
-0.4023
-0.3207
0.8126
-0.5802
0.0075
1.7879
-0.3852
-1.6492
1.2648
-0.3891
-0.0906
1.0324
0.3837
-0.0639
0.0696
0.4440
0.4286
-1.2304
-0.2131
0.1102
0.6855
-1.8412
-0.6982
0.7287
-0.2543
-0.4494
0.1527
-0.5156
-0.6232
0.2287
-0.0387
-0.4519
0.2767
-0.3648
-0.1764
-0.0366
-0.4419
0.9133
0.0507
0.2101
-0.5022
1.9992
-0.1911
-0.5323
0.7611
-0.0822
0.4572
-1.2345
-0.2559
-0.1170
-0.1264
-0.6132
-0.7262
0.1897
0.1439
-0.4711
0.4935
-0.3336
-0.4641
-0.8097
-0.1861
-0.2587
-0.3268
-0.0501
-0.1573
1.7858
-0.4186
-0.1323
0.2255
0.3434
-0.1641
0.5076
0.0081
-0.2933
0.2738
-0.0079
0.0951
-0.9816
-0.3788
0.1317
0.0689
-0.9384
-0.8066
0.0200
0.2984
-0.1908
0.1641
-0.4105
-0.8103
-0.4432
-0.2217
1.2577
0.3634
1.1869
0.0658
0.5942
-0.3335
-1.9382
-1.1016
-0.4299
-0.3638
-1.7344
-0.7295
2.0791
-0.9752
-0.7984
-0.4394
2.2683
0.0591
-3.0188
0.6425
0.7045
0.3559
-0.3851
-0.9169
0.4577
-0.6820
1.1956
1.0076
-1.5249
-0.1239
-0.4703
0.0436
-0.6584
-0.2530
0.2570
-0.4555
-0.4581
0.0569
-0.2787
-0.0440
-0.2569
-0.0381
-0.3725
0.0732
0.7741
-0.4464
0.4174
1.5161
-0.5039
-1.2744
0.5166
0.5186
0.5662
-0.5482
0.8280
-0.4034
0.5954
0.5880
0.9928
-0.0367
0.0034
-0.1234
0.9895
-0.1872
0.7303
-0.2951
-0.6666
0.8442
-0.4816
-0.5627
-0.7847
0.4197
0.5390
0.4697
0.0730
-0.3374
-0.4645
0.1543
-0.7147
0.4506
-0.2965
-0.5646
0.0923
0.8198
-0.0609
0.1579
-0.3701
-0.5920
0.3297
0.6469
-0.2861
-0.5122
-0.1076
-0.2810
-0.4979
0.0795
0.5243
0.1415
0.2318
-0.3399
-0.7430
-0.1231
-0.4750
0.2010
-0.2152
0.4912
0.0941
0.0431
-1.0031
0.1975
0.5176
1.1968
-0.3220
0.1227
0.3195
-0.0448
0.9160
-0.5534
0.7915
0.2008
-0.0814
1.1639
0.9138
-0.2689
2.1756
-0.1871
-0.1274
-0.3218
-0.0797
-0.3528
-1.1489
0.2014
0.3858
-0.5671
-0.2779
-0.5264
-0.6699
-0.3028
-3.0527
0.4763
-1.4051
-0.6925
0.1850
1.3337
0.4176
-0.2106
-0.2106
-0.1107
-0.9880
-0.1349
-0.5862
-0.6263
-0.0329
-0.3565
-0.8624
1.0370
-1.4085
-0.5066
-0.2077
0.0466
-0.4763
-0.5775
-0.7046
-0.5958
0.7635
-0.3479
0.2653
0.5023
-2.4196
0.3350
0.7777
0.3969
-0.0121
0.2296
0.2133
-0.3210
0.9959
-0.0036
-0.4509
-0.5567
-0.4490
-0.4522
-0.5900
-0.4388
0.1175
-0.3372
-0.8681
-0.4004
0.1589
-0.3024
0.3961
-0.4219
-0.3024
-0.4735
-0.2880
-0.6183
-0.5385
-0.2588
-1.0495
-1.2517
-0.8993
-0.6252
-0.1602
0.3038
-0.4025
-0.4054
-0.4375
-0.7213
-0.5924
-0.4622
0.0209
0.0048
-0.3338
-0.2917
0.1655
-0.0773
-0.5878
-0.5016
-0.0865
-0.1623
-0.9782
-0.2555
0.0073
-0.4085
0.2132
-0.3699
-0.7256
-0.3213
-1.6245
-0.9156
-0.2806
-0.6515
-0.2061
0.4426
-0.5045
0.2758
-0.5136
-0.6277
-0.7102
-0.2970
-0.4080
-0.3069
-0.3308
-0.3136
-0.1368
-0.2247
-0.9390
-0.1723
-0.4577
-0.2094
-0.3804
-0.3399
-0.3541
-0.4441
-0.1862
-0.2880
-0.6768
-0.3444
-1.2683
-0.8475
-0.7518
-0.5689
-0.1082
-0.3005
-0.4192
-0.2499
-0.7151
-0.4939
-0.6633
-0.3810
-0.4450
-0.3784
-0.5818
-0.4017
0.5210
-0.6770
-1.4489
-0.6107
-0.3010
-0.3728
-0.7389
0.2007
-0.1954
-0.5503
-0.5237
-0.5168
-0.5222
-0.3737
-1.0643
0.0336
-1.1434
-0.6596
-0.3469
-0.3545
-0.4471
-0.4825
-0.5476
-0.6936
-0.5909
-0.2062
1.8723
-0.6125
1.3156
-0.1382
-0.7983
-0.6861
-0.8759
-0.4124
0.7922
-0.1679
-1.0483
0.3132
-0.3412
2.3873
-0.4202
-0.1190
0.3161
-0.2468
-2.5586
-1.5032
-0.8212
-0.8019
-0.2030
-0.2704
-0.6777
-0.5214
0.9264
-0.9127
0.3389
-0.3646
-0.2276
-0.6237
-0.8295
-0.2360
-0.5624
-0.5003
-0.1409
-0.5875
-0.4082
-0.3710
-1.1794
-0.5975
-0.5243
-0.4456
-0.5791
-0.1650
-0.7305
-0.3155
-1.0897
-1.3222
-0.4662
-0.5573
-0.3869
-0.4315
-0.4345
-0.3636
-0.6285
-0.6304
-0.6247
-0.4839
-0.5418
-0.4435
-0.5267
-0.4621
-0.6593
-0.5179
-0.2624
-0.3016
-0.2948
-0.1787
-1.1158
-0.3959
-0.4945
-0.4177
-0.5178
-0.2991
-0.8609
-0.3162
-1.1765
-1.4730
-0.6169
-0.5404
-0.3279
-0.4254
-0.5904
-0.2426
-0.3922
-0.4878
-0.8210
-0.3608
-0.3659
-0.6874
-0.5799
-0.3548
-0.5176
-0.3877
-0.1574
-0.4655
-0.3992
-0.3728
-1.1479
-0.5564
-0.4535
-0.3907
-0.6068
-0.3053
-0.7182
-0.2923
-1.2613
-1.3645
-0.5097
-0.7933
-0.2750
-0.5358
-0.4904
-0.3306
-0.4809
-0.7344
-0.8990
-0.3746
-0.2990
-0.1457
-0.6263
-0.3112
-0.4776
-0.1935
-0.7842
0.2652
-0.2138
-0.4400
-1.0331
-0.6708
-0.5289
-0.6177
0.1229
-0.2476
0.4479
-0.5762
-2.2753
-0.0508
-0.1335
0.2241
-0.0279
-0.2288
-0.2456
-0.2256
-0.3764
-0.5213
-0.4621
-0.2403
-0.0840
0.5085
0.1843
-0.3346
0.9680
-0.5158
-1.2799
-0.6470
-0.2659
-0.3484
-1.2076
0.2090
0.1829
-0.3895
-0.2920
-0.4210
-0.7419
-0.3038
-2.5872
0.0057
-1.3226
-0.7454
0.3103
-0.0868
-0.3840
-0.0313
-0.5276
-0.6987
-0.7283
-0.1200
-0.5438
-0.4607
-0.5910
-0.4036
-0.2941
-0.4463
-0.9415
-0.3992
-0.3819
-0.4255
-0.5207
-0.4226
-0.3535
-0.2998
-0.4480
-0.5058
-0.3640
-0.2818
-1.1983
-1.2288
-1.0032
-0.6689
0.0531
-0.5105
-0.4790
-0.3934
-0.4648
-0.2416
-0.7416
-0.4647
-0.4427
0.0415
-0.3160
-0.4597
0.1466
-0.1475
-1.1729
-0.3104
0.3565
-0.4325
-0.7564
-0.2956
-0.0676
-0.3111
0.2157
-0.4968
-0.6984
-0.3943
-2.3584
-0.3175
-1.0760
-0.5843
0.0698
0.2793
-0.3498
0.0211
-0.4731
-0.5819
-0.6205
-0.3272
-0.3196
-0.4270
-0.4660
-0.3433
-0.6321
-0.3992
-0.8964
-0.3104
-0.2189
-0.1672
-0.9180
-0.3379
-0.2418
-0.5408
-0.4031
-0.4897
-0.8441
-0.4340
-1.9717
-0.8707
-0.7619
-0.7818
-0.1152
-0.0511
-0.4443
-0.1757
-0.4298
-0.6091
-0.5128
-0.5225
-0.2616
-0.2305
-0.5171
-0.3545
-0.3106
-0.5437
-1.1360
-0.3854
-0.3306
-0.3844
-0.5465
-0.4155
-0.3406
-0.3727
-0.3902
-0.4527
-0.7255
-0.3683
-1.8874
-0.9033
-1.0343
-0.5160
-0.3248
-0.0292
-0.5124
-0.1804
-0.5263
-0.5013
-0.7443
-0.3853
-0.2123
-0.3879
0.0605
-0.3794
-0.5782
-0.1771
-1.3278
-0.5679
-0.3944
0.4178
-0.8353
-0.0437
0.0384
-0.5191
-0.5097
-0.3113
-0.1082
-0.3946
-2.4454
-0.0803
-0.9659
-0.5364
-0.2275
-0.4906
-0.4680
-0.3290
0.3935
-0.2099
-0.6570
-0.1560
-0.6310
-0.3245
-0.5930
-0.1067
-0.6702
-0.4082
-0.6149
0.3793
-0.4890
-0.4120
-1.1073
-0.5516
-0.3931
-0.3691
0.1280
0.2986
0.0193
-0.4781
-2.3071
-1.0540
-1.1256
-0.5891
0.2910
-0.3391
-0.3407
-0.3850
-0.4480
-0.2282
-0.2233
0.0245
-0.5010
-0.4596
-0.4768
-0.4083
-0.6138
-0.5057
-1.0461
-0.5083
-0.4143
-0.4260
-1.0658
-0.5097
-0.5588
-0.6888
-0.5484
-0.3481
-0.8555
-0.4093
-1.6637
-1.2754
-1.0006
-0.7179
-0.4108
-0.3654
-0.3618
-0.3749
-0.5088
-0.5253
-0.6102
-0.1787
-0.4408
-0.5276
-0.6179
-0.5763
-0.4990
-0.3994
-0.8525
-0.2433
-0.3032
-0.3865
-1.0241
-0.6762
-0.1905
-0.3942
-0.3605
-0.1384
-0.7467
-0.4224
-1.9010
-1.2605
-1.0619
-0.5955
-0.3297
-0.4584
-0.4773
-0.2038
-0.5147
-0.6759
-0.7033
-0.3343
-0.5087
-0.2863
-0.6517
-0.3754
-0.5385
-0.3834
-1.3679
-0.5555
-0.3318
-0.3262
-1.1587
-0.4260
-0.4686
-0.6024
-0.3067
-0.3956
-0.5564
-0.2880
-1.6033
-1.3393
-1.0599
-0.6102
-0.3618
-0.5278
-0.6702
-0.3812
-0.4962
-0.4931
-0.7831
-0.3783
-0.4503
-0.3482
-0.7784
-0.3451
-0.5023
-0.5668
-0.9496
-0.4360
-0.3193
-0.4714
-0.8974
-0.5561
-0.4722
-0.2244
-0.3607
-0.3468
-0.8777
-0.3535
-2.1120
-1.2418
-0.8675
-0.5416
-0.4035
-0.2707
-0.5027
-0.4873
-0.5584
-0.5690
-0.9352
-0.3652
-0.5187
-0.5693
-0.5689
-0.4462
-0.5928
-0.5889
-0.8597
-0.5551
-0.4035
-0.2647
-1.0279
-0.4337
-0.4229
-0.6288
-0.4405
-0.6585
-0.7116
-0.5323
-2.0951
-1.2485
-1.0719
-0.5232
-0.2621
-0.2926
-0.6665
-0.4520
-0.3923
-0.5628
-0.5800
-0.4142
-0.3993
-0.5618
-0.4779
-0.3858
-0.6481
-0.4213
-0.8876
-0.4807
-0.2763
-0.3539
-1.0463
-0.5507
-0.4602
-0.5641
-0.4133
-0.2836
-0.5343
-0.3233
-2.1459
-1.2013
-1.0712
-0.4144
-0.2049
-0.4508
-0.4117
-0.4778
-0.4333
-0.6649
-0.7887
-0.3752
-0.4673
-0.4816
-0.6365
-0.4457
-0.8570
-0.4978
-1.1267
-0.6248
-0.3009
-0.3960
-1.2327
-0.5256
-0.4994
-0.5588
-0.4340
-0.3906
-0.7893
-0.3046
-1.9753
-1.1337
-1.0798
-0.5661
-0.3723
-0.2972
-0.5066
-0.3464
-0.3017
-0.4357
-0.5979
-0.3608
-0.4163
-0.2668
-0.4447
-0.4565
-0.1699
-0.5489
-1.2865
-0.5313
-0.2776
-0.3785
-1.1315
-0.1972
-0.0212
-0.3942
-0.2512
-0.3948
-0.8322
-0.3803
-2.4352
-0.5432
-1.1558
-0.4211
-0.3687
-0.6192
-0.3658
-0.3030
-0.5630
-0.4230
-0.6331
-0.3954
-0.3057
-0.3965
-0.6429
-0.4674
-0.5057
-0.6872
-1.1778
-0.4431
-0.3746
-0.3182
-0.9870
-0.4419
-0.2013
-0.6785
-0.4333
-0.3048
-0.5917
-0.3481
-2.0991
-1.2623
-1.0635
-0.7592
-0.3070
-0.4881
-0.6017
-0.4510
-0.5038
-0.6362
-0.7539
-0.2859
-0.4102
-0.3663
-0.6418
-0.4385
-0.3348
-0.5097
-1.1517
-0.6599
-0.3996
-0.3839
-1.0093
-0.1377
-0.2874
-0.4402
-0.3533
-0.3749
-0.7922
-0.3417
-2.5464
-0.7102
-0.9501
-0.6185
-0.3858
-0.4948
-0.4937
-0.3367
-0.3625
-0.5820
-0.5893
-0.4891
-0.4909
-0.3938
-0.6179
-0.3376
-0.6266
-0.5699
-1.2446
-0.4572
-0.3834
-0.4440
-0.9924
-0.5680
-0.5539
-0.4694
-0.2500
-0.3359
-0.6876
-0.2712
-2.2441
-1.1930
-1.1277
-0.6136
-0.2609
-0.5926
-0.5144
-0.3991
-0.4685
-0.7650
-0.6636
-0.2765
-0.4685
-0.3193
-0.3157
-0.4444
-0.4821
-0.5168
-1.1833
-0.4470
-0.2392
-0.2350
-0.9895
-0.4769
-0.3370
-0.6140
-0.2846
-0.5234
-0.7549
-0.3128
-2.5183
-1.2277
-1.0464
-0.7446
-0.2664
-0.3568
-0.6866
-0.2204
-0.5749
-0.4553
-0.6728
-0.3268
-0.4145
-0.5489
-0.6038
-0.4177
-0.5268
-0.4823
-1.1979
-0.4853
-0.3342
-0.3300
-1.1599
-0.4347
-0.4370
-0.4113
-0.3208
-0.3688
-0.7518
-0.4363
-2.2996
-1.2691
-0.8244
-0.5558
-0.4782
-0.3626
-0.6220
-0.4574
-0.5455
-0.5668
-0.7127
-0.3756
-0.1861
-0.4811
-0.7042
-0.3994
-0.7114
-0.4644
-1.3092
-0.5142
-0.3983
-0.1770
-1.0176
-0.3533
-0.4964
-0.4717
-0.4063
-0.5108
-0.5488
-0.4006
-2.5244
-0.8234
-1.0761
-0.6280
-0.4063
-0.3759
-0.5117
-0.2776
-0.6337
-0.5165
-0.6773
-0.2117
-0.5578
-0.4796
-0.4169
-0.4424
-0.5154
-0.5000
-1.2068
-0.4278
-0.3475
-0.4174
-1.0380
-0.4123
-0.2640
-0.5369
-0.4510
-0.5142
-0.7986
-0.0690
-2.4627
-0.8267
-1.1723
-0.3893
-0.3108
-0.5102
-0.4828
-0.3727
-0.5291
-0.5590
-0.6738
-0.5052
-0.5436
-0.5310
-0.5619
-0.3572
-0.5335
-0.4559
-1.1680
-0.4232
-0.5387
-0.3312
-0.9599
-0.3405
-0.3344
-0.3427
-0.5269
-0.4492
-0.6962
-0.4633
-2.5164
-1.0672
-1.0658
-0.6034
-0.2518
-0.5745
-0.5970
-0.2767
-0.3562
-0.5344
-0.7553
-0.5266
-0.3790
-0.5327
-0.4609
-0.3823
-0.6132
-0.3465
-1.0312
-0.4928
-0.1974
-0.2173
-1.0443
-0.3190
-0.3075
-0.5240
-0.1272
-0.3440
-0.6779
-0.0950
-2.5440
-1.3001
-1.0347
-0.6639
-0.4534
-0.2185
-0.3045
-0.3723
-0.4934
-0.6516
-0.3180
-0.3615
0.1017
0.0705
0.1340
-0.0548
-0.2167
-0.1305
0.0205
0.0392
0.2588
0.1045
-0.0485
-0.1126
-0.0827
-0.1463
-0.0354
0.0814
-0.2942
0.1676
-0.0104
0.0360
0.1089
0.0235
0.1320
-0.0380
0.0255
0.1600
0.0504
-0.0488
0.0535
-0.0060

Direct connections:
