version: 10
file format: 0

training data file: /tmp/train-lm-from-UD-corpus.sh.ZytJQepsy.train
validation data file: /tmp/train-lm-from-UD-corpus.sh.ZytJQepsy.valid

last probability of validation data: -197365.327688
number of finished iterations: 8
current position in training data: 0
current probability of training data: -197299.481199
save after processing # words: 0
# of training words: 893444
input layer size: 204
hidden layer size: 30
compression layer size: 0
output layer size: 175
direct connections: 0
direct order: 3
bptt: 0
bptt block: 10
vocabulary size: 174
class size: 1
old classes: 0
independent sentences mode: 0
starting learning rate: 0.100000
current learning rate: 0.003125
learning rate decrease: 1


Vocabulary:
     0	         0	</s>	0
     1	    147246	32	0
     2	     62152	957	0
     3	     57765	964	0
     4	     54760	945	0
     5	     51064	959	0
     6	     42759	949	0
     7	     30971	953	0
     8	     27969	962	0
     9	     27295	963	0
    10	     26084	961	0
    11	     23284	960	0
    12	     23011	954	0
    13	     20189	955	0
    14	     19958	956	0
    15	     16575	948	0
    16	     13732	7952	0
    17	     12735	941	0
    18	     12134	965	0
    19	     11273	943	0
    20	     11149	947	0
    21	     10959	951	0
    22	     10924	8054	0
    23	     10286	952	0
    24	      9531	969	0
    25	      7781	940	0
    26	      7765	8056	0
    27	      7696	8166	0
    28	      7487	972	0
    29	      7487	8016	0
    30	      7149	7936	0
    31	      6081	8050	0
    32	      5576	967	0
    33	      5499	973	0
    34	      5374	8150	0
    35	      4965	8048	0
    36	      4639	8182	0
    37	      4175	966	0
    38	      4155	8052	0
    39	      4147	942	0
    40	      4012	946	0
    41	      3379	7984	0
    42	      3064	8134	0
    43	      2982	8001	0
    44	      2954	7956	0
    45	      2724	958	0
    46	      2408	7985	0
    47	      2301	8183	0
    48	      2136	974	0
    49	      2107	8017	0
    50	      2029	8058	0
    51	      1769	7969	0
    52	      1654	7940	0
    53	      1577	8005	0
    54	      1505	8135	0
    55	      1483	7990	0
    56	      1409	950	0
    57	      1331	8131	0
    58	      1304	7992	0
    59	      1289	8179	0
    60	      1271	8217	0
    61	      1199	7944	0
    62	      1086	922	0
    63	      1034	928	0
    64	      1034	8118	0
    65	       942	8060	0
    66	       942	7953	0
    67	       921	968	0
    68	       811	7974	0
    69	       741	7988	0
    70	       735	8033	0
    71	       723	931	0
    72	       710	924	0
    73	       657	7989	0
    74	       606	8021	0
    75	       601	8000	0
    76	       589	8023	0
    77	       513	923	0
    78	       508	8004	0
    79	       479	8003	0
    80	       479	8022	0
    81	       463	7972	0
    82	       457	916	0
    83	       437	7957	0
    84	       417	8020	0
    85	       390	7970	0
    86	       338	7968	0
    87	       336	7937	0
    88	       323	8115	0
    89	       293	934	0
    90	       284	932	0
    91	       276	8038	0
    92	       258	914	0
    93	       258	935	0
    94	       253	7938	0
    95	       249	8037	0
    96	       247	7961	0
    97	       245	7941	0
    98	       214	920	0
    99	       211	7991	0
   100	       208	913	0
   101	       205	8165	0
   102	       204	7993	0
   103	       196	7960	0
   104	       182	915	0
   105	       182	7987	0
   106	       154	7973	0
   107	       139	8039	0
   108	       131	926	0
   109	       127	7965	0
   110	       127	925	0
   111	       121	7948	0
   112	       120	7977	0
   113	       118	970	0
   114	       113	8119	0
   115	       102	917	0
   116	        75	7996	0
   117	        71	7971	0
   118	        71	8008	0
   119	        66	8103	0
   120	        58	918	0
   121	        53	7939	0
   122	        52	8032	0
   123	        51	912	0
   124	        48	7955	0
   125	        46	971	0
   126	        45	7975	0
   127	        45	8180	0
   128	        44	927	0
   129	        41	8172	0
   130	        37	8036	0
   131	        32	8019	0
   132	        32	7976	0
   133	        31	8025	0
   134	        30	8086	0
   135	        30	8084	0
   136	        28	7964	0
   137	        27	7949	0
   138	        25	8087	0
   139	        24	8034	0
   140	        23	8132	0
   141	        18	7982	0
   142	        18	7945	0
   143	        17	8009	0
   144	        16	8146	0
   145	        16	8013	0
   146	        15	7942	0
   147	        11	7980	0
   148	        11	8041	0
   149	         9	8080	0
   150	         8	8035	0
   151	         8	8096	0
   152	         6	8029	0
   153	         6	8012	0
   154	         5	8069	0
   155	         4	944	0
   156	         4	7978	0
   157	         3	7981	0
   158	         3	936	0
   159	         3	8040	0
   160	         3	8018	0
   161	         3	7997	0
   162	         2	8130	0
   163	         2	7986	0
   164	         2	7994	0
   165	         1	46	0
   166	         1	8162	0
   167	         1	8045	0
   168	         1	8081	0
   169	         1	8002	0
   170	         1	929	0
   171	         1	7998	0
   172	         1	8116	0
   173	         1	8046	0

Hidden layer activation:
0.0004
0.0000
0.0019
0.0001
0.0011
0.0001
0.0165
0.0000
0.0012
0.0009
0.0003
0.0000
0.0000
0.0108
0.0006
0.9483
0.0041
1.0000
0.0000
0.0046
0.0002
0.0184
0.0007
0.0002
0.9910
0.0003
0.0000
0.0000
0.0000
0.0000

Weights 0->1:
0.0873
-5.9036
-5.2312
-0.3413
-0.8116
3.2792
1.4813
1.2125
-2.1898
1.0441
-0.5428
-4.0998
0.8220
-4.4820
-0.5429
-3.2778
2.0230
-1.5608
-3.0794
-3.6890
-5.1033
-1.7601
1.4945
5.8894
0.1830
0.0280
1.9983
-5.0283
0.4042
-2.3299
3.9534
4.6666
-0.5700
-2.9285
-2.5863
-0.1672
-4.9988
-2.2555
-2.6429
1.7924
-1.4246
1.0038
-1.3102
-0.4746
1.1093
-0.2688
-0.4088
-1.8642
-3.3949
2.3394
-3.5056
-0.3409
0.3060
0.1796
0.6086
-1.8943
-3.5244
-0.4020
1.5622
0.8859
-0.7937
0.5029
-0.5165
1.6703
0.6501
0.4867
-0.4184
0.0319
0.3369
-1.6834
-0.2136
0.2752
-0.2185
-0.7911
1.1200
0.0726
1.0676
0.1270
-0.3224
-0.3378
-0.4824
0.0669
-0.1357
-0.1417
0.2773
-0.2819
0.5366
0.4590
-0.4329
-0.1877
0.1980
0.0112
-0.0139
0.4184
0.0334
0.9955
0.1802
0.3180
0.5990
-0.6009
-0.2278
0.7065
0.2980
0.1602
-0.1482
-0.8264
0.0581
-0.1016
0.0349
0.1013
0.2914
0.1603
0.0366
0.5097
-0.7448
-0.3525
-0.0497
-0.1286
0.0044
-0.1981
-0.0003
-0.1379
0.1918
-0.4659
-0.1003
3.0380
0.1023
1.0244
-0.0405
-0.2000
0.1549
0.2255
0.1428
-0.0217
-0.0359
0.0044
0.0011
0.0063
-0.1283
-0.0647
0.5576
0.0154
0.0695
-0.0994
-0.2999
-0.0842
0.0917
0.0260
-0.0757
-0.1024
-0.1175
-0.0026
-0.0112
0.2147
0.0251
-0.0418
0.0754
0.0172
0.0153
-0.1302
-0.1209
-0.1833
-0.0598
-0.2358
0.1241
-0.0268
0.0660
0.0571
0.1003
0.1424
0.0219
0.0995
0.2147
0.1463
1.0840
-0.3624
-0.5214
-0.8636
-1.5122
0.5892
-0.5952
0.5438
-1.6517
-3.7920
-2.3404
1.7574
1.4662
0.2289
1.5015
-3.2522
-0.8778
-0.2226
-0.0713
-1.2781
3.8325
-0.1302
-0.2290
0.4562
-1.1163
-0.1544
-5.4785
-1.9217
0.4194
0.5781
-0.3492
-16.0732
-0.8703
-1.4465
-1.0608
-2.0397
-1.4387
-0.8094
4.0753
-7.9488
-2.8573
-5.3539
2.8835
-4.0106
-4.5314
-3.2712
-4.0749
-0.5814
-1.8758
-3.9311
-3.0294
-3.6394
6.6450
-3.6512
-8.0561
-2.4155
-5.1407
0.2067
-1.8085
-4.3024
-3.9745
0.9333
-4.7714
-0.1610
3.4287
5.7740
0.7169
-3.8022
-3.8915
-3.4848
-4.3277
-4.0546
-1.2523
-3.1637
-3.7310
-4.9784
0.2522
3.5508
-4.9114
-3.4419
5.3439
-3.5277
-2.7054
-0.3893
2.1098
-2.6985
-2.4519
0.4705
-0.4098
-0.1355
3.7262
-3.1262
1.7824
-2.1837
4.0047
-2.7683
-1.0086
-2.7869
-1.7489
-3.0902
-0.7831
-0.2485
-0.1493
-1.2362
-1.6962
-3.3236
1.3088
1.4830
-1.9783
3.8560
-2.9495
-2.0457
1.4626
-0.7580
-3.2936
1.6728
-3.1457
-2.0960
2.2439
0.0764
-1.2071
-0.1508
-0.5948
-1.4641
-0.2994
-1.0391
-0.9047
-2.1840
-2.0750
1.9011
-0.5707
0.2373
-1.6690
-2.1641
1.1404
1.5796
-1.4865
-0.9293
0.6327
-0.2509
0.2291
-2.3197
-1.2893
-0.9141
2.8142
-1.5366
-1.1004
2.2317
-0.8668
2.1616
-0.5515
1.8276
-1.4537
-0.7207
-0.3577
-2.1491
0.1228
-1.6134
-1.2451
-0.7285
-1.3432
0.2905
-0.7801
-0.9165
1.9010
-0.1362
-1.0492
-0.1227
1.7601
0.1351
-0.6451
-0.3071
-0.3858
0.6152
0.9827
0.2538
-0.4202
-0.7482
0.4287
0.6782
0.6097
-0.5147
-0.2286
-0.1291
-0.0791
-0.1026
0.6348
-0.2184
0.0826
-0.2862
0.3950
-0.4342
0.4637
0.1379
0.2082
-0.0209
-0.0012
-0.0309
-0.2427
0.1342
0.1553
0.0216
-0.2372
0.3975
-0.7192
2.3265
0.1813
1.7160
-0.9157
1.2313
-1.1742
-1.9898
-0.0299
-1.0590
0.7093
-1.3200
-3.1042
1.0787
-0.2662
0.5470
-0.5137
0.6596
-0.2216
-1.0618
2.6146
0.7590
-0.3262
0.5113
-0.6855
-0.7146
1.4732
-0.3145
-0.0802
-0.5209
-0.1007
-6.4504
-3.4920
-5.8851
-0.9587
-1.6467
-0.3666
-0.8960
4.0367
5.1277
-2.1993
-2.4594
-3.1267
10.1773
-3.8800
-4.9513
-0.9178
-2.1400
-5.4614
-1.5459
-5.5906
-5.2954
-3.8510
-0.6140
-1.1229
-3.4530
-4.2716
-3.8750
-2.3598
0.6674
-0.6229
5.2869
0.5115
-5.8309
-2.9853
-2.5182
-4.6105
-3.8711
-4.6812
-4.4681
-3.1796
-1.7008
-0.6898
0.9527
-0.1768
1.8676
2.1560
-0.9731
-1.9064
-3.3144
-0.0091
0.2750
0.0169
0.0594
-3.6482
-0.7337
-4.1017
-1.2454
-0.0926
-1.3004
1.5254
0.1493
0.8662
0.3826
-3.3593
-2.0727
-0.1874
0.7843
-0.2259
-5.0046
0.2880
-0.1009
0.2009
-0.3799
0.2783
-0.1696
1.0459
0.1017
-0.1518
0.2062
-0.8951
0.1948
0.0769
-0.0380
-1.4999
0.4373
-0.0539
-0.0298
0.5088
-0.0157
0.1311
0.0073
0.0800
-0.0108
-0.1021
-0.0690
0.3939
-0.0355
0.1479
-0.4443
0.0086
0.0758
-0.1298
0.0999
0.1102
2.0155
-0.1253
0.0208
-0.0567
0.2082
0.2141
-0.1635
-0.0634
-0.7314
1.0650
-0.1957
-0.0851
0.2258
0.1349
0.0101
-0.2443
-0.1638
0.0149
-1.7716
-0.0517
-1.4441
-0.0874
-0.5625
0.0295
-0.0869
0.0161
1.3636
-0.2176
-0.0762
0.0934
0.0985
0.2293
0.0728
-0.1727
0.0051
-0.2388
0.1452
0.0278
0.0462
0.0262
0.0535
-0.0347
-0.0939
0.1388
-0.1844
0.0341
0.0119
0.1300
-0.1006
-0.0117
-0.1099
0.0251
0.1516
-0.0268
-0.1638
0.2299
-0.0811
-0.0363
0.2786
-0.0004
-0.1375
0.0293
0.0318
0.2485
-0.0419
-0.1350
-0.1792
0.0121
-0.0668
-2.3355
4.3769
-3.3021
-0.6422
-2.4410
-1.8864
-2.8075
2.3810
-0.2761
-2.1231
2.1814
0.2278
0.4747
-4.2367
0.3329
-1.0324
0.1855
-4.9030
2.0889
0.1894
1.2165
5.1363
0.1112
-1.7473
-2.2321
-5.2086
-1.2675
1.6652
0.8812
0.0271
-0.3345
-12.2849
-2.6872
-3.0427
-3.7090
-3.1860
-2.3003
-4.1780
-1.1939
-2.7369
-2.4926
-2.4805
-5.1820
-3.4226
-2.7042
-3.1654
-6.0154
4.7740
-4.4510
2.2258
-3.2362
-1.4268
-4.1519
-3.0085
-3.7759
-3.6443
1.3549
-0.2036
-4.4034
0.4576
-4.8670
2.9607
-3.0233
0.5590
-4.0581
-0.6821
2.1639
-3.1188
-2.7958
-0.0395
-2.4974
-2.0364
-0.8504
-3.7786
-1.9768
-1.3503
-2.4196
-1.4214
-0.5880
-4.0439
-1.2532
-4.5211
-3.1990
-2.3981
0.6736
-0.6846
-2.5094
0.2121
2.6938
-2.1592
-0.6564
-1.0471
-2.5896
-2.0054
6.2882
1.5147
-1.4549
-1.6464
2.1082
2.6932
1.7267
-2.2574
-1.7290
-1.0564
-1.2270
-2.4558
1.0786
-2.5730
0.9950
-0.5713
-0.1886
-2.3799
-0.5432
1.5281
0.5736
0.4304
-1.3503
-3.0138
-0.2329
-1.2102
-3.8377
1.6717
-1.2353
-1.0881
1.0637
2.3717
-1.6473
-2.8341
-0.4356
-0.0011
-1.2899
-2.6746
-1.3537
-2.4410
-2.7302
-0.1062
-1.0057
-0.4264
-4.0171
-1.4946
-1.9627
-1.5732
0.2344
-1.6238
-0.1561
-1.7932
1.4394
0.0624
-0.5029
0.2264
-0.8884
0.1481
-0.4379
0.1672
0.2252
1.3424
0.7393
-0.8412
-1.4673
-0.2146
-1.7667
0.0662
0.9531
-0.5259
0.3218
-0.8890
-1.5548
-0.9402
0.2503
0.3907
0.4155
0.1789
-0.5962
0.0789
0.0194
0.1811
0.1202
-0.6197
0.6763
0.5882
0.4877
-0.6318
-0.0653
-0.1947
-0.3386
0.2558
-0.0766
-0.0166
-0.0698
-0.2299
-0.0139
-0.3175
0.1608
-0.0713
0.2737
-0.0001
0.0828
0.0555
-0.0367
-0.0401
-0.0434
0.0187
0.0000
0.1622
0.1849
-0.4886
1.4359
5.2747
0.4600
0.4204
-0.2444
-2.4392
-0.1419
-0.4629
-0.8888
-0.9684
-2.1945
-0.6004
0.5111
1.3766
-0.6566
-0.8833
-0.5671
2.1694
-0.4288
-1.8560
3.0101
0.0436
1.6036
-0.0009
-3.8859
-1.7723
1.5009
0.1053
0.0387
-3.7091
-0.8360
-1.0193
-0.1408
-4.5829
-1.9210
0.1824
-0.7520
2.4543
1.6905
-6.7196
-3.1958
-4.1441
-5.8976
-2.3848
-1.4252
-1.3140
-2.5230
-3.5024
1.4640
1.2783
1.1866
-3.6131
-3.5428
-2.6084
-2.4167
-5.5651
-2.7261
2.4727
-2.5565
-2.5403
-0.1407
-1.3896
-2.2033
-2.2311
-2.2097
1.3024
-0.6252
4.6558
-3.7790
-0.0076
-3.9346
-1.0504
0.9657
-3.9916
-1.9934
-0.2627
-1.6340
-2.7501
-1.5711
3.5574
-0.4081
-2.2284
1.7308
-1.9201
1.0993
5.3722
1.9836
-0.1795
-0.5684
1.2915
-0.2229
-0.0646
-1.3954
-1.9089
-2.9292
0.4702
0.6103
1.2579
2.6488
2.3179
2.4327
-2.6823
-1.1612
-0.7345
-0.3400
1.5377
0.9712
-1.2837
-1.3238
0.7602
1.0218
2.0515
-0.8103
-0.1879
1.3617
1.5669
0.0075
1.0087
0.9793
0.0136
1.5442
-0.5214
-0.8391
1.5911
1.0239
-1.1368
0.7065
-2.8343
-0.0963
3.1144
-2.1235
-0.0118
0.4849
-0.6368
0.0126
-0.9216
2.5576
0.0823
1.1062
0.7605
0.7851
1.5850
-0.2037
-0.9733
0.6565
-1.1815
-0.5938
-0.4610
-0.2528
-0.1827
0.4088
-0.4292
-0.0247
0.3659
1.5285
0.5905
-0.4631
1.8882
0.7530
-0.8393
0.2090
0.7743
-0.3150
0.4489
0.9793
-0.4312
-0.4052
-0.6652
0.1244
0.4685
0.0704
0.0928
-0.2959
-0.0898
0.3269
0.9154
-0.0559
0.4022
-0.3907
0.9665
0.4534
0.2037
0.5551
0.0038
-0.2380
0.0501
-0.1388
-0.1358
-0.3007
-0.1271
-0.3574
-0.2038
-0.0968
0.2057
-0.3265
0.1403
0.0385
-0.2562
0.0141
0.1194
0.1055
-0.0836
-0.4529
-1.1089
-3.5243
-1.2862
-0.0091
-0.3408
1.2357
-0.2044
-0.5071
-0.2408
-0.8906
-2.4683
-3.9336
-2.2262
-0.9140
-0.1168
-0.5144
1.7909
1.4589
1.4792
2.3451
-0.6156
-1.4546
-2.1171
-1.8800
1.0410
0.4350
1.5199
-0.2018
0.1850
-0.3452
-11.8928
-5.7187
-8.9383
-0.2984
-0.3870
-1.9418
-3.1676
0.5631
-7.1713
-8.7677
-6.6217
-4.9193
-8.0084
-8.6755
-9.2074
-0.8505
-1.9408
-3.0267
-5.2652
-3.3414
1.8721
0.0265
-8.6527
-0.2424
-1.0829
-0.0498
3.1116
-2.3835
-2.5205
1.0604
3.7339
-3.0472
-3.0804
-6.3278
4.3407
4.9069
-3.3601
5.1943
4.5164
-3.2139
-2.0226
1.3040
-0.1686
-1.9347
-5.0118
0.9422
-1.3740
1.2722
-1.7074
-1.2442
-0.0261
-0.7449
1.4629
0.6889
-2.1863
-4.5543
-0.1567
-3.1734
-1.5535
0.5439
-0.2112
-1.7994
-1.6137
-0.6730
2.8222
-3.4617
-4.5732
2.7823
-1.7115
1.2793
-1.0261
-3.3177
0.7566
-0.9444
-0.3366
1.1512
-3.0894
-2.6584
0.8920
3.1411
2.0566
-3.0453
-2.6505
1.4688
0.4941
1.1082
-1.3998
0.1276
-1.6051
-2.8853
1.3957
-1.9851
-1.2961
1.7460
2.1142
0.6341
-1.2355
-2.2829
-3.5420
-1.4791
-3.2329
-0.4362
-0.3002
-1.6016
0.3310
-1.7061
2.1982
-3.0376
1.6296
-2.5123
-0.1303
1.4465
-1.5989
0.7048
0.4942
-2.8536
1.2995
-0.0439
0.0787
-2.2296
0.2052
-0.1873
-2.8386
-1.6407
0.2732
-0.1165
-2.8245
-0.1546
-3.0263
-0.3421
0.0096
0.1652
0.2935
0.2453
-0.4819
-0.0346
1.1794
-0.2421
1.1164
0.1684
0.8353
0.8374
0.0351
0.4253
0.2171
0.9810
0.3321
0.0400
-0.0080
0.5815
-0.0706
0.2792
0.2590
-0.4068
0.2818
0.3966
0.5070
-1.3165
0.4474
-0.0223
-0.0854
0.1774
-0.0263
0.1138
-0.1362
0.0027
0.1167
0.2131
0.1694
-0.6650
0.1090
0.1829
-0.0300
0.0094
0.3240
0.3984
0.3187
-0.9264
1.0235
-0.7353
-3.2658
1.2073
1.2021
0.5372
0.7424
-0.3123
1.2819
-0.7415
0.7406
0.9902
0.1446
-0.2340
-0.1171
0.9475
-0.8435
-0.8016
0.8279
0.7076
-0.6991
-0.7047
1.0366
0.3537
-0.6073
-0.0245
-4.6677
-4.2684
-3.0632
-4.5115
-3.1317
-4.0052
0.5770
-1.3507
-5.2904
1.7890
-3.6189
-0.7903
4.4062
1.9307
-6.6005
4.0155
-3.8759
-1.4821
-1.4042
-2.6409
-2.8968
-2.1701
-5.2896
-3.0748
-2.3216
-6.4860
-3.2459
-3.2933
-1.1428
-1.6419
-3.9998
-2.0895
-1.8509
-2.0183
-3.4512
-3.3092
-2.6773
-4.9757
-4.4296
-2.6651
0.5510
-4.1024
-0.9874
-0.6220
-2.4114
2.8182
-0.7154
-1.1902
2.4197
-3.3137
-1.8832
-0.8290
-1.5662
-2.8482
0.0986
6.0829
-2.5475
6.5049
-2.2303
-1.9717
-1.7405
-0.3579
-1.7542
-1.9200
-1.2265
5.2255
-0.6678
-1.3864
0.3313
-1.0314
2.6184
-0.5431
2.2869
0.6313
-0.2994
0.0430
-0.4531
-1.1897
-1.5298
-0.2126
-0.6463
2.5414
0.2662
-0.4457
0.4203
0.9978
-0.5460
-1.2369
1.8453
-1.1866
-0.5275
0.3803
0.6709
-0.5197
-0.0463
0.8602
-1.3137
-0.8463
0.2481
-1.2565
0.8352
2.0501
-1.3070
-0.1777
-0.3115
-0.6670
0.3317
0.0004
0.5529
0.6472
-0.1861
-0.5045
-0.9446
-1.3605
-0.9580
1.2986
-0.7596
-0.4929
-0.6457
0.4259
-0.2439
-0.6094
-0.1962
0.0194
2.9979
0.1646
0.0925
-0.3804
1.3576
-0.6972
-0.0094
0.3855
0.1196
-0.4376
-0.0537
-0.4915
-0.6486
-0.4028
0.0025
1.2428
0.1771
-0.4815
-0.1569
-0.2233
0.0886
-0.2183
-0.2874
0.0364
-0.0701
0.0386
0.0747
0.1431
0.1612
-0.0308
-0.0198
-0.2524
-0.3505
0.0540
-0.3091
-0.1056
0.2487
0.2231
-0.0128
0.0841
0.0585
0.0543
0.1433
-0.1395
0.0130
0.2303
0.1485
-0.0282
-0.0159
-2.0672
-0.4950
0.2240
-0.5243
-0.9093
-9.2471
1.5131
0.9154
0.2048
-0.6499
1.9661
1.9477
-2.5684
1.5053
-1.2721
-0.0611
0.9991
0.2741
0.9819
-1.7843
0.1158
1.2935
-1.7041
0.8722
-1.5788
0.2858
2.5428
-0.7364
-4.2603
-1.4949
-0.0887
-3.9202
-2.0233
2.6244
0.8562
3.6159
2.3875
-1.1153
-0.6634
-3.9095
-3.0308
-2.4324
-4.3654
-0.5041
-2.1635
-2.9995
-1.7624
-1.7777
1.7347
-1.9305
-0.2417
2.7791
-1.1967
-4.0420
0.6162
-0.9142
-2.0329
-0.7020
3.7156
-0.0719
-0.4002
2.8666
-4.0799
1.2185
-1.0281
-0.6991
-0.5584
-3.1577
-0.3338
1.7546
-0.0951
1.8370
1.7994
-3.5968
-0.8912
-2.1066
-2.5385
-0.3838
1.6794
-3.6281
1.2162
-4.8467
-0.6787
-1.5772
-0.1713
0.1435
-3.1982
-0.4121
-2.3417
1.5248
-0.4910
-2.0306
-1.1745
-1.0245
-0.2019
-0.0220
-3.0029
-2.6757
-1.1512
0.4749
-1.5782
-0.6543
-3.2242
1.5539
1.2703
-0.0269
-0.1034
-0.3572
0.7890
-2.4093
-0.1153
-0.7144
-2.8261
-2.7276
-0.0789
-2.3883
0.5665
-1.7152
-0.1674
0.1948
-0.4072
-1.3847
-1.5814
0.5043
-1.3791
0.6354
1.0104
-1.1582
-2.4836
0.1563
3.3687
-1.9945
-0.9429
0.8797
-0.6690
-0.2100
-2.1155
2.9015
-0.3812
1.4870
-0.9206
-1.0613
-1.1146
-0.2618
0.0508
3.5398
-2.4716
-1.4452
0.4475
-1.4941
-0.7296
-1.5113
-0.5484
-0.2098
0.2603
-0.0193
-1.0593
1.5526
2.8192
-2.3829
-1.0576
-0.0531
1.0491
0.5511
-1.5530
2.2421
-0.2031
0.1527
-1.5138
-0.2895
-0.1719
0.0957
0.2288
-1.3656
0.1852
-0.6986
0.2686
0.3853
-0.2635
-0.2077
-0.3447
0.5002
-0.1708
0.3537
1.1372
-0.1715
-0.6968
0.0759
-0.1819
0.2358
-0.1455
0.0830
0.1286
-0.2821
-0.1242
0.0303
-0.0368
-0.0308
0.0266
-0.1482
-0.2756
-0.1149
-0.0948
-0.5072
-5.8122
-13.1707
0.3581
-4.9211
0.0900
-8.0421
-2.1270
-3.8810
-0.8918
-3.1895
-4.9931
-1.0774
3.3465
1.7195
-0.7800
0.2209
-0.5351
0.3583
-3.5890
0.0117
-3.9701
-1.3504
-1.3077
-3.2013
0.3193
1.0025
-1.5000
2.3529
2.7468
-11.0470
-0.1935
-7.3220
-1.4246
-4.3059
-7.8343
-8.4614
-7.0952
-4.0330
4.2981
0.5021
-0.3317
-4.0576
-4.2887
-2.8972
2.3560
-3.1955
-0.7586
-4.0309
-6.6937
-3.3109
-1.8374
-3.4701
-0.4733
-4.3211
-3.2635
-4.4698
-5.0096
-6.1042
-4.4282
-0.6830
-1.1572
-1.0648
-8.9648
-6.0261
-6.7214
-3.9684
-3.9177
-6.0021
-2.8445
-5.4245
-2.6689
-0.9351
-5.0696
0.4284
-2.0779
1.9374
-2.8943
2.3531
-0.2348
-0.2016
-5.8420
-0.7151
-0.8417
-1.5332
-0.4319
4.8677
-4.4140
-1.2082
-0.8448
4.9275
3.5765
0.1431
-1.3773
-0.1753
-4.5112
-0.6107
1.5585
0.9379
-1.8694
1.4735
-0.4565
3.7404
4.1656
-0.5920
0.2986
-1.3041
0.6111
1.1177
0.7073
-0.7958
-4.5235
0.0449
2.2671
0.3885
-0.4209
1.5918
0.7040
-0.4240
2.8795
0.7946
-0.0105
0.3922
-0.1793
0.4674
-0.1398
-0.2371
-0.7113
-0.4758
0.9630
-3.8684
-0.2576
1.7552
0.1169
-1.3490
0.1968
1.4151
-0.9107
0.1515
0.8983
-1.0113
2.1183
0.0262
-0.7931
1.4685
-0.9262
-0.4282
-0.2453
-0.0873
-0.5223
1.0059
0.1805
0.2619
-0.3094
-0.0159
-0.0375
-1.0976
-0.7878
-0.2089
-0.0188
-0.0649
-0.3034
-4.3215
0.0180
0.1034
0.4546
-0.0404
-0.4243
-0.4617
0.6235
-0.0739
-0.2219
-0.2312
-0.4866
0.5512
0.8571
0.3213
-0.0190
0.0678
-0.2968
0.3655
0.0432
0.1684
-0.2947
-0.2466
0.2916
-0.9271
0.2770
0.0310
0.0024
-0.2535
0.2076
0.0657
-0.4087
0.5229
0.0476
0.0501
-0.5868
0.0678
-0.1236
-0.0137
0.0599
-0.1324
-0.0115
0.3454
-0.1783
0.4859
-0.1842
-0.3612
-0.0922
0.9530
1.0242
0.2633
0.0091
-1.1679
0.7748
-0.3518
2.4802
-1.2897
-0.9367
-0.8749
1.5743
0.2681
0.6146
-0.5753
1.3712
0.6140
1.0416
0.7727
-0.9275
-0.9795
3.0105
0.0767
0.6858
0.4108
-0.0427
-9.3862
-6.3513
0.7767
-3.2648
-7.1747
-4.9692
-7.3553
-3.5548
1.5996
-2.9228
9.7779
1.9178
4.1708
3.3367
8.1532
-1.6451
3.5891
0.8893
-4.1209
3.4577
-7.4391
-4.6077
-1.0577
-3.3629
-3.4782
-3.7807
1.0918
-4.7966
0.7020
0.2110
0.0281
0.6986
0.9129
-0.1918
-4.7136
-1.4436
4.7028
-2.2380
-2.9081
-0.8674
-3.5782
-4.8401
-1.9857
0.3019
-1.8673
3.3114
-3.0871
-1.8754
2.3062
-0.5439
-1.1655
-0.5783
-2.3155
-3.4822
-0.7990
-0.6416
-3.1199
-0.3480
-3.0219
-2.4768
2.0818
-0.3193
3.9918
-1.9427
-3.0231
-2.8123
0.8704
-1.2183
-2.0027
-1.3633
1.2899
0.3329
-1.2961
-0.2844
1.4799
1.0302
1.1274
0.0670
-1.7784
-1.9292
0.4708
0.1892
-2.0522
-0.3412
-1.0303
0.8575
3.7405
-1.6643
-0.3895
0.0477
-1.8946
0.8453
1.5937
-0.7505
-0.8680
1.5641
1.2314
1.5101
-0.4594
-1.9166
-0.4436
3.6553
2.0348
1.5470
-0.5360
-1.6712
-2.2181
2.3450
1.9700
0.4842
-0.9125
0.9529
-0.0406
-2.8501
-1.6472
0.6654
-1.4324
0.2056
-1.1540
1.2143
-0.7573
-0.2445
-1.0525
-1.4273
-0.6320
-1.1692
-1.5829
-1.2608
-0.1164
0.7198
-0.4865
1.3293
-0.5382
-1.1610
-0.8384
0.3047
0.8060
-1.1078
-0.3629
-0.5788
-0.0065
0.7013
-0.5558
-0.8812
-0.3085
0.5301
0.2073
-1.3194
-0.5173
-1.1400
0.2882
0.1675
0.0319
-0.6313
-0.4683
-0.5588
0.0611
0.3444
0.1397
-0.1316
0.0079
-1.0123
-0.2908
-0.7095
0.0705
-0.6304
-0.2605
0.1411
-0.1209
0.1437
0.0361
-0.0189
-0.1142
-0.0265
1.3566
1.2718
0.8396
-0.3040
1.3382
-0.8908
-0.8151
-0.8544
0.4648
1.4431
-0.8288
0.4365
-0.6488
0.3627
1.2824
-1.5059
-1.3105
-0.7542
-1.3239
-0.0773
-0.5786
0.2278
0.1895
-0.5274
-0.5746
-3.4473
-0.8665
0.7809
1.0126
-0.0276
-6.1130
2.2124
3.7476
-4.7737
-3.8242
-9.9297
-5.8903
1.8983
-2.4357
2.2728
-1.6463
-0.8639
-4.4344
-3.9340
2.1760
-1.4158
-4.9080
-2.7301
-7.1248
1.1327
-4.0895
-2.2354
2.3362
-3.0383
-5.4039
-1.4420
1.1241
-5.0661
-0.9371
-2.6450
-1.0777
4.8795
-3.6830
-7.6811
0.9207
-4.9681
1.9453
-0.7823
-5.7305
2.5817
-5.1150
-2.9266
0.4525
-0.5949
3.8967
-3.6155
1.4963
-4.9287
-2.0221
-1.0201
-2.3596
-1.7614
-1.7608
-4.1596
-4.2180
5.5754
-3.4345
-1.2600
-0.3782
1.1062
-1.1470
0.1992
0.5137
-7.3437
-1.0702
-1.3629
2.3168
-2.0713
-1.9996
-1.8124
-1.3675
2.1402
-2.9458
-1.7161
-2.1335
-1.0280
2.3475
-2.2932
0.2658
-0.3178
0.3427
0.2762
-2.5945
-2.2164
1.4791
0.1025
-2.4275
0.8434
1.3819
3.5862
-1.5653
2.3624
1.3505
0.5809
-0.4195
-2.4519
-1.0147
3.2086
-1.9831
-1.3221
1.8492
-0.7139
-1.8199
0.6624
0.8427
-2.0969
2.2484
1.8368
-1.7532
0.7164
1.3110
-0.9887
-0.2988
-0.3537
-1.6142
-0.2382
0.1995
-1.3442
1.1665
1.6833
0.8109
-1.0648
-0.8742
-0.6201
-0.8474
-1.1023
0.0228
-0.9019
1.4504
-1.5351
-0.7489
-0.2334
-0.0109
0.7346
0.1964
-1.5258
-0.1012
1.0205
-0.0877
-1.0674
-0.7917
0.0452
0.6972
0.2162
-0.8260
1.1182
-0.4604
-0.5185
-0.7603
-0.3297
-0.9810
-0.6902
-0.4402
-0.0255
-0.2846
0.6729
0.4046
0.5665
0.6388
0.1905
-0.4115
-0.3214
0.0784
-0.0115
-0.0913
-0.0556
-0.4039
0.3425
0.0362
0.2157
-0.2762
-0.1298
-0.0877
0.0329
-0.4619
-1.0652
-0.8791
-2.8593
-2.6367
0.2532
2.5775
1.8275
0.7085
-0.7272
1.1811
-0.2066
0.7693
0.9969
-0.9012
-0.4639
0.9627
2.4702
0.1680
-1.3532
2.1544
-2.1892
-1.4127
-1.1331
0.8308
-0.1371
-0.8089
-0.3168
-0.8128
0.0810
-7.5029
-5.8926
-5.5058
0.3196
-3.4859
0.3261
-5.9093
-1.0647
1.4871
-0.9307
-3.9157
-1.7128
-3.0698
-2.4755
-0.8628
1.0548
-2.0104
-2.0122
-6.2249
-3.1634
1.6023
-1.3814
-2.9547
2.4998
-6.3978
-3.1898
-1.0968
-6.1927
-1.1185
0.8679
-3.1421
-3.0060
-0.0754
-5.1581
3.7857
-1.5138
-0.2801
-3.1112
-1.3145
-1.5086
2.0813
-1.7936
-0.1930
-1.3376
-0.1500
5.7392
-0.2611
1.6841
0.3248
-2.8532
-0.7767
-0.5858
-0.2122
-0.6768
-2.8543
-0.1687
0.2434
1.4671
1.9522
-0.7668
0.7262
-0.4868
0.1826
-5.8446
-1.4724
-0.4399
1.0656
-1.5051
2.3691
-1.6509
2.0654
-0.2249
2.0029
0.7328
-0.8054
2.9596
-0.9346
-1.3538
-1.3512
-1.4900
0.5647
-0.0522
0.0435
-0.4236
-1.3140
1.8308
-0.8138
-0.2288
-0.1205
-0.7977
-1.4581
0.6597
-0.0279
-1.1936
0.6689
-0.1963
-0.0864
0.1835
-2.5687
0.1754
-0.6031
0.2064
0.0274
-0.4928
-1.1224
-0.6727
-1.0997
0.3331
-0.3985
-0.2037
-0.4693
-0.5331
-0.2974
-0.8806
1.0664
-0.9340
-0.7514
-0.2176
-0.7608
-0.0897
-0.3473
0.1166
-1.1447
-0.6938
-1.7419
-0.9231
-0.1741
-0.5041
1.2139
0.9360
-0.8261
-0.3615
-0.2783
-0.5482
-0.0642
-0.0208
0.5433
-0.3673
-0.1208
-0.4912
-0.4118
0.3296
-0.3468
-0.6459
0.1816
0.6489
-0.0312
-0.2201
0.5715
-0.3904
0.2115
-0.3195
-0.0665
-0.0478
0.1522
-0.2776
0.3204
0.0656
0.5059
-0.1306
0.0076
-0.3732
-0.5885
-0.1728
0.0736
0.0318
0.0552
0.0645
0.0406
0.0814
-0.0134
-0.1862
-0.0037
0.3609
-1.3824
-0.3797
-4.7240
-2.5448
0.6286
0.7342
-3.8031
-0.3671
-1.0480
-0.9824
0.0443
0.2668
1.2663
0.1906
-0.5060
-0.4323
-0.4018
0.4139
1.4267
-0.4021
-4.9467
-1.9289
1.9817
-0.8984
-0.2786
3.0667
4.8429
0.6815
-6.0614
0.0439
-3.1802
3.1043
-3.2480
0.0881
-5.0355
-1.9259
-4.2886
0.2173
0.7677
-2.8310
0.5014
2.1033
1.7253
-3.1362
-0.6640
0.4585
0.0483
-4.3012
-4.2776
2.2056
-2.9034
-0.9698
-1.8282
0.9020
-4.0375
-1.7793
-2.0394
0.7997
-3.6739
-1.0461
-1.1414
-1.1324
-2.9592
-2.1674
-2.9848
-1.3076
0.9780
-2.4509
-4.3101
-2.1422
1.2236
-1.3083
-0.4372
0.4386
0.1247
1.5810
-0.1113
-2.8690
-2.9148
-0.2008
-0.6738
-0.3048
1.4838
2.7034
-0.9257
-0.0353
1.5429
0.9157
-0.5122
-0.0209
0.0030
-0.1335
-0.1205
0.1979
-1.3004
-0.5923
-0.2080
1.1679
1.1874
1.6330
0.4585
-0.4046
-1.5334
-1.7009
-0.4157
-2.9445
-0.5761
-0.1812
0.2104
2.8836
-0.3817
0.1268
-0.5671
-0.9095
-0.0820
-0.0604
-0.4207
0.1634
-0.0791
0.1012
0.1278
0.1245
-0.1703
-0.3057
2.7935
-0.1667
-0.3970
-0.1068
-0.1250
0.1218
-0.0783
0.6568
-0.2655
-0.2216
-0.1049
-0.2884
-0.2162
-0.1447
-0.2908
-0.0378
-0.1356
0.2223
0.6904
0.0595
0.1630
-0.1221
0.0693
0.0840
0.2654
-0.0805
0.0475
0.1092
-0.4727
0.0421
0.6363
0.0844
-0.5398
0.0228
0.1302
-0.1909
0.0965
0.0100
0.2251
0.2399
0.0415
-0.0048
-0.0146
0.3648
0.0209
0.2314
0.0636
0.1690
0.0208
0.0428
-0.0044
-0.1526
0.1113
-0.0219
0.1320
0.1992
0.0108
0.0051
0.2422
0.1041
0.0163
-0.1301
0.0127
0.0982
-0.1378
0.0911
-0.2586
0.0644
0.4000
-0.1588
0.1471
0.2306
0.0152
-0.0658
0.1368
-0.0728
-0.0776
-0.0509
0.0162
-1.7863
-1.0439
-2.9620
0.8896
-3.9439
-2.5004
4.1050
-0.2516
-7.4314
-3.2229
-2.0335
-1.1751
-3.7353
-3.1542
-0.1327
1.5427
-5.6151
-5.1071
1.7306
2.5755
-6.3590
0.4559
-2.1146
-3.0599
-0.8948
0.7051
-2.1012
5.5810
-1.8481
-1.5940
-0.0909
-3.5259
-0.3036
-6.2223
-1.7829
-2.3421
1.1958
-4.7239
1.8987
-3.0078
-3.5531
7.1379
-0.5072
-2.7314
-4.4242
-1.2814
-1.3379
0.4475
-2.1065
-6.2181
-2.5406
-1.4055
-0.0073
-2.0185
-4.0251
-1.1930
-1.6738
-3.7250
-0.0262
6.7650
-1.1812
1.3200
-2.2770
-3.3606
4.8584
-3.4695
0.8310
-1.9205
-0.9016
-1.9489
-2.9947
-1.9807
-1.0316
-0.1775
-1.1929
-1.7503
-1.3464
0.7430
-2.3729
0.0151
-3.9972
-1.9193
-0.7341
-0.5383
-2.0077
0.3334
-1.5359
-1.6773
1.1684
-0.8057
1.1151
-0.2652
0.8439
-0.0915
-4.4356
-1.3065
2.7278
-3.2779
-0.4843
-1.9802
-0.7449
-0.3097
-0.4254
-0.2731
1.3128
-0.6284
1.5943
-0.4425
-0.6879
1.5290
2.2873
-0.0903
0.3521
3.7044
0.8789
2.0429
0.0143
-1.2670
-0.2578
0.3949
-0.3174
2.5967
0.2080
0.2687
2.0929
-0.6020
-0.5429
-0.9357
-0.3433
-3.0142
-0.4832
0.3305
-1.0096
-0.7068
0.2365
0.4500
0.3211
1.1450
0.1192
-0.3366
-0.2430
-0.5294
-0.3484
-1.3698
-0.9933
-0.3040
0.3568
0.8761
0.1688
0.4282
-0.2940
0.2543
-0.0224
-1.1146
0.2268
-1.3241
-0.1178
-0.7664
-0.2069
0.3597
-0.4288
-2.0982
-0.0900
-0.1475
0.1004
-0.1232
-0.4176
-0.1749
0.1000
0.4648
-0.6009
-0.0450
-0.0251
-0.0754
-0.0201
0.6468
0.0078
-0.0381
-0.1669
0.5547
-0.1744
0.0025
0.0228
0.0496
-0.1941
-0.0400
-0.0974
-0.0105
-0.1984
-0.0571
-0.0886
-0.0542
-0.1109
0.0192
-0.1955
0.0868
-0.0065
0.1140
-0.1787
-0.1015
0.0790
-0.1427
-0.1276
-0.2150
0.5930
-0.0119
-2.8537
-0.5845
-1.8787
0.2269
-0.3403
2.6278
-1.3385
-0.8794
-0.7565
1.2455
-0.2904
-2.1600
1.1427
-0.5506
0.2472
-2.6443
-0.8856
0.1386
0.9889
2.1008
-0.1225
-0.5348
-0.6297
1.7587
-3.7323
-4.6911
-0.3817
0.4140
-0.1988
-2.9917
-4.4279
0.1959
-6.0018
-2.9411
0.6326
-3.8002
-0.2494
-1.5933
4.4957
-6.3210
-2.0762
-5.7749
4.2274
2.8226
-4.9295
-2.3450
2.2515
-3.2278
-0.9658
-5.3608
-2.2903
0.3445
-4.5847
-2.5836
-1.4054
0.7186
-0.7002
-1.1520
-3.6696
-1.4368
-1.7198
2.6252
1.7990
-4.9951
-7.3242
-2.8916
-0.5670
-0.9481
-1.1193
-1.6379
-5.4853
-2.5240
-0.9001
-2.2540
-3.0670
-1.2873
-1.2145
-1.6952
-1.8067
0.1038
1.2379
-0.8456
0.7388
-1.8111
0.6701
-2.9814
-1.9431
-0.8709
-0.1339
0.2722
2.0062
1.6727
-5.4519
0.5634
-0.3321
-1.5614
1.4798
-0.3605
-2.8590
-0.7205
-0.8970
-0.8124
-1.1394
0.2274
-0.9703
-1.1326
3.2812
-1.6943
1.7189
-1.9586
2.4228
-1.2306
0.8071
1.1490
-1.8026
1.1803
-0.1602
1.4374
1.5932
2.0553
-0.7023
-0.0190
1.7914
-0.4718
0.7916
0.8636
0.8826
-4.6270
0.1904
-0.3675
-1.6090
-0.1323
0.6417
0.0427
-0.3354
-0.0227
-0.4809
1.0807
1.2730
0.1267
-0.4216
-0.8396
-1.9730
-0.6693
0.0432
1.4648
0.0155
-0.0183
-0.2783
-0.0786
0.2511
-0.2265
0.0579
-0.6956
-2.6148
-0.9093
-1.1252
-1.0021
0.2293
-2.3939
-0.3544
-0.5770
0.1886
-0.9914
0.0723
0.7670
-0.2659
0.8460
-0.6189
0.0520
0.6062
-0.0477
0.0167
0.7022
0.0057
-0.9276
-1.6038
0.4906
-1.2870
-1.0683
-0.2100
0.2231
-0.9534
0.0254
0.0359
0.1040
0.0955
0.3192
-0.2241
-0.3563
-0.7027
0.1298
-0.6640
-0.0168
-0.1257
-0.2112
-0.0165
0.1163
0.0387
-0.1109
-0.1880
-0.1703
-3.0621
-2.4332
-1.9884
-0.6799
2.5852
-3.4401
0.4795
2.7984
-1.1091
0.9291
-2.0555
-0.8292
1.5130
-0.2933
0.2704
0.3965
-2.1880
1.6057
2.0651
0.2069
-1.5745
-0.7180
0.3877
-0.9069
-1.2465
1.2041
1.8668
4.2076
-4.3667
-1.6464
0.1384
1.3900
-2.8463
-3.5910
-6.5106
-7.1336
-6.2554
1.6355
-0.4256
-7.6062
-2.5569
-0.0687
-3.1040
-4.4712
-1.5881
-3.9316
-2.8240
-3.1488
-5.7750
3.3244
-1.8472
-2.5419
-1.2993
-1.2823
-0.2694
-0.1566
-1.6654
4.6448
-0.9117
0.5799
-0.6709
-1.6129
-1.8173
-4.9635
-1.7736
-1.9876
-0.2503
-4.3906
-2.9393
-2.7461
-0.6785
-1.8807
1.4503
0.5909
-3.3618
-1.9017
1.9514
-0.7233
-2.7496
-3.1785
-1.5639
2.5795
-2.3701
1.4257
-1.6226
-0.3425
-4.1304
-0.5328
-1.6328
-0.6207
-0.5964
-3.7442
1.2718
-0.3518
0.2246
-3.0963
0.4433
-2.1727
0.1712
-1.6091
-2.1562
-2.0971
-3.0085
-0.4217
-2.3898
-2.0122
0.0591
-2.9813
-2.2950
-1.4840
-0.2464
-2.0224
-2.2097
-2.4143
0.0712
0.0717
-1.9289
1.8333
-0.5941
-2.4687
-2.4581
-0.3475
-0.8542
-2.3421
0.2134
-0.6955
1.4179
0.7073
-1.5129
-0.0710
0.2934
-2.6651
0.2812
-0.9088
-0.4218
-0.0396
1.0749
0.3922
-2.6386
1.6884
-1.7840
-1.1562
0.8078
-0.3063
-1.3336
-2.8191
-1.3984
-0.1998
-0.2292
-0.5669
0.4077
-0.1381
-1.1391
0.7014
-1.2355
0.0025
-0.5617
-0.7442
-1.8964
-1.8361
-0.8127
-0.0663
-0.5466
0.2792
-0.2707
-0.4998
-0.4119
0.3306
-0.4288
0.3644
-0.1057
0.4050
0.6950
-0.1241
-0.1635
0.4504
-0.1159
0.3800
-1.0671
0.4551
-1.0353
0.2751
0.2390
0.0155
-0.3500
0.0128
-0.0970
0.0485
-0.1258
-0.1319
-0.0919
0.0165
-0.2110
-0.0998
-0.5327
-0.0915
-0.2251
-0.0618
-0.0461
0.1182
0.0389
-0.1020
0.1480
-0.0984
-0.1849
0.0523
0.7776
1.4303
-0.0013
0.1762
-1.2989
-5.3821
-0.4033
-0.1422
-0.7700
-2.3689
1.2628
1.4718
0.1635
0.0077
0.2142
0.0933
0.9435
1.0207
0.9669
0.5286
-0.6845
0.0314
0.9009
0.4289
-1.1974
-1.5734
-1.8446
-0.5058
-0.1445
-4.8084
-5.2794
-2.7154
-4.0439
-5.3951
-3.1790
5.1536
4.8250
-6.0541
-4.3808
-4.7715
-3.6322
-5.8241
-9.0688
-0.3144
-1.9784
-3.1982
0.2579
7.5363
-7.5972
-4.4911
4.1593
-1.4565
-3.1926
-2.7254
-1.2121
-2.7450
-3.0031
-3.5314
-0.8005
-0.6118
-5.3381
0.2416
-4.0458
-1.7117
-0.9373
-7.8730
-0.4009
-3.2833
-2.3264
-2.9187
-3.8247
4.3580
-0.9272
-1.8780
5.0272
1.5909
-0.8947
-0.0447
-0.1984
3.4797
-1.1061
0.2257
2.6726
-1.5710
-0.9609
1.0168
2.7199
1.3537
2.3857
3.3556
-1.7433
-2.5810
-1.8720
1.8044
2.7219
-3.2235
1.8566
1.8354
0.0856
-2.1915
-1.8534
2.1816
-0.9480
-0.7953
-2.1375
-1.9880
2.0102
0.5251
-0.2189
-1.3150
0.2585
-0.3156
-1.7293
1.7071
-1.0869
-0.5220
2.1718
1.2003
-0.4226
0.7525
-0.7106
-1.2933
0.2930
2.0020
-0.1952
-1.8073
2.3318
-0.4045
-1.5460
-0.0534
-0.4562
-0.6123
0.9008
1.8659
-0.0445
1.2572
1.1618
-0.8798
-1.0261
0.5488
0.7890
-0.4280
1.1670
-0.4931
2.5126
1.3293
0.2938
1.5053
-0.0509
1.1455
-0.8383
1.2162
-0.5175
-0.0403
-0.2008
0.5183
-1.1656
1.2759
0.1876
-0.4471
-0.7380
0.4349
1.2502
0.3122
-0.9060
0.7898
1.3202
0.2310
-0.0563
0.6089
0.0401
1.1244
0.9780
-0.5199
0.3841
-0.3785
-0.0363
-0.5023
-0.1797
-0.3671
0.0704
0.1224
-0.0385
-0.0157
0.4919
0.4109
-0.2717
0.6379
0.1742
-0.1002
-0.1200
-0.0019
-0.0090
-0.1932
0.0991
0.0901
0.3223
0.1053
0.0566
0.0343
-0.0577
0.2028
-4.0692
-0.9088
-2.0826
-0.6335
1.4271
-3.1439
0.2864
-2.4488
0.9608
1.2358
0.5967
-0.2599
-1.1776
1.1654
-0.9723
-0.6305
-0.6126
0.7203
0.6480
-0.0745
-0.0817
-0.2422
0.7675
-0.2918
-1.3064
0.9808
2.5619
0.3709
2.3927
-5.2905
-0.2448
18.0236
1.7743
-1.3433
-2.2787
-2.6039
-2.9036
-1.1452
-2.0576
5.3568
2.1450
-4.0056
-1.6270
-1.3444
-3.5209
-5.0178
-3.5308
-0.7735
-0.4257
-0.6693
-3.8588
-4.0130
-2.5967
-1.4104
-0.7962
-2.5800
-8.1412
3.9910
-1.7167
-0.0945
3.0227
-2.3610
-2.7736
-1.0906
-3.6830
-0.5811
1.8950
-2.2705
-0.3420
-4.1526
-3.0303
-6.5218
-2.9664
1.0445
-0.2324
-2.5699
-2.7760
-1.8008
0.5681
4.8003
-2.3783
0.5852
-2.6602
4.1053
1.2334
4.7403
-4.3020
-2.0218
-3.1683
-0.2506
-1.4116
0.7658
-3.4364
-0.0476
-0.0118
-2.3014
-2.2434
-0.3551
-1.5924
3.2577
-2.1642
0.5333
-3.0458
-0.3875
4.9782
-1.1733
-1.6581
-1.7150
-1.7345
-1.9499
0.0566
-1.0128
-2.9486
-1.5828
-1.0137
-0.4168
-0.7612
-0.6245
-1.2690
-2.9966
-2.3338
-0.2623
-1.9673
-2.2526
0.3135
-1.5473
-1.6497
1.8239
-2.0429
-4.2722
0.1990
-2.7292
3.2431
-0.0215
-0.4046
-1.3032
-1.7070
2.0286
-0.5313
-1.2138
-2.1746
0.4649
-1.7606
-1.5337
-2.1533
-2.1403
-1.0733
-0.7981
-0.8768
-1.2397
-0.3222
-1.0013
0.9904
0.2517
-0.8594
1.5204
-1.0412
1.3985
-0.3630
-1.5822
0.3992
-0.9001
-0.0979
0.4422
-0.7861
1.8350
0.2800
-0.7182
-0.8179
-0.0394
0.0729
-0.2544
-0.7947
-0.5537
-0.4803
1.6208
-0.8041
-0.0979
-0.8353
1.3024
-0.5122
0.3570
-0.3732
-0.2393
0.6753
-0.0929
-0.5691
-0.3749
-0.1575
-0.4701
-0.2621
0.4362
-0.1863
-0.4537
-0.4732
0.0622
-0.2413
0.0849
-0.2341
-0.2087
-0.0315
0.1805
0.0200
-0.0915
-1.2975
0.0210
-2.3658
0.1177
-1.6294
-1.5715
2.5174
4.3483
1.1857
-1.5480
0.3840
0.5476
3.1365
0.9733
-0.1639
-1.5639
-0.4744
1.2433
0.3671
-1.1330
-1.8666
-0.6851
-0.9466
-3.6972
-0.1663
-4.3512
-1.2423
0.3354
1.6044
-0.0441
0.0017
-3.4844
-2.0511
-3.1316
-0.2883
-4.6356
-0.7727
1.0052
-1.1547
-2.6276
0.8169
-6.5196
-0.6197
-5.5058
1.4526
-1.1840
3.0740
2.5569
-0.0756
-1.9984
4.8568
0.6706
1.2235
1.4522
1.2232
-3.9794
-2.0791
-1.0277
0.1692
-0.6632
3.6989
2.4603
0.8025
2.1311
-2.2308
-0.2885
-0.7964
-4.6793
0.8935
-0.3633
-2.0217
2.0741
1.1268
-2.1677
0.1689
-0.0937
-1.8726
-1.4859
0.4510
0.6362
0.0940
-2.5178
3.3046
-1.0480
-1.6607
4.1682
1.1235
-1.7820
-1.4998
-0.6381
-0.6423
0.9918
-1.9504
1.7333
-0.2274
-1.0798
0.8962
-2.3172
2.9296
0.3101
-0.6057
-2.5148
-1.9254
2.0185
-0.9348
0.9710
-2.1749
-0.5140
3.6619
-0.0780
-1.8457
1.4504
-1.8757
4.3943
1.9656
-0.7087
3.5059
2.9415
-0.9669
-1.6360
-1.4022
-1.9974
-1.6369
0.3764
2.9035
-0.1685
1.0420
1.6471
1.0761
-0.4093
-1.1038
-1.8083
1.5778
3.4354
-1.5130
-0.6061
-0.9430
1.3226
-0.8401
1.3147
-2.0383
1.4596
0.0550
-0.4408
-0.2097
-1.1338
1.9725
0.7122
0.2936
-1.0378
-0.6942
-0.6494
-0.2520
-0.0288
2.7689
-0.0817
-0.2633
0.1202
-0.3346
0.3704
0.5857
0.0915
-0.2387
-0.2475
-0.8287
0.1091
0.3800
0.9764
-0.8830
1.3512
-0.0927
0.1542
0.2567
-0.5151
-0.0530
-1.0287
0.0482
0.2918
-0.2005
-1.0784
0.3092
-0.0259
0.0734
-0.1616
-0.1791
-0.1671
-0.0392
0.1579
-0.2684
0.0670
-0.1421
0.0978
0.0654
-0.0387
0.1328
0.1163
0.2682
-0.0015
-0.0779
0.1623
0.1323
-0.1616
-0.0060
-0.2577
0.9528
-6.9977
-3.8126
-0.1655
-0.3115
-0.9033
1.5470
2.5110
-2.1016
-0.6511
-1.1322
-3.8792
2.1705
-8.3545
-1.7889
-0.5543
1.0845
0.0497
0.8055
0.8649
-0.3800
-0.2986
0.7070
-1.2313
-1.7035
-0.0285
0.4791
0.9341
2.8268
-1.1530
-0.0482
-4.4774
-0.4909
1.7439
-2.5572
1.3616
-0.0870
-2.9363
-2.0303
-0.8244
-3.0009
-2.3818
1.1345
-3.9620
0.8270
-1.2416
-0.2460
-3.8973
-4.7780
-3.5579
0.7701
-4.6986
-4.0379
-0.2746
-4.6043
-2.3959
-2.9568
-4.2294
3.2394
-0.1681
-0.5312
-2.0144
0.3358
-1.1626
0.4296
-2.1196
2.8788
-1.7922
-3.6891
-3.8292
0.0459
-3.4417
-0.5458
-1.1004
-1.0350
0.1042
1.4016
-1.3540
-0.4453
1.8090
1.1468
-1.8801
-0.2983
-1.5656
-1.6441
0.1715
0.7899
-2.7944
-2.7290
-2.2242
-0.9793
-3.2570
-0.2918
-2.8627
0.2357
-0.8077
3.8512
1.9836
-2.0102
-2.2105
-0.1752
2.7071
2.3505
0.7741
-2.0316
-0.5486
-0.1591
1.8345
-2.1581
-0.7108
-0.0494
-1.2265
0.9097
2.9082
0.3517
-2.1401
-0.2648
-1.3617
-1.6396
2.5014
-0.6830
-0.9679
-0.7899
1.7816
0.4156
1.6741
-1.4060
-0.9438
0.8576
-0.1195
2.3841
-1.0796
1.7657
-0.3278
-0.8771
-0.2240
-0.0240
-1.9274
-2.9189
-0.7401
-0.6181
-1.6274
-1.3469
-0.9646
-0.8208
1.6550
2.3751
-0.4765
-0.5089
-1.5799
0.7538
-1.6183
-0.5340
-0.3265
1.3257
0.0816
-0.4225
-0.8301
-0.8717
0.4101
-0.1974
-0.0192
-0.0127
-0.7793
-1.5368
-1.1695
-0.5133
-0.7484
-1.3610
-0.0089
0.2407
-0.0797
-0.2672
-1.1070
-0.3150
1.2939
0.3294
0.2592
-0.6408
0.7340
-0.2034
0.3586
-0.1898
-0.0910
-0.7872
0.2157
-0.8760
-0.1818
0.3153
0.0132
0.0213
0.3734
0.0297
0.1264
-0.1110
0.0389
-0.0673
-0.1019
0.0730
0.0340
-0.0225
0.1327
0.1281
-0.2598
-3.8779
-2.8978
-0.9842
1.2600
-1.4730
-7.9054
-2.1937
-6.5487
-0.2147
-2.0627
1.1156
-3.4898
-0.2467
2.6711
-2.4180
-1.9039
1.1983
-0.2462
0.2883
-1.6166
1.9941
-4.8491
0.1650
0.5148
0.7841
0.3613
4.1454
-1.5702
-1.3446
-2.2626
-0.1630
-10.2525
-3.1555
-6.9048
-4.8490
3.2187
-4.6123
-1.2209
-0.2865
-2.3722
-1.6861
-4.5890
-6.0606
0.2425
5.0385
-2.8854
1.3029
-3.3062
-4.8813
-2.4136
-1.7089
-3.2180
0.1670
-0.1938
1.6467
-2.1274
6.7209
-3.9266
4.6195
-0.8206
-1.3786
4.4657
0.0199
-3.7994
-3.1436
5.1757
2.7503
-0.1660
3.0076
-0.4890
-1.0126
-0.3283
-1.5217
-0.1325
-0.5408
-3.6453
-0.0638
-0.7853
0.4067
2.0744
4.0949
0.4984
-1.0093
0.0998
-0.8790
1.0070
-0.9316
-2.9677
-0.8061
-1.3432
0.0117
-0.5645
-0.4576
-0.2306
1.8300
5.9233
-0.5233
-1.4240
0.0134
-0.8119
1.8149
0.9612
-0.6112
0.1784
-0.4145
0.8380
-0.0560
-0.5275
0.6688
0.7070
-0.0171
-0.1198
-0.7384
-0.3263
-0.0085
0.9197
1.0425
0.2583
-0.3287
-0.3792
-0.2546
1.4230
-0.2349
-0.6324
1.1491
-0.0378
-0.6113
0.2008
-0.6454
-0.0052
-0.5532
-0.0049
-0.2214
0.2864
-0.0909
0.2669
-0.1211
0.1788
0.1657
-0.4866
-0.4664
-0.0224
-0.0201
-1.9617
0.4324
-0.3369
-0.1648
0.4108
-0.2394
0.0758
-0.0921
0.0058
0.1800
-1.6803
0.0882
-2.5144
0.2070
-1.3808
-0.0075
-0.1301
0.4458
0.2512
-0.0941
-0.1995
-0.1424
-0.1835
0.2339
-0.0902
-0.0773
0.2492
-0.6509
-0.0395
-0.2483
-0.0065
0.5678
0.2358
0.0278
-0.0270
-0.0559
-0.2302
-0.0360
-0.0760
-0.0982
-0.1287
-0.0637
-0.0271
0.0766
0.1298
-0.0890
0.1798
0.0583
0.0426
0.0826
0.1596
0.1016
-0.0239
0.1014
0.0536
-0.0210
0.0161
-0.0894
-0.0697
-0.0162
0.2490
0.4400
0.3129
2.1943
1.6281
-1.6150
1.0774
0.7485
-3.3411
0.2002
-2.7279
-1.5785
-2.7395
1.3540
0.6639
0.9954
-1.7619
-1.0381
-2.0623
0.6696
-0.0071
0.9734
0.4881
-0.1414
1.7208
0.0023
-0.9061
-1.3899
-2.9233
-0.4935
0.8563
-0.2157
-6.9591
-5.1003
-3.5963
-9.8709
-6.3744
-1.2701
-5.0952
1.4814
-4.8503
-2.2103
-4.5217
-4.4048
-0.0785
-1.7366
-2.0833
-2.9793
-0.9124
-1.2345
-5.3129
-2.5633
-1.8499
6.4867
-3.2968
-0.3199
-5.9999
10.1344
1.1275
-3.8960
1.5535
-2.1951
2.6344
-1.4964
-1.9821
8.8345
0.5862
1.1223
-1.5763
-1.7674
-2.3795
-3.8430
1.8198
-0.6771
-0.8077
-1.3917
-1.6557
1.5740
1.9691
-3.5487
-2.8330
6.9843
-2.4755
-0.9454
-3.4354
4.6521
2.4743
-1.7529
4.1872
-0.3756
1.4754
1.8546
-0.0048
-0.0924
0.5794
-3.2871
4.6674
-0.4084
-3.5019
-1.4231
2.6634
2.6310
-0.3036
0.0022
-1.5518
-2.7712
1.3157
-1.6116
-0.7316
1.5716
2.9013
1.4957
-0.3451
-0.9269
-0.0390
-1.7933
1.0681
-1.7462
-2.1101
0.0524
0.1359
-1.1667
-0.5586
0.5754
0.5331
1.5320
2.2506
-0.2498
-2.1944
-0.1511
0.8731
-0.2722
-0.0704
-0.4681
-0.8163
0.2532
1.7264
-1.0428
1.9866
3.9729
-1.2962
-0.6367
-1.1101
-0.5508
1.8382
1.9229
0.0839
-0.2535
1.3299
-0.0893
0.3511
-0.0676
0.0336
1.0867
1.3287
-0.4473
0.5022
2.3956
1.1146
-0.9874
0.1842
1.5712
2.1218
-0.2903
0.7502
0.5174
0.3886
0.0236
-0.1154
0.0389
0.4372
0.3689
0.1999
-0.4618
-0.2635
-0.0006
-1.1302
-0.0742
0.3480
1.5842
-0.9695
1.1733
0.4527
-0.2453
-0.1340
0.6593
-0.0226
0.0277
-0.2060
-0.0644
0.0706
0.5697
0.0284
0.4077
0.1459
0.4158
-0.0599
0.1479
-0.0951
-0.1425
0.0668
0.0895
0.1427
0.2327
-0.0962
-0.7256
2.6433
-1.3075
-1.2077
-6.2703
-0.2387
-1.9656
0.4814
1.2748
-0.0342
0.2690
-2.3661
-1.1983
0.5880
0.8093
1.2957
-1.6380
-1.9673
-2.7097
0.5234
2.4168
2.1857
-2.4359
-0.6537
0.1563
-0.2353
-2.4248
2.4516
-1.7300
0.5428
-0.5156
-6.5793
-4.1683
-4.1470
-3.7682
-8.6301
-6.7165
-5.2513
2.7410
-4.5280
-4.5938
-7.7510
-1.2918
-3.8777
-2.8305
-3.9506
1.7126
2.7814
4.7170
-6.5228
-4.3020
-0.3452
-0.8463
-4.6170
-2.7462
2.3130
4.1152
2.0501
2.2676
-1.3514
-1.2630
3.7960
-4.0007
4.7231
3.8694
6.0503
1.3302
-4.2760
3.3574
-0.3649
-2.9134
-3.4366
2.2281
-0.1754
4.3122
-7.4450
-8.2863
2.0749
1.3564
3.1326
4.0977
3.3788
1.5249
-0.9537
1.7687
-0.9544
-5.2456
1.1667
0.4103
0.1357
2.1839
0.2993
-2.1186
-3.4659
2.3182
2.7956
2.7599
-6.4656
2.1393
-3.4908
2.7176
-2.8237
-3.1178
0.7316
1.6612
1.4713
2.0145
-1.9965
3.3753
1.1488
0.5406
-0.7422
-1.4178
0.0093
0.6632
1.5468
-0.4214
2.7882
1.1640
-2.8222
-1.2953
2.1556
-1.0138
0.2798
1.4778
1.6806
1.8149
2.2776
-1.3019
-2.0765
-2.0052
-2.9035
-1.6733
0.5025
-2.4738
0.6451
2.0164
0.3558
-2.5978
1.3646
-1.6141
0.5104
1.1402
-0.9111
2.1705
-1.7665
1.5379
0.9875
0.5453
1.0889
-0.6274
0.7078
1.3258
-1.1470
2.0040
1.3472
0.3810
0.5074
-0.8388
-1.3412
1.2004
0.7301
-0.3237
0.2207
0.6426
-0.0496
0.9421
0.3549
1.0359
0.1455
0.3283
0.4464
0.7576
0.7443
0.1986
0.9864
0.6892
-0.0001
0.8538
0.8077
0.7291
-0.3035
0.2937
0.6781
0.1333
0.3013
0.3185
0.1750
-0.6020
0.1412
0.1592
-0.0202
0.4496
0.0439
0.2517
0.1116
0.1371
0.0681
0.2173
0.1166
-0.0953
0.1416
0.0793
0.0582
-0.0102
0.8775
-0.7889
0.8397
-0.7711
0.8689
-1.1301
1.7531
-1.6184
-0.1594
-0.8597
0.7775
-0.7270
0.9686
1.5049
-0.9850
-0.3933
0.6325
2.1645
-1.3981
0.0344
-0.1700
1.9767
-1.4902
-0.0672
-0.0969
0.2795
-0.2564
-1.8102
1.5890
-0.2387
-7.3550
-4.1232
-3.6564
-3.2528
-7.9683
-4.1599
-2.4253
2.7780
-4.9729
-3.3468
-4.3371
-4.7200
-1.2634
-1.4088
-1.3596
-2.5319
-0.5811
1.3107
-2.9201
-3.8723
0.7735
2.0614
-2.0677
1.9748
-4.9806
-1.8686
1.1782
-1.7648
-4.5329
-3.4387
0.5671
1.8858
2.5058
4.0004
-4.2468
1.5447
-0.3051
-3.1078
-0.6040
-3.9465
3.5091
5.7130
-1.3482
-1.8412
-3.0922
-1.4520
-0.0019
1.4736
-0.5587
0.9855
-0.9433
-3.1621
0.3075
4.2772
-2.0735
1.0526
5.6146
1.8951
-0.1613
0.8812
-1.0685
-1.9229
3.2953
-0.0001
0.3458
-1.7888
-2.4032
2.0598
-0.8042
1.1553
-1.6444
-1.4473
-0.9364
0.0117
-2.4281
0.7051
-0.9221
-1.5798
-0.2416
-2.9840
-2.2451
-1.1157
-1.0381
-0.2677
0.8214
-1.9978
-1.8632
0.7653
0.0950
-0.8552
0.9860
0.0898
-1.2381
-0.3564
2.2458
-1.3349
-1.6993
0.2858
-1.7148
-1.2944
-1.2394
3.4954
-1.6861
0.2189
0.6571
-1.3005
-0.8933
1.2311
-0.7559
-0.6169
-0.9603
0.7133
0.7945
1.0761
-0.8351
1.9953
0.3110
-0.8488
1.3202
0.6764
1.0098
-1.0927
-0.7616
-0.3194
1.8666
2.0560
-0.2727
-0.0787
1.4661
-1.4373
0.6979
1.1180
1.0114
0.9101
0.8055
-0.9638
-0.4442
1.2988
-0.3412
0.6490
0.8470
-0.4169
0.2954
0.6631
0.1627
-0.5111
-0.0822
1.2284
0.2856
0.3570
-0.1572
0.2161
-0.1992
0.0995
-0.0751
0.4236
-0.2332
-0.0383
-0.1424
0.2154
-0.0375
-0.0201
-0.0231
0.0892
0.0078
-0.0155
0.2404
-0.0121
0.0525
0.0543
0.0220
0.0501
0.0471
0.6531
-3.2599
0.8255
1.2407
0.8949
2.2306
-2.2163
-0.2281
-0.8153
-1.7033
-1.1018
-3.7737
-0.0278
-1.1522
-0.6843
1.0577
1.5793
-1.1325
-0.8663
0.3237
-0.2710
2.0582
-0.2509
1.2385
-0.8587
0.9538
1.4946
0.0462
-0.0704
-1.2459
0.0604
4.4053
-7.7178
-3.7019
-3.0550
-1.3893
-4.0803
-1.3865
-4.8894
-1.7749
-2.6719
-5.4774
-5.4506
-2.2888
-7.9743
-6.5482
-1.3082
-1.2937
-1.4013
-2.0067
-3.6604
-3.2202
2.4115
-6.0888
-2.5236
-2.1134
-2.9771
-1.1662
1.0025
0.3107
-0.3608
-0.0223
-3.4127
2.5893
3.6485
-0.6353
-0.2679
-3.9803
-5.8663
-3.0938
-2.6898
0.2422
7.5839
-2.1664
-0.9159
-6.3876
-7.3715
0.3295
1.0116
0.1597
0.3238
-1.2131
-0.0037
-1.2426
-0.4932
0.5893
-0.7113
-3.5709
-0.8910
-1.9354
-1.4552
-2.0406
0.2570
-0.7214
0.5844
1.1594
-0.7743
-4.4373
1.5600
-2.3231
2.4930
-0.7547
-1.0408
0.2786
0.5897
-0.4355
-1.2875
-1.4842
-0.8486
-1.5237
-2.5205
0.7434
-0.8373
-0.5386
0.3313
-0.6228
-0.6933
1.8469
-2.1585
-0.8458
0.0421
-1.1664
-1.2124
-0.2640
0.2263
0.0556
0.4023
1.2056
-0.8466
1.6872
-0.7626
-0.7608
0.4014
-1.1429
-0.2861
-3.1862
-0.9144
1.3326
-1.4399
0.7584
-1.2128
-0.0254
-0.0369
-2.5207
-1.2302
-1.5678
-0.4732
-0.8770
-0.3223
-0.9435
-0.4997
-0.4941
-0.1408
1.0618
-0.4893
1.4016
0.5238
-0.0637
-0.3633
-1.0130
-0.3212
0.8600
0.8785
0.0687
-0.5838
0.0193
-0.6786
-0.1792
-0.8841
-0.1831
0.6318
0.2574
0.1292
-0.0150
-0.3721
-0.0388
-0.1281
0.2495
0.0980
0.0583
0.0529
-0.0357
0.0647
0.1479
0.0578
0.4291
-0.2206
0.0739
-0.1246
0.0025
-0.4023
0.0672
-0.1753
-0.9026
-0.0207
-0.0192
0.0303
-0.0855
0.0622
-0.1852
0.0568
-0.0036
-0.1064
-0.0409
-0.8864
-0.3945
-1.0705
1.1213
2.8082
-1.6088
-0.5731
0.5549
-1.1246
-2.0263
-1.8451
-1.0899
-4.5716
-1.3531
-0.2971
1.6943
-0.1435
-0.6391
0.2532
1.4836
-0.1287
4.8456
0.4421
0.0997
-2.0118
1.2997
2.5041
2.6518
-2.5558
-1.4831
-0.0082
-5.7467
0.4965
-4.1436
-5.5442
-1.1446
-3.6561
-1.4524
-0.3866
-0.6693
-6.3946
-1.9217
0.8202
4.4224
2.3827
-2.5178
-4.0939
-3.1191
-3.7153
-3.2061
-6.0470
-5.5247
-0.3927
0.7932
-5.5308
-7.3613
-3.7640
-2.5879
-1.6303
-0.2473
-3.5274
-3.7961
-2.2589
-3.4096
-3.6514
-4.5405
-3.8966
-1.8710
-0.8152
-4.6502
1.9259
-4.4072
-2.2978
-0.5118
-3.5670
0.0991
-3.5018
0.7486
-2.6915
-3.1611
0.2129
-2.5880
-3.4976
-2.0519
-0.3926
-0.9080
-0.6244
-0.8264
0.7860
-0.5558
-0.2787
-2.3499
3.1143
3.5603
-2.9061
0.8252
-0.5726
0.6925
-2.3412
-3.5727
-2.0203
-0.9583
1.1064
-1.6744
-1.0198
-0.8847
-1.7382
2.3957
-1.9428
-1.4643
-1.5221
-1.7623
1.0376
-0.7784
-1.6275
-0.9969
-4.0165
-3.0097
-0.7823
-0.6527
-0.8052
-2.0243
2.3819
-1.2303
0.0883
-3.0794
3.0185
-2.9793
1.3422
2.1627
-1.7245
2.3217
-0.8758
-1.7957
2.9621
-0.4186
-0.0540
1.0386
3.1605
3.1668
1.4969
-1.7455
-1.2661
0.8954
-0.6779
0.3969
-0.9573
0.1078
0.7777
-0.4702
1.3793
-0.2584
-0.3001
0.1702
-0.5198
-1.7016
0.2110
-0.6019
-0.8585
-1.1943
-0.1102
0.3302
0.3969
-0.7191
-0.4192
0.2480
0.5541
0.8049
-0.4257
0.0106
-0.3006
-0.2574
0.7989
-0.4333
-0.6315
-0.2069
-1.1001
-0.8541
-0.0816
-0.3469
-0.2779
0.2966
0.3424
0.2516
0.1664
0.0439
-0.3807
-0.4011
0.5401
-0.4420
-0.1754
-0.1949
-0.0201
-0.1830
-0.0755
0.1864
0.1267
0.0575
-0.1700
-0.1195
0.1211
-0.2716
0.1152
-0.0605
0.9560
-1.5581
-1.6072
0.8026
-0.6562
1.2459
-1.7894
-0.0466
-0.1432
1.3724
-0.9914
3.2576
-5.1250
-0.7093
1.0225
-0.2431
-0.8161
0.1961
-0.6422
0.6420
-0.8837
-0.4722
0.2626
-0.2861
0.2981
-0.7352
1.3175
-0.3165
-1.7563
-0.5385
0.0067
-2.6412
-0.1729
-5.5380
-0.3709
0.3903
-4.9696
1.6917
-0.2069
-0.5128
-2.0254
-0.5468
-4.2588
4.1747
-1.0826
0.9478
-5.5591
-5.1189
2.4346
0.2365
4.4510
-0.2251
3.4201
-1.6157
-3.8089
-4.4207
3.6779
2.8173
-2.2871
-2.9587
-5.5256
-1.3133
-3.3342
1.9530
-0.4388
-3.6129
-0.8367
-3.0958
0.4768
-0.0616
-5.8734
-5.1186
-0.0055
-2.5003
-2.8862
-0.0612
-2.6595
-0.7763
-2.0393
2.5558
2.9584
1.8695
-4.6618
-3.4309
-2.2365
-1.8581
-2.6264
-0.2999
-0.4108
-0.4064
0.0900
-5.0746
-0.5409
2.8776
-0.6387
0.5268
-3.3340
1.7435
-3.6546
-3.5747
-0.4251
0.3322
-1.8313
-0.2478
-2.0577
-1.3135
-1.1158
0.9876
1.6123
0.7307
1.9145
-3.6639
0.0990
-3.5397
-1.6813
0.3936
-3.7923
0.0082
-0.1451
-2.1982
-1.9920
-0.1499
-1.9965
-0.7112
1.5502
-3.0361
-2.3215
-0.6419
1.3215
-1.3883
2.1000
0.2197
0.4394
-1.2618
1.4470
0.1083
-1.5612
-0.6957
2.7398
-2.8891
-0.6468
-3.5773
-2.2767
-0.0775
0.0726
2.1841
-1.5298
0.3059
-0.9942
-0.1196
0.2464
-0.3934
-1.0838
-0.1783
-0.0423
-0.0051
-0.7063
-0.3982
2.2058
-0.6505
0.1092
0.6931
-0.2437
-1.5825
-0.4756
-1.9196
-1.3836
-0.8691
-0.1454
0.7967
0.0369
-0.7159
-1.6765
-0.1834
-0.1783
-0.9320
-1.0013
-1.1364
-0.0981
-0.6043
0.3852
-0.6599
-0.6900
-0.7833
-1.0931
0.0964
-0.1607
-0.3135
-0.0636
-0.4879
0.1159
0.0536
-0.1115
0.0421
0.2969
-0.0721
0.1135
-0.2008
-0.4414
0.1212
-0.1455
-0.1719
0.0054
-0.0728
-1.4353
-4.6943
0.5835
0.4634
-1.5521
-12.5266
-5.8622
6.2375
-1.8289
-0.7698
-0.1133
-1.7807
-2.1951
-5.6649
-1.1778
-0.0502
-1.1778
2.0585
0.0986
-1.7729
1.9051
-2.9126
-3.6143
-3.7993
-0.0042
-0.3395
1.2629
-5.8373
0.8289
-10.0584
-0.1891
-3.5655
-1.7409
-3.4992
-0.5036
-5.6744
2.3954
-2.9329
1.5123
-5.0026
-4.8758
-0.1321
2.3915
0.7952
-5.6175
-5.0138
-3.6713
2.4311
-0.8039
-2.5924
-1.9078
-1.2718
-3.2237
-1.8711
-4.3984
-1.4990
-6.7833
2.2494
-1.9646
4.7110
-2.0475
3.6074
-0.2772
-0.5123
0.7083
-0.8458
-5.1216
-1.3543
-5.9351
-2.9074
-0.2489
0.0124
0.2394
2.7148
-1.9791
-1.9476
-1.6930
1.0928
-2.1982
2.6542
2.2441
2.5008
-2.2707
3.2107
0.3444
-5.2627
-2.3333
-0.1245
-2.6019
0.6157
1.0511
-1.9214
3.9118
3.6044
-1.8414
-0.9041
-0.9322
-0.9153
-1.7967
-0.6002
2.9840
1.3517
-3.0562
-3.8465
1.9333
-0.8089
0.5130
-0.2364
1.0066
-0.5658
-0.3391
-1.9511
-0.8376
-1.7928
-1.5058
-2.5140
-2.0044
1.5207
0.2107
-0.1858
-1.3142
-2.2497
-0.0315
1.2247
-2.5228
2.6542
0.6066
1.3693
-1.4465
3.7413
2.5088
-1.7997
-0.9594
-0.3545
1.1391
1.1100
0.4769
-0.5556
-0.4642
0.7728
0.0594
-1.0418
2.2877
0.1727
0.8453
0.9360
0.2554
-1.4436
-0.9781
0.8058
-0.6850
0.6877
-0.4903
-0.0010
-1.9011
0.1745
1.1022
0.8694
0.0963
-0.9423
1.3506
2.0073
-0.0235
1.3051
0.2949
0.7468
1.5313
0.4868
0.7735
-1.5925
0.1066
-0.1111
1.4237
0.8650
-0.0158
-0.1266
1.2461
0.4620
1.4091
-0.2133
0.9819
-0.0423
0.2890
0.4305
0.3035
0.0789
0.5576
0.5833
0.6325
0.7107
0.2467
-0.1793
0.0154
-0.0071
0.5408
0.0411
-0.0000
-0.1091
0.5269
-0.3144
0.2310
0.1752
0.1360
0.1408
-1.1777
-1.1393
-2.8716
1.0526
-0.8273
-4.6722
2.4861
3.1276
-3.5541
-0.8255
-0.8070
1.7388
-7.7299
-2.7086
-0.9172
0.0291
-1.9736
-0.0866
-4.2026
2.9608
-3.8416
0.4955
-2.1694
-3.9818
0.7947
-1.3085
-2.3929
-0.1083
1.3380
-1.0167
0.0999
-2.2206
-4.3805
-1.5035
-4.5678
-0.6440
1.4834
1.6284
2.1913
-4.4730
-0.7413
-2.2581
-3.3498
-1.6047
-4.6354
-4.6218
-1.9236
1.9388
-0.6258
0.9666
1.3446
1.1372
-1.7478
0.4978
-2.1955
-4.7675
4.1372
-0.4674
2.0976
5.8245
-3.0365
-0.4539
-3.0588
-2.7708
-1.1402
-2.6310
-1.1249
-2.7956
1.9773
1.5089
-2.4175
3.8464
-0.3459
4.1821
-2.6506
-2.1548
2.8800
3.9716
1.3100
0.6351
2.2162
5.0512
-2.1689
-2.8839
1.5893
-0.0121
-3.8750
-0.8122
-3.2857
1.2937
2.8853
-3.0598
-2.6340
-0.7160
-3.2501
-0.8222
-2.8468
-0.3875
-2.1556
0.4547
-0.3688
-0.8321
-1.0119
0.0948
-0.0188
0.2834
-0.9856
1.0306
-1.0845
-1.0251
-0.7933
4.1008
-0.6929
-0.9331
-0.7786
1.1534
1.0434
3.1879
2.0727
-1.7904
-1.5204
1.0710
-1.9196
-1.9775
-0.8269
-1.4060
-1.0655
2.5560
-1.2524
-1.1264
-1.0155
-2.2533
3.0615
1.7152
-0.1240
1.3809
1.9362
1.8604
1.2813
-0.3442
-0.3012
-0.5671
0.4752
0.3052
0.8778
0.0843
-0.8958
0.3623
-0.5409
2.5707
0.4346
2.2070
-0.6678
0.1201
1.6354
0.0199
-0.1791
1.7106
-0.7265
-1.7481
-0.4581
-0.5782
0.4521
0.2204
2.1094
2.0134
-0.5603
-0.3079
2.1310
-0.2741
0.0458
-0.2507
-0.3556
1.4365
0.0308
-0.7797
-0.5627
1.0327
-0.3344
-0.3381
0.2999
0.7912
-0.1224
-0.2317
1.0752
0.0203
0.6387
-0.2045
0.0848
-0.0112
0.2203
0.1302
0.0603
0.1343
0.1592
-0.1513
-0.0174
0.0959
-0.1118
-0.1405
0.1151
0.1699
0.1077
0.4354
-2.2026
-3.1559
-2.3134
-1.6876
1.1136
-8.6254
-0.6702
1.2649
-2.1786
0.1456
-3.7710
-0.4113
-3.5224
-2.0461
1.8904
-0.0142
-2.7074
-0.9150
-3.8254
1.5142
-1.9036
-2.0957
-3.8186
-1.5809
1.1694
1.0210
2.3305
-0.6461
-0.5334
-4.8058
-0.0264
-4.7236
-4.7202
0.4191
0.4397
1.4498
2.3256
-1.4683
-0.3435
0.5661
2.8544
-1.1972
-1.0236
0.6844
0.0482
0.4263
-0.2973
-0.2025
-1.9709
-0.5148
1.1652
-3.2009
-0.8925
0.6722
-3.5362
-0.2772
-0.7124
0.4886
-0.6927
-1.8941
0.4744
-2.3116
-2.5370
-3.3951
-2.3311
2.8297
-2.6890
-0.6711
-4.3046
-2.5375
5.6798
-1.9216
-2.4026
-0.2298
-0.5600
-1.0836
-2.3880
0.0867
-1.0253
-1.5204
-1.5166
0.1696
0.0990
-0.0508
1.3850
-2.3700
-1.0894
1.7029
-0.2618
-0.2551
-0.0071
-0.2304
0.6882
-0.2831
-2.1966
3.1279
-0.0819
1.9038
-0.0484
-3.1973
-0.1096
0.5215
0.3991
-0.9579
-1.4321
-0.3784
-1.0567
0.3072
-0.0706
-0.1095
0.0729
-0.1707
0.0645
-0.0912
-1.5566
-0.0677
-0.1868
-0.0370
0.2631
-0.1205
-0.1897
-0.2572
0.0876
0.0818
-0.1377
-0.0891
0.0325
0.0017
-0.1180
-1.3159
-0.2699
0.1491
0.1629
0.0533
0.3458
-0.0872
0.0072
-0.1650
0.1228
0.0107
0.2504
-0.1050
0.1793
0.3268
-0.6614
-0.3488
-0.0329
-0.1647
-0.1045
-0.0555
-0.0281
-0.0393
0.1115
0.2417
0.1556
0.8890
-0.0550
-0.3827
-0.1516
-0.1327
-0.0020
-0.3452
0.0148
0.0378
-0.1450
-0.0536
-0.0344
-0.0465
0.0066
0.0837
-0.3206
-0.0578
-0.1180
0.1362
0.1105
0.0307
-0.1307
0.1429
0.0118
-0.0243
0.0786
-0.0469
-0.1067
0.1207
0.1196
-0.0021
-0.2743
-0.0136
-0.0113
-0.1343
0.0892
-0.0434
0.0743
0.1316
-0.0264
-0.0564
0.0862
0.0645
-0.0767
-0.0222
0.0213
-0.0823
0.1125
0.1464
-0.6076
-1.6555
-0.0556
-2.4582
-0.8849
-5.8088
-0.3370
3.3597
-0.4416
-0.2544
0.1681
0.1459
1.1813
1.6266
-0.0559
-6.3010
1.4346
-1.3643
-2.0201
-1.3991
-0.8861
-0.8544
0.3654
-0.1863
-0.9695
1.3072
0.4780
-2.1870
1.1042
-1.6496


Weights 1->2:
-0.5504
-0.7375
-0.2776
-0.8388
-0.3155
-0.8640
-0.4673
-0.5179
-0.7336
-0.6893
-0.4773
-0.6473
-0.3389
-0.5867
-0.7826
-1.3538
-0.7084
-2.1252
-0.2560
-0.3925
-0.6361
-0.3465
-0.4693
-0.3457
-1.4873
-0.3843
-0.2396
-0.3522
-0.5201
-0.6006
-1.7092
7.7246
4.3908
1.8444
0.5482
6.5263
-5.5367
-4.8721
5.5923
-1.8503
2.7891
-3.8969
5.1890
3.1193
0.2504
0.5532
5.8583
0.0978
1.8396
-4.2074
3.1169
1.4394
5.1853
5.4928
-5.6688
-1.1541
-1.7456
1.1019
6.4109
3.1485
0.4302
2.8859
2.5156
2.8602
-0.7064
7.9909
0.2117
-2.9290
-0.5854
1.0431
1.0965
-1.1861
-0.8103
4.5507
2.9206
1.2479
3.8063
1.6615
5.2856
0.2539
3.0832
3.1036
4.0039
-0.2206
0.6724
0.3111
2.3181
-2.8655
1.1967
0.4415
-1.4609
4.6561
2.4260
3.0116
3.2961
5.6836
0.1851
-2.5161
1.5866
1.0058
-1.5867
2.1786
2.0284
5.3805
3.0377
2.7338
0.4166
4.2192
-0.9286
2.0110
-0.2591
-3.3584
4.5673
2.9577
-0.2505
1.2467
-3.4862
-0.5914
1.8113
1.4711
0.7881
3.5440
-0.0246
3.6172
0.3734
-2.4557
2.2562
-1.4320
3.3119
5.2634
4.3458
0.3844
-0.4793
-0.0905
1.5705
2.9343
2.2376
0.9570
0.5446
0.6784
-1.2510
1.9539
0.5225
0.7122
1.1491
2.4511
-2.0528
3.0378
1.5094
2.5467
-0.1980
4.6747
-0.0814
3.6729
-0.0802
-1.2928
2.5684
2.5412
0.2977
5.0766
4.5767
4.6759
-2.1165
2.2245
1.1866
1.6878
2.4379
2.1231
2.1307
-0.4906
2.0504
1.6383
0.1792
0.6728
1.9267
2.1051
-1.0591
-0.9205
-1.9119
2.6133
1.7635
3.0893
0.1782
3.2781
-0.2494
0.2953
2.3092
-1.9627
1.5994
5.1885
4.9101
2.0784
1.1656
1.0897
1.7013
2.3918
0.9177
1.1745
1.7886
1.6719
-0.3332
1.6240
0.3988
1.3750
1.8204
2.6401
-0.9173
-0.9420
1.7683
0.8741
0.7387
5.1285
3.9497
3.1906
0.8295
6.3338
0.4728
-2.2138
1.8941
4.3296
4.3930
1.5908
0.5997
3.5291
4.7309
-2.6149
-2.7172
-0.9870
-0.6469
0.9935
1.4288
-2.1282
-1.3880
-0.3173
1.5495
0.1582
1.1903
-0.4739
1.2169
2.0469
1.4902
4.9891
4.2914
2.9463
-0.0397
6.1691
-0.3594
-2.4263
-3.3802
-3.6241
-0.1417
-2.1679
1.5984
-0.5209
-2.0203
-1.1934
3.9938
0.1482
2.1185
0.1528
3.2787
4.4218
6.1095
3.8421
-0.0492
0.2676
0.0508
2.9522
1.2014
1.4921
2.2962
1.9442
1.3076
3.3847
2.9461
6.3311
2.7638
-1.6020
0.2897
1.1530
-1.7845
-1.6030
3.4922
0.8626
1.1436
1.0893
3.2435
3.1345
0.0196
0.9805
-0.1702
1.7669
4.7486
3.3658
0.8951
0.0743
-3.3537
0.7515
2.3967
3.8735
2.6934
1.3205
1.4762
1.7804
0.7247
7.0441
-3.6930
-0.8860
0.4054
3.8752
4.5330
3.5519
-0.4318
2.7089
1.4795
0.6100
4.7205
-2.4502
1.6861
2.5443
-0.3173
0.0874
4.9364
-0.7803
2.3906
0.1960
-1.3195
4.5296
-0.3432
1.2766
0.2035
0.7052
0.4633
1.4872
0.3980
5.6940
1.7130
-0.9989
2.3770
2.6375
-2.9589
0.1936
2.9379
1.6628
1.7373
1.0626
2.4448
3.6854
2.4929
0.9505
1.7486
1.6504
4.0210
0.5851
0.9144
-0.0986
-1.0348
1.2909
1.6270
1.8574
0.4874
1.3725
0.1734
1.9939
3.6059
4.9718
1.4198
-1.9849
1.2787
2.3659
-1.1647
0.8133
0.7488
0.8558
-0.1522
2.0823
2.3321
2.4341
2.2349
2.5002
-0.2189
2.5196
3.8285
1.0662
2.0178
2.1000
-2.4581
0.9818
1.8847
4.6556
0.4540
0.9047
3.0709
1.4780
2.1166
6.6127
-1.2550
-0.6708
-4.2724
3.8666
1.1784
1.3303
0.9465
2.4462
1.9434
2.5343
3.0452
-0.0570
2.6653
1.7522
-0.2437
-0.5038
4.6671
0.2489
2.2296
3.4374
-2.8565
2.0872
0.0084
3.1505
1.5915
1.2903
1.8649
1.4067
2.1459
6.6819
-0.3055
-6.3828
1.0395
3.3933
0.2335
0.5136
-0.6437
-1.2227
1.3611
1.6047
3.0046
1.8768
1.7976
2.3312
2.4867
1.4410
4.8754
1.1597
2.2578
-0.2152
-0.6677
1.7899
2.5245
3.0214
0.8948
1.9653
-0.4179
2.0621
1.3928
4.2685
-0.4596
1.6053
1.5257
0.4012
0.3745
0.7365
1.2991
0.6213
-0.4193
0.8864
3.5200
3.8090
1.0162
-0.1767
-0.0288
3.4229
5.1553
1.6105
1.0189
2.2416
-3.7172
0.2088
3.9154
3.8903
-0.3967
-1.0235
-0.8705
-0.5576
-0.4590
-1.4389
0.4895
-1.0046
1.1963
-2.0445
-2.3836
-1.6945
-0.5946
-0.4680
-0.8883
1.8703
-2.0154
3.0905
-1.3031
0.3494
0.3854
1.0565
0.0753
-0.4042
1.6145
-1.2203
-1.3680
-0.8236
-0.3333
-2.9221
2.0712
2.4558
-0.6977
0.1133
0.3637
-0.4591
2.6422
0.7260
2.7516
4.8327
4.3097
0.5514
2.4268
0.9990
1.6909
0.1469
2.1425
-0.0085
1.6235
-1.4771
-0.3838
2.5714
-1.8039
1.9665
-1.3988
2.9227
0.3958
0.5374
0.5893
1.1188
0.5712
2.3493
1.0238
3.4138
2.1011
4.6033
-0.6546
-3.3457
-1.2726
3.2468
3.9731
2.4460
-1.3167
1.3062
2.2423
-2.3486
-1.4554
0.2399
0.4173
2.2062
3.5540
-0.3431
-1.6653
-0.7681
3.5331
2.6785
1.7562
2.3388
1.4449
2.8473
1.3541
3.9878
2.4871
0.6215
1.3209
5.5800
1.1819
0.1430
2.9475
4.2572
4.4870
1.5413
1.5983
2.9292
3.1132
-1.1098
-0.9763
-1.3115
-0.1742
-0.1884
0.8411
0.3920
-1.1345
0.9328
0.5670
1.1345
0.0248
0.0437
0.6365
3.8571
1.1056
0.9429
-0.6225
1.5159
2.0564
5.9466
-0.3182
-2.2786
1.2629
2.5307
0.3814
-0.5241
1.3617
-0.3727
2.0081
1.4336
2.9111
2.0816
3.8902
-0.3327
1.2723
-0.1190
4.5657
0.4801
1.7338
-4.7006
-2.1765
0.0929
4.3740
4.5652
2.1552
2.0940
-0.2148
4.8362
1.4901
-3.3161
3.1103
-2.6016
0.6991
3.9146
3.6307
2.2546
1.5917
0.4674
1.6157
1.1817
1.3784
-0.5087
0.7320
1.5017
-1.6167
2.4336
0.5408
1.6774
-0.4329
3.5860
-0.9441
-0.5520
-1.2994
0.9098
2.0290
1.9093
3.4898
0.4483
0.1082
5.3075
2.3315
-2.9115
2.2100
2.2796
5.4731
2.6616
6.6857
5.1992
1.2784
-5.2213
2.0325
-1.6748
-5.7093
0.6781
1.9866
-4.0290
-5.7108
-0.9834
0.5563
-2.6488
1.0980
-3.1319
-0.8788
2.9237
-0.0509
0.6243
2.6815
2.8454
3.4369
5.1759
0.8193
0.3118
-1.0861
2.1603
2.6226
0.6878
2.5941
1.8054
0.1415
-0.7840
4.0966
3.6262
-0.6762
0.3742
1.5655
0.8706
3.7867
3.6437
1.3309
1.6265
-5.9371
-0.6004
1.8041
2.6440
-0.2157
2.0250
0.3505
5.3678
1.9352
0.0627
2.2841
-5.1637
0.7754
3.8155
3.6276
2.1483
-2.7873
1.1248
1.4470
-0.0046
2.6218
0.4098
2.0032
2.9824
-0.4479
2.3556
1.2305
1.3889
-0.4126
1.8049
-1.9441
1.1715
0.2506
1.3033
1.1985
2.1027
-0.0180
0.9562
0.8392
0.9714
2.0765
-0.2164
3.2074
4.7721
4.4517
1.9697
1.8687
1.1036
0.3713
1.6880
2.2871
-0.3460
0.3428
0.3142
-0.1992
1.1399
1.0635
1.4967
0.2114
2.0372
-0.3233
1.3469
1.5092
3.6160
-0.4207
4.0958
-0.3737
0.1683
0.6637
-2.4191
4.0145
4.2632
0.5287
4.5031
4.3869
5.8667
-3.2106
3.5293
0.7939
-2.2041
2.7344
0.3536
1.0316
-0.5307
2.7788
-2.4684
-1.4400
-0.1411
-1.4476
1.6464
-4.0103
-3.5548
-0.2645
2.5659
2.7062
2.7951
1.9832
-0.8454
-0.3333
4.9488
-2.1860
-4.9894
-3.3967
-2.2803
2.1670
4.4689
-0.9497
2.7780
1.9083
-4.2069
-2.3137
-2.1775
-2.9190
1.1671
2.9684
-1.7266
-3.6710
-1.8978
1.9310
4.2155
7.0397
3.5145
-2.5105
2.7961
0.7300
3.9619
0.4707
0.4136
0.3582
-0.4304
2.7943
1.8291
1.3436
3.8525
4.9998
3.6897
0.0554
2.1159
1.1268
0.2606
2.4961
0.0346
1.3172
-1.5154
1.9536
0.3323
0.9527
1.4967
-0.4640
1.6290
0.2112
1.5237
-1.3764
2.7242
0.1165
-0.7680
-1.8384
-1.0344
1.1486
1.7629
-2.0813
8.1235
-1.3195
-4.6145
-3.4626
0.4948
1.4636
-0.6870
-0.2910
-2.3776
-0.2998
-1.6578
0.3924
0.6241
-0.5611
-1.7646
-1.9269
-0.4765
-1.0624
-0.8943
6.8214
5.2186
-0.9337
-2.9616
-0.9314
-1.2501
-0.4704
-0.1401
-0.6430
-1.4976
0.1488
-0.7308
0.5701
-0.9927
-0.8534
-1.1833
-0.4192
-0.3090
-0.7970
1.1409
-1.3171
3.0013
0.1492
-0.5552
-0.3669
0.4276
0.1821
-0.6420
1.9015
-1.1515
-1.1613
-0.6421
-0.4338
-1.4669
0.6079
0.5368
-1.3043
1.3060
-3.7058
-2.3327
0.7874
-2.9708
0.7771
5.0060
2.3566
2.5910
-0.5074
-1.9026
2.2836
-4.7703
5.8195
0.3627
1.3586
1.2408
2.6964
-0.6313
-2.3108
-0.4626
-4.7107
1.1311
4.3343
-4.9950
-2.8549
-2.1606
0.1117
1.5635
2.1127
2.1722
3.4691
3.5619
-1.0539
0.2580
1.7311
1.2219
0.7506
-0.5251
-0.5949
0.0911
1.8829
0.4550
2.6451
2.0788
2.3094
-0.4625
0.7412
2.4289
5.2297
0.4594
0.9533
-0.4403
-1.7128
1.0296
0.7542
3.1032
2.1081
3.8937
2.2691
-0.4888
1.4082
3.6771
-1.2121
-2.7627
1.1051
3.0579
3.5882
2.1463
-0.2220
1.6280
2.5785
-3.1508
-0.6098
-1.5260
-0.2402
0.6945
2.1691
0.1055
-0.5448
0.6752
2.0029
1.9030
2.8725
2.7645
-1.1301
4.6601
2.7737
4.2635
2.7449
-0.7397
-0.5512
5.9853
-0.8035
-4.3316
2.0215
-0.0039
-2.1015
2.5691
-2.2126
3.7601
4.7166
-6.6906
-1.6478
-1.0362
1.2271
-0.2325
0.4767
0.2075
0.6204
2.0510
-2.5817
1.6127
5.0724
-0.0580
-0.7635
2.8163
3.3685
2.2657
-1.4103
-0.2915
-0.5639
1.7783
4.5768
3.7242
2.7296
5.0345
3.8089
-1.3056
0.2906
-1.6853
-0.8090
-0.8480
1.1359
0.4945
0.4124
0.3445
-1.9676
0.5138
1.1061
1.6309
-2.3263
0.8523
1.4202
-5.9426
4.1288
3.6465
1.2337
3.6577
0.5327
0.6521
0.5952
-2.9722
2.3706
3.5358
1.5497
3.4348
3.9557
4.5167
-1.6005
1.7673
1.6268
0.5222
1.8706
-0.4555
1.7939
-0.7312
0.6701
1.2672
-0.6302
2.5979
-0.8920
2.3362
-0.9013
-0.2641
-1.7376
2.7449
0.8313
-0.1083
0.1841
0.3819
2.6269
4.2354
0.6108
-1.2134
-1.2861
2.3751
-2.6635
0.4600
-0.0489
-2.1411
2.2262
0.3610
1.3180
3.1550
2.7061
-0.0299
2.2339
4.4367
4.3822
-2.1300
0.0164
3.4881
-0.9398
2.0133
0.7956
3.7235
0.2368
3.2404
0.4297
-0.6640
1.0120
0.9071
2.1770
3.7244
1.6927
3.7339
3.6534
1.8038
0.9450
0.4982
1.7280
0.2915
0.9506
-1.1131
0.9342
1.2152
1.1050
2.8676
0.8702
2.4209
-4.5130
2.5435
1.6713
-6.6494
-4.7904
0.0501
2.4621
2.7590
0.1213
0.8560
1.4840
0.1633
3.2937
-0.5417
1.6035
3.5893
4.5854
2.2175
0.7386
1.5073
0.7616
-0.9505
2.1497
-1.0362
0.8212
0.5261
0.9024
1.4317
-1.4626
0.8948
-0.5417
3.1151
0.3122
-1.1259
-2.4026
2.0233
0.6321
0.7917
-1.5245
1.5595
2.4749
4.7399
0.1184
-3.9187
1.1940
2.8228
-1.5544
0.5914
1.4204
-1.9014
1.4335
0.1143
3.3887
1.6318
1.9015
-0.1883
1.1669
1.5686
4.4055
-1.1757
1.6166
2.3558
-3.3667
2.5455
-0.9831
5.2190
0.3534
-0.2548
-1.2236
0.1657
1.0698
0.0932
-2.4938
7.7589
-0.4369
-5.3552
-3.9378
-0.3105
0.0434
-1.8570
0.4624
1.0615
-1.8340
1.2324
-0.9224
1.2930
0.7841
0.7144
-2.6273
-2.8829
0.7789
-1.7308
3.9558
6.5079
0.0707
-3.3630
2.5093
2.7400
0.6126
0.8468
1.1286
-1.0911
2.7035
3.0173
1.9479
3.4150
4.5173
3.2106
1.7717
1.0452
0.0246
-0.5671
1.8360
-1.7717
1.3479
0.9946
0.1932
2.2610
-3.1184
0.8743
-1.8919
2.5456
0.3196
-3.2229
0.2841
0.9878
-0.0522
-1.1785
-2.7059
0.1392
-0.5473
-1.2890
-0.1306
-0.5027
-0.6607
-1.3982
-0.0453
-1.0318
-0.2234
-0.6102
-1.2537
1.8883
-1.7582
1.9503
-3.2802
0.2680
0.1275
-0.3952
-0.4553
-0.2007
1.2594
-0.9619
-0.8724
-0.6532
-0.3602
-1.7697
-0.1520
-1.3233
1.2072
-0.8698
-0.6395
-1.6140
-0.0985
-0.5806
1.4149
-1.4451
-1.5724
-1.2258
-0.4950
-0.6668
-1.5247
1.4665
-0.8308
1.4285
-1.6752
-0.7314
-0.2525
0.1689
0.2554
-0.7206
1.8896
-0.9371
-0.7058
-0.6299
-0.2779
-1.1666
-0.0233
2.2307
1.1550
2.8782
1.6590
3.3810
0.9477
-1.1032
0.9325
-0.0489
0.1577
-0.8228
-1.8691
-0.6699
1.0220
0.2794
1.7164
1.5699
3.1078
1.7330
0.1498
1.7640
5.7095
0.8447
-0.5958
0.8357
-1.8971
0.5954
3.0237
4.1589
-0.8361
-2.3304
-0.3327
-2.4205
-2.0043
1.0093
-2.1199
8.5790
0.1253
-2.8459
-3.3263
-3.2018
-0.7050
-1.8898
0.9787
-1.1454
-1.8830
1.8771
-1.4911
-0.5043
-0.1562
-1.3093
3.2595
0.9226
1.3054
-1.8712
6.7858
2.3929
-0.7703
-3.8814
-0.0849
4.2925
-0.4952
0.7345
2.3541
-2.9562
2.6221
6.1535
-0.1871
3.9403
2.6252
4.4881
-0.2791
0.1539
1.4387
-2.0198
1.3295
-0.1611
1.5098
-2.9730
2.1113
0.0517
-1.9425
0.8197
-2.5141
1.2089
-3.2447
-2.4128
-0.9891
2.9755
0.9445
1.6611
-0.2555
0.1431
2.0084
-1.0811
2.8357
-5.4718
3.1288
2.8491
4.4658
1.2362
2.6823
0.9487
0.5617
-0.3854
3.1407
-0.6319
1.0537
0.3771
0.7393
1.2020
0.8776
2.7856
-1.2829
0.9053
1.0423
2.5961
-0.1786
2.9396
-0.4911
-1.2470
-1.6458
-1.3918
-0.6947
-0.5148
-0.9427
5.1105
0.3437
-2.7340
-2.4471
-0.6042
-0.3591
-0.6033
1.7099
2.1552
-1.6303
2.0604
-1.9350
1.2969
-0.8702
-0.8312
-0.3325
0.8378
1.0174
-1.1462
0.4324
4.9372
0.7435
-1.6072
0.1662
-2.7879
2.9161
0.2219
1.7079
5.2133
-1.0358
-4.3039
0.5697
1.1578
3.5030
2.0248
-2.0065
2.1510
1.4506
-3.3726
2.1780
0.2787
-0.9737
1.2887
3.3311
0.5854
-6.7684
-0.8615
-1.0345
2.3220
4.2266
-2.5724
-1.8326
3.1166
-0.3533
-1.4926
-0.2405
-0.8693
-0.3826
-1.5313
0.1203
-0.6281
-0.1659
-1.1231
-1.1159
-0.8579
-0.4740
-0.4410
-1.1116
1.6751
-1.7620
2.2179
-1.2922
0.8509
-0.4386
0.0534
0.3031
0.2208
1.1078
-0.7772
-0.6496
-0.4299
-0.3727
-1.1775
-0.0450
-1.4456
0.1520
-1.1138
-0.7054
-1.5169
-0.5120
-0.4985
0.3222
-1.4263
-0.9345
-0.8126
-0.2976
-0.5777
-0.9309
0.6199
-0.9600
1.9902
2.0022
0.0451
-0.6519
-0.2736
-0.5787
-0.4093
1.3563
-0.7800
-0.6432
-0.7343
-0.4494
-1.1054
-0.7168
-1.5056
-1.2784
-1.0074
-0.2686
-1.5262
0.7173
-0.4612
0.4529
-0.8683
-0.8355
-0.9531
-0.3480
-0.7492
-1.1235
2.5697
-1.4080
0.1322
-1.5673
1.8459
-1.0011
-0.3758
-0.2683
-0.8582
1.9384
-0.7191
-0.4567
-0.5473
-0.4451
-1.1092
1.8235
3.5356
-0.0262
-1.0681
2.3932
-1.5783
2.1492
5.1522
-0.2179
3.1128
3.2733
-1.1206
0.5832
0.5624
1.5665
0.0082
0.8522
-2.3915
1.4275
-1.9582
0.9934
0.9383
-1.5779
2.9439
-2.0243
2.8263
-1.7105
-2.9085
0.3499
1.1491
0.1308
-1.4627
-1.1557
-0.6632
-2.1213
-0.5947
-1.5808
7.1163
-0.7942
-3.9181
-3.3984
0.0542
-0.6147
-0.1002
1.4446
-1.2612
-0.9996
-1.9058
-1.4071
1.5696
1.2449
-0.2793
-0.5008
-0.9319
-1.2833
0.7158
3.7426
5.6207
0.2977
-3.2633
0.7703
2.0645
1.1994
2.4562
0.4081
4.2564
0.0985
1.9093
0.7582
0.3826
-2.6784
0.9814
-0.4186
1.6081
-0.1663
1.1351
4.4589
0.6120
0.2352
-0.9987
-3.6130
2.0355
5.3114
-1.4856
1.1407
-0.8608
-1.8032
-0.0914
2.3489
1.5209
1.3830
1.0520
0.6171
5.4729
1.2450
-4.9104
2.4868
-3.1470
1.0951
3.1749
2.6866
-0.9692
-0.1819
-0.3540
0.4432
-0.2222
1.2302
0.1360
-0.1799
1.7715
-1.4369
-1.4825
0.5215
1.9406
-0.2557
1.8645
-1.5591
0.6662
-0.0912
0.5196
-0.7376
-1.2607
-0.2584
-0.9322
-0.5801
-1.5248
-0.2102
-0.3983
-2.4197
-1.0450
-1.0181
-0.4147
-0.3971
-0.5491
-1.4429
-0.9127
-1.2926
3.1655
3.5508
-1.1244
0.0317
-0.5871
-1.2129
-0.7840
1.5768
-0.7721
-0.6380
-0.5870
-0.4261
-1.2337
-0.6928
2.2824
0.7075
5.4200
0.1459
-6.7049
2.6748
-3.8386
0.0946
3.4105
2.4706
0.5617
-2.7022
1.1948
1.2147
0.4365
1.4009
0.6752
1.6419
1.7718
1.6774
0.0333
0.3767
-0.1350
-1.4597
0.8104
-2.7100
-2.2067
-1.2434
1.5748
3.0219
0.6541
-2.3439
-1.4101
-0.1182
-6.0622
3.3420
0.2523
0.6684
5.2116
4.0059
2.6596
5.4691
1.8832
-0.7317
-4.5557
4.0202
-0.1147
-2.6419
-3.3963
0.6606
-4.3529
-2.2185
-2.0994
-2.6993
1.3643
2.5473
-5.4740
3.0065
3.7912
-0.7137
-1.4699
-0.2835
-1.2332
-0.2458
-1.3588
-0.6379
-0.3745
-1.2459
-1.0917
-0.9979
-0.3153
-0.4731
-0.5079
-0.7333
-0.5523
-1.3940
3.2198
0.1535
-0.4862
-0.1114
-0.4079
-0.6700
-0.4080
0.0977
-0.6896
-0.8171
-0.4129
-0.2214
-1.1371
-0.1683
-1.4860
0.8308
-1.4339
-0.1472
-1.6056
-0.4415
-0.5556
-0.3802
-1.1294
-0.9394
-0.3001
-0.5187
-0.5329
-0.6591
-0.0567
-1.4495
2.5950
1.6870
0.6034
-0.7784
-0.1710
-0.4706
-0.3478
0.3187
-0.9191
-0.7520
-0.4278
-0.3331
-1.0038
-0.6905
-1.2527
0.1689
-1.3965
-0.6597
-1.7847
-0.6507
-0.5796
-0.8956
-1.3571
-1.1382
-0.5655
-0.4479
-0.3872
-1.0936
-0.7237
-0.9404
2.9900
4.8535
-0.2187
-0.7264
-0.5416
-1.1183
-0.8552
0.8893
-0.9014
-0.6048
-0.6139
-0.3197
-1.0819
-0.5746
2.1560
-0.2498
-0.2350
1.3136
-2.2827
2.5653
-1.8345
1.9846
2.3574
2.5164
3.9787
0.5110
1.7457
1.8564
3.2539
-1.3369
-2.1308
0.6066
-0.6021
-0.1426
-0.8373
-2.4398
2.8289
-2.3731
3.5749
0.5473
0.8754
0.1496
2.3159
3.1950
-1.4325
0.6864
-1.0419
0.2973
0.2097
2.0532
-3.1952
1.4177
4.2493
3.4585
-0.4381
5.3464
-0.2260
1.5154
2.0290
-0.0588
-2.8215
2.2735
-0.1669
0.2554
-1.1708
2.2818
-0.1481
-1.4738
0.7377
-3.8330
-0.3012
0.4057
3.5886
-0.6815
-1.2094
-0.4331
-0.7591
-0.7122
-1.4100
-0.6339
-0.5392
-0.0544
-1.0648
-0.8529
-0.7890
-0.3033
-0.7182
-0.6248
0.9140
-1.1283
2.3181
-0.2523
1.3838
-0.4566
-0.6912
-0.3172
-0.2745
0.3063
-0.9287
-0.5945
-0.5248
-0.3606
-0.7530
-0.0714
0.7949
-2.9985
3.6924
-0.0770
1.6979
0.9499
-0.5758
1.6261
1.9273
-5.7967
-1.4682
0.4074
-1.8104
1.0623
-0.2621
2.0315
1.4524
-0.4686
-0.6293
2.2408
3.2527
4.6724
0.0911
0.3868
1.4119
0.2199
3.9473
2.0408
2.3419
-0.2715
-1.2533
-1.3158
-0.7171
-0.4515
-1.2521
-0.5561
-0.3866
0.1512
-0.9105
-1.0277
-0.7740
-0.4636
-0.3804
-1.3529
1.9507
-1.4379
0.2767
-1.3488
-1.7588
-0.1822
-0.4737
-0.7050
-0.3366
1.3897
-0.9360
-0.6125
-0.4384
-0.2920
-1.2684
-0.1084
-1.0651
-0.8261
-0.4403
-0.7894
0.1358
-1.5215
6.5345
-0.4832
-4.0710
-3.2398
-0.2197
-0.3541
-0.4003
1.4191
1.1307
-1.6828
0.0219
-1.5829
1.4217
0.5238
-0.5780
-0.8596
-1.4889
0.9650
-1.4857
4.6110
4.3829
0.4838
-2.8813
-0.4944
-1.4358
-1.2849
-0.7019
-0.2616
-1.2915
-0.0328
-0.5094
-0.5360
-0.9746
-0.7228
-0.8417
-0.4019
-0.6243
-1.2537
2.4080
-1.3831
-0.9235
-1.2291
0.6857
-0.7235
-0.2219
-0.7189
-0.5544
1.9956
-0.6240
-0.6652
-0.4250
-0.4907
-1.2720
-0.6127
-1.4615
1.4281
-1.2838
-0.7382
-1.3706
-0.6346
-0.3906
-0.0661
-1.1773
-1.0780
-0.6142
-0.3072
-0.5437
-0.8481
0.7129
-1.0423
3.2183
-0.5497
-0.0029
-0.3707
-0.1933
-0.5518
-0.5398
-1.1744
-0.8055
-0.6035
-0.6912
-0.2434
-0.5855
-0.6382
-1.3264
0.0495
-1.0664
-0.2574
-1.4071
-0.5980
-0.5048
-0.5869
-1.1034
-0.9543
-0.3153
-0.3900
-0.5431
-0.7893
-0.4072
-1.0067
2.7880
1.5106
0.1251
-0.5548
-0.2339
-0.7186
-0.5075
0.1369
-0.5919
-0.5505
-0.3982
-0.3187
-1.0735
-0.8137
-1.0959
-1.2870
-0.4704
-0.3740
0.5592
-1.0248
7.1012
-1.3797
-3.5549
-2.9062
-0.5655
-0.2336
-0.5491
-0.3647
2.0861
-2.0746
-0.8035
-0.9603
0.5296
-0.7610
-0.7830
-1.2902
-1.0103
2.3183
-1.8486
4.5936
3.5095
0.4305
-2.3333
-0.9258
-1.4592
-0.6185
-0.2374
-1.0298
1.5169
-1.4448
7.2228
-0.0430
-3.4415
-2.7940
-1.0701
0.0072
-0.6652
-0.4761
0.4100
-1.3868
0.7981
-0.5818
-0.1735
-0.3860
-0.9804
-1.1684
-0.7991
0.6028
-1.4549
5.5314
2.4413
0.1798
-2.8821
-0.2476
-1.2624
0.0008
-0.9199
-0.4620
-1.3430
-0.2631
-0.3924
-0.1627
-1.1967
-0.6117
-0.8525
-0.2621
-0.7040
-0.6190
-0.0261
-0.4439
1.7153
-0.2559
0.4394
-0.4974
-0.4390
-0.2640
-0.3596
1.2766
-0.6609
-0.5924
-0.5147
-0.5214
-0.8836
-0.7735
-2.6215
-0.8091
-0.2823
-3.0950
1.4217
-1.4030
7.2282
-1.0115
-2.9743
-2.8405
-1.1065
-0.5882
-0.5926
1.5880
-1.6323
-1.8031
-1.3095
-1.3656
0.7295
0.0436
-0.1703
-1.4018
-1.1810
-0.9677
-0.5558
5.4937
2.5993
-0.0093
-2.4864
-0.1541
-1.2402
0.1267
-1.0299
-0.3052
-1.3240
-0.4248
-0.3756
-0.4823
-1.0385
-0.9042
-0.5697
-0.1924
-0.4793
-0.7204
0.0255
-1.0862
1.6290
0.1008
-0.1530
-0.5621
-0.2307
-0.6229
-0.5898
0.4654
-0.6892
-0.4706
-0.3261
-0.3744
-0.9911
-0.4483
-1.2013
0.5792
-1.0880
-0.6084
-1.4288
-0.4277
-0.2881
1.0889
-1.0169
-0.9789
-1.0375
-0.4007
-0.5812
-1.2469
-0.5924
1.1961
1.2058
0.3390
-0.1189
-0.8634
-0.5013
-0.2459
-0.5005
2.1554
-0.7608
-0.4263
-0.4427
-0.3560
-0.8499
-0.6025
-1.4524
-1.3754
-0.8204
-0.2938
-1.2557
0.0711
-0.3882
-0.6118
-1.0206
-0.6958
-0.8264
-0.3362
-0.6330
-1.1939
2.8030
-1.2403
-0.4436
-1.3883
0.5487
-0.7408
-0.1488
-0.8756
-0.4783
1.3220
-0.7684
-0.2146
-0.3730
-0.2615
-0.7595
-0.1857
-1.6959
-0.8840
0.0846
-2.8702
0.2942
-1.3295
7.2786
-0.7720
-3.2091
-2.3784
-1.1215
0.3340
-0.3903
0.2877
-2.2110
-0.7409
-1.7619
-2.4655
-0.0883
-0.9255
-1.2273
-1.0395
-1.2944
-1.9554
-0.5133
6.8960
2.6703
1.7310
-1.8256
-0.4056
-1.2177
-0.5584
-0.8282
-0.5862
-1.2395
-0.6322
-0.2920
-0.3839
-1.0790
-0.7312
-0.6427
-0.2685
-0.4871
-1.0517
2.0205
-1.1960
0.2604
-1.0567
-0.6353
-0.3250
-0.2476
-0.8210
-0.5144
1.0096
-0.7226
-0.4999
-0.4470
-0.0984
-0.9233
-0.5337
-1.1852
-0.4423
-0.9411
-0.2458
-1.3736
-0.6522
-0.4471
-0.4171
-0.8254
-1.0295
-0.5012
-0.2134
-0.6191
-0.6403
0.8858
-1.0239
2.1798
-0.0895
0.1278
-0.5598
-0.4634
-0.4317
-0.5662
-0.8248
-0.7255
-0.5441
-0.3557
-0.3232
-0.6771
-0.5941
-1.2023
-0.3064
-0.6777
-0.5677
-1.2742
-0.4956
-0.3683
-0.3865
-0.9824
-0.8180
-0.7807
-0.3480
-0.6640
-1.0012
1.7460
-1.0689
-0.2090
-0.5722
-0.4795
-0.6607
-0.6118
-0.5351
-0.1030
1.6577
-0.5980
-0.4258
-0.3972
-0.2763
-0.9626
-0.0028
-2.1925
-0.8598
0.5569
-0.0905
1.5585
-1.1607
6.0647
-0.8754
-2.8592
-2.4977
-0.1039
-0.8333
-0.6698
-0.0488
-1.1755
-0.7424
-1.6090
-0.9745
1.7478
-0.6960
-0.1870
0.6233
0.4507
-2.0606
0.7366
4.6063
1.1848
1.3136
-2.2996
-0.5526
-1.2284
-0.8337
-0.6635
-0.5274
-1.3455
-0.2408
-0.4019
-0.8422
-0.9374
-0.7362
-0.7151
-0.1733
-0.4869
-1.3025
2.7077
-1.3263
-2.2773
-0.8473
0.2693
-0.4478
-0.0945
-0.6449
-0.3952
2.8041
-0.8104
-0.3329
-0.6690
-0.2982
-1.2125
-0.4460
-1.1634
0.4628
-0.6490
-0.5720
-1.0836
-0.6894
-0.2379
-0.1473
-1.1165
-0.8251
-0.4765
-0.3874
-0.4327
-1.1142
1.6614
-1.0605
0.5685
-1.1708
-1.1366
-0.4995
-0.4293
-0.7769
-0.7023
0.6596
-0.6301
-0.3493
-0.4910
-0.3788
-0.8733
-0.2091
-1.2752
-0.8108
-0.7982
-0.3896
-1.1844
-0.4716
-0.4203
-0.4133
-0.9490
-0.7039
-0.4621
-0.3720
-0.4728
-0.7261
0.3897
-1.0126
1.2323
-0.5021
-0.2155
-0.2984
-0.3324
-0.5700
-0.3042
1.2617
-0.6105
-0.4191
-0.6899
-0.2810
-0.8786
-1.3921
0.5071
1.6756
5.8432
-0.3773
-3.5694
2.2385
-0.6725
2.4299
-0.1569
0.5098
-1.2116
-0.0111
-0.9278
2.3508
1.2182
1.5342
-2.3712
-0.4387
-0.2170
-1.0148
0.3754
0.3268
0.3266
0.0509
-1.1033
-0.0373
-0.5612
-0.9554
0.6994
-0.5214
-1.0445
-0.0952
-1.0076
-0.4388
-1.1404
-0.4416
-0.2929
-0.7497
-1.0454
-0.4911
-0.5078
-0.3107
-0.6445
-0.9103
-0.9433
-0.7151
1.7208
0.1622
-0.7617
-0.4701
-0.4260
-0.6190
-0.4396
1.2130
-0.6238
-0.5181
-0.3923
-0.2918
-0.9998
-0.4406
-1.2423
0.1132
-0.8572
-0.5043
-1.1344
-0.2497
-0.3374
0.1394
-0.9384
-0.7169
-0.6499
-0.3281
-0.4401
-0.8028
0.9254
-0.8681
0.7521
-0.5596
0.4228
-0.5467
-0.2264
-0.4809
-0.4108
0.6830
-0.8262
-0.4742
-0.3226
-0.3168
-1.0614
-0.0814
-1.2375
-0.8524
-0.9105
-0.4265
-1.3660
-0.2496
-0.2578
-0.5408
-1.0705
-0.7613
-0.7325
-0.2416
-0.4462
-0.8076
0.8622
-1.1955
-0.0043
-0.2547
-0.2219
-0.5158
-0.2260
-0.2886
-0.2617
1.1014
-0.8356
-0.5861
-0.3132
-0.1895
-0.8941
-0.5556
-1.2182
0.0625
-0.9666
-0.4478
-1.2107
-0.4318
-0.3561
-0.3452
-0.9344
-0.6466
-0.8195
-0.3932
-0.2994
-0.6471
0.3429
-0.7859
1.9062
-0.2887
0.6468
-0.6239
-0.3809
-0.4772
-0.4931
-0.2922
-0.6202
-0.3321
-0.5565
-0.2277
-0.8694
-0.9067
-1.0998
-0.2771
-0.9802
-0.5546
-1.2062
-0.4394
-0.1016
-1.0673
-0.7985
-0.8180
-0.6391
-0.4269
-0.5912
-0.5580
-0.2365
-0.7118
3.0550
1.9393
-0.0509
-0.5120
-0.4300
-0.6949
-0.6171
-0.4640
-0.6918
-0.4711
-0.3439
-0.3528
-0.8504
-0.4400
-1.1598
-0.5062
-0.7209
-0.5065
-1.3532
-0.4739
-0.3228
0.0008
-1.0232
-0.7670
-0.8151
-0.2543
-0.7546
-0.5419
0.2162
-0.8189
1.5271
-0.4307
-0.4437
-0.1571
-0.5108
-0.5914
-0.4325
0.2406
-0.7434
-0.3993
-0.5192
-0.3315
-0.8553
-0.5622
-1.0606
-0.8151
-0.7236
-0.4358
-1.3593
-0.4403
-0.3283
0.1073
-1.0096
-0.8121
-0.7286
-0.4637
-0.4283
-0.5751
0.8379
-0.8324
-0.2409
0.9600
0.3891
-0.3342
-0.2915
-0.4455
-0.0982
1.8038
-0.6291
-0.4589
-0.4940
-0.5923
-0.9543
-0.6112
-1.2706
-0.2860
-1.0334
-0.3834
-1.0785
-0.1337
-0.5241
-0.3975
-0.9357
-0.7715
-0.7171
-0.3148
-0.4868
-0.8192
-0.8559
-0.9017
2.2807
-0.5519
-0.0987
-0.4637
0.0290
-0.6453
-0.3103
-0.0185
-0.5781
-0.2864
-0.4176
-0.2386
-0.9190
-0.4231
-1.2100
0.1650
-0.9587
-0.4795
-1.3079
-0.3728
-0.3226
0.0778
-1.0280
-0.7005
-0.7062
-0.3534
-0.5622
-1.0482
0.9877
-0.0803
-0.7759
-0.5281
0.6351
-0.6428
-0.3972
-0.3120
-0.3677
2.0778
-0.6420
-0.3519
-0.5031
-0.2601
-0.8761
-0.7395
-1.0755
0.1785
-0.8817
-0.5580
-1.1861
-0.6003
-0.3987
-0.2342
-0.9517
-0.8685
-0.6243
-0.3719
-0.4454
-0.5916
0.2635
-0.5610
2.5983
-0.4536
-0.0608
-0.5065
-0.6242
-0.4765
-0.3595
-1.4164
-0.6774
-0.4627
-0.5131
-0.3413
-0.6760
-0.4416
-0.9895
-0.8611
-0.9009
0.7641
0.9056
-1.0291
6.1816
-0.8769
-2.9522
-2.8372
0.2206
-0.2479
-0.5404
1.5514
-1.8283
-1.2777
-2.0161
0.2619
1.2041
0.3474
-0.3320
-1.1801
-1.0462
-1.1618
-0.6590
4.0831
3.2871
0.3008
-2.1870
-0.5869
-0.9195
-0.5279
-0.7996
-0.4615
-1.2042
-0.4823
-0.3176
-0.4838
-0.8960
-0.8216
-0.5756
-0.4308
-0.6596
-0.8265
-0.1199
-0.8652
1.9949
-0.8814
-0.0985
-0.3286
-0.2741
-0.3613
-0.5993
-0.5792
-0.6410
-0.3592
-0.4066
-0.3905
-0.9417
-0.5689
-0.9811
0.8540
-0.8435
-0.6326
-1.2529
-0.7372
-0.3494
1.0716
-1.0945
-0.8644
-0.7421
-0.5834
-0.5162
-0.7111
-0.3057
0.2905
0.1031
0.0739
-0.0043
-0.5494
-0.2172
0.0053
-0.3765
2.0541
-0.8919
-0.3814
-0.4168
-0.5093
-1.0251
-0.6078
-1.1624
1.1634
-0.9891
-0.5351
-1.2464
-0.5679
-0.2084
-0.0763
-1.0565
-1.0100
-0.5661
-0.3385
-0.2222
-0.4467
1.1422
-0.9699
3.4088
0.1705
-0.4322
-0.6906
-0.3290
-0.2206
-0.4043
-2.9008
-0.6512
-0.6558
-0.6101
-0.4500
-0.9834
-0.6831
-0.9716
-0.3670
-0.9276
-0.3030
-1.2123
-0.3340
-0.2052
-0.8207
-0.8128
-0.7873
-0.6406
-0.3576
-0.6340
-0.6645
0.6273
-0.7950
0.9920
-0.4106
0.2437
-0.5203
-0.3258
-0.6204
-0.4755
0.3447
-0.4812
-0.5045
-0.3036
-0.4227
-0.7730
-0.7203
-1.1425
-0.5438
-0.8768
-0.5222
-1.1377
-0.3191
-0.3029
-0.3037
-0.8693
-0.7242
-0.5832
-0.1889
-0.5627
-0.7523
-0.9647
-0.9098
1.5024
-0.7821
-0.6895
0.2091
-0.6365
-0.5715
-0.4145
0.9326
-0.5863
-0.4041
-0.3669
-0.2499
-1.0146
-0.7081
-1.6966
-0.5679
-0.3702
-1.1092
2.0814
-1.0500
6.0541
-0.7782
-2.1867
-1.7072
-0.7394
-0.2150
-0.8296
-1.4606
-1.8631
-1.2619
-1.7709
-0.6351
-0.9822
0.1995
-0.6116
-1.2023
-0.8437
-1.4054
0.0987
5.6976
0.0192
-0.4227
-2.3177
-0.4813
-1.0012
-0.6637
-0.9414
-0.6048
-1.1528
-0.3326
-0.2322
-0.5528
-0.9106
-0.7439
-0.5478
-0.3806
-0.3862
-0.7518
1.1314
-0.7650
-0.4776
0.0819
0.1171
-0.4667
-0.2507
-0.6648
-0.3619
1.1887
-0.7598
-0.4098
-0.5412
-0.2242
-0.9522
-0.4706
-1.0982
-0.5561
-0.7369
-0.3835
-1.2111
-0.4326
-0.3067
-0.7062
-0.8438
-0.7594
-0.7361
-0.1749
-0.6275
-0.9594
1.8889
-0.8613
-1.0699
-0.7171
-0.1090
-0.4376
-0.3549
-0.5683
-0.2944
1.2442
-0.5920
-0.4801
-0.4989
-0.4598
-0.9454
-0.4866
-1.0297
-0.4160
-0.7458
-0.2232
-1.1635
-0.5833
-0.2427
-0.2353
-0.8291
-0.6911
-0.5910
-0.3759
-0.5980
-0.5799
0.0792
-0.6653
-0.2627
-0.0775
-0.5083
-0.5872
-0.3036
-0.5839
-0.3633
1.4073
-0.4803
-0.3180
-0.3243
-0.3268
-1.0241
-0.4080
-1.0130
-0.3967
-0.9444
-0.3100
-1.0669
-0.4153
-0.3348
-0.2329
-0.9931
-0.7997
-0.6199
-0.2987
-0.5657
-0.6621
0.6285
-0.8546
0.6871
-0.6721
-0.4685
-0.6385
-0.3927
-0.4736
-0.5209
-0.0290
-0.5839
-0.5136
-0.4761
-0.2520
-0.9601
-0.6393
-1.0117
-0.3051
-0.7872
-0.3264
-1.1804
-0.3864
-0.3365
-0.6088
-0.8460
-0.7048
-0.6730
-0.2633
-0.6569
-0.7209
-0.5214
-0.7365
1.4540
0.1625
-0.4260
-0.4243
-0.3753
-0.5917
-0.4173
0.2638
-0.6083
-0.4007
-0.5184
-0.2638
-0.7621
-0.5001
-1.1304
-0.1754
-0.8549
-0.2983
-1.2755
-0.3632
-0.2908
-0.3931
-0.8972
-0.6432
-0.6423
-0.3302
-0.6137
-0.8176
0.1124
-0.8337
1.0231
-0.2445
-0.1170
-0.4366
-0.2403
-0.5395
-0.2538
0.0001
-0.5360
-0.4876
-0.4593
-0.0910
-0.7723
-0.3658
-0.9181
-0.4724
-0.7703
-0.4681
-0.7945
-0.4246
-0.2585
-0.4051
-0.6818
-0.6120
-0.5925
-0.4343
-0.5644
-0.8009
0.4475
-0.7519
0.3694
-0.3241
-0.2294
-0.5790
-0.2272
-0.0822
-0.0258
0.7086
-0.5796
-0.3469
-0.4302
-0.4535
-0.9314
1.4878
3.1529
1.2972
3.2039
0.7806
0.8384
-0.0050
-1.2145
-1.7638
-0.7273
-1.3758
1.3982
1.6731
2.0773
0.6129
-2.6769
0.4354
-2.2166
-0.6666
0.7829
-0.2549
0.3948
1.8786
0.2303
1.5713
-0.4910
-0.2933
1.5879
0.2888
0.1651
0.5092
2.1849
0.2639
-1.0861
2.2996
-1.8752
3.1079
-1.8832
1.5966
2.5883
2.5640
1.9758
0.3162
0.9409
0.6502
0.9232
0.4159
-3.0606
0.0822
0.2493
1.4298
-0.3165
-0.3526
0.3521
-0.6629
0.5460
-1.3757
-1.2465
0.8342
2.1318
-0.5187
-1.2206
-0.4851
-0.7769
-0.3950
-1.0893
-0.4199
-0.2776
-0.5301
-0.8712
-0.6212
-0.4067
-0.4391
-0.3379
-0.8628
-0.6763
-0.7847
0.9183
-0.2648
-0.3308
-0.4062
-0.2220
-0.6168
-0.4055
0.5821
-0.5800
-0.4018
-0.2993
-0.5059
-0.9713
-0.5840
-0.9236
-0.3945
-0.7652
-0.6023
-1.0578
-0.2124
-0.1613
-0.4821
-0.8588
-0.5832
-0.6398
-0.1854
-0.3063
-0.9827
0.1562
-0.7278
-0.1280
-0.5923
-0.1902
-0.5661
-0.5231
-0.6893
-0.6625
0.5519
-0.7139
-0.2381
-0.2273
-0.3161
-0.8533
-0.5686
-0.9539
-0.6182
-0.8436
-0.4630
-1.0934
-0.4330
-0.2898
-0.6928
-0.8187
-0.5375
-0.6397
-0.1313
-0.4512
-0.8431
1.5771
-0.9294
-0.4766
-0.6938
-0.2992
-0.4111
-0.2183
-0.3987
-0.4417
0.0692
-0.5945
-0.4310
-0.2888
-0.2924
-0.9644
-0.4615
-0.9922
-0.2176
-0.7531
-0.4520
-1.0623
-0.6064
-0.2794
-0.6183
-0.8297
-0.6030
-0.5743
-0.2967
-0.4723
-0.6552
-0.3345
-0.6916
0.4961
-0.3018
-0.3633
-0.5034
-0.3220
-0.5941
-0.3490
0.3591
-0.6386
-0.5754
-0.2205
-0.4467
-0.8147
-0.6126
-1.1868
-0.4777
-1.0297
-0.3800
-1.0952
-0.4441
-0.3860
-0.9422
-0.8675
-0.5340
-0.5072
-0.2192
-0.6609
-0.0758
2.3338
-0.7146
1.1538
-0.6112
0.6985
-0.5678
-0.2842
-0.2086
-0.6500
-2.4891
-0.6111
-0.3840
-0.4359
-0.4291
-0.6147
-0.5970
-0.9250
-0.6485
-0.9807
-0.5773
-0.9827
-0.3248
-0.4821
-0.8331
-0.8005
-0.5587
-0.4934
-0.2892
-0.6020
-0.6774
-0.2448
-0.6039
0.1263
-0.6184
-0.1107
-0.4598
-0.4368
-0.4533
-0.5094
0.6300
-0.5580
-0.4913
-0.4096
-0.3834
-0.8935
-0.5207
-0.9875
-0.4084
-0.7730
-0.3602
-1.0470
-0.4947
-0.3345
-0.7003
-0.8768
-0.5266
-0.6454
-0.4845
-0.5963
-0.6594
1.8375
-0.7440
-1.4008
-0.5946
-0.4388
-0.3504
-0.4992
-0.6717
-0.4291
0.7863
-0.4636
-0.4034
-0.3187
-0.2609
-0.8903
-0.2687
-1.0525
-0.3527
-0.6658
-0.5410
-1.0369
-0.5060
-0.3180
-0.6260
-0.7781
-0.7370
-0.5639
-0.3699
-0.4624
-0.7834
0.4555
-0.6241
-0.8601
-0.3281
-0.4645
-0.4920
-0.4600
-0.4503
-0.5541
1.1040
-0.6270
-0.3275
-0.3776
-0.3489
-0.7308
1.2263
1.3047
0.0213
1.9533
-0.0640
4.1326
-0.7161
0.1744
-0.7320
-0.6332
-0.6279
0.4501
0.3749
-0.6962
-0.8395
-1.7553
-0.7372
-0.5596
-0.4199
-0.8569
-0.4114
-0.4904
-0.2482
-0.5261
-1.3374
-0.5324
0.7103
-0.1269
-0.0172
0.7468
-0.5321
-0.9477
-0.1961
-0.9796
-0.4401
-1.0732
-0.5523
-0.1831
-0.4052
-0.7775
-0.7354
-0.4866
-0.3228
-0.5667
-0.8130
1.3084
-0.7165
-1.1743
-0.3626
-0.3981
-0.4008
-0.3559
-0.4875
-0.4123
0.7179
-0.5807
-0.3823
-0.4553
-0.3468
-0.8561
-0.3860
-1.6162
-0.5351
0.0510
-0.4479
2.3819
-0.8363
-0.5201
-1.1009
-1.3756
-0.4567
1.6976
-0.6130
-0.8461
-1.8327
-0.4036
2.3805
-2.6731
-1.6246
-0.9211
0.8457
0.0845
0.9969
6.2449
0.9692
-0.5750
-0.2604
-0.5569
1.1375
-1.1544
-0.4298
-0.9752
-0.3592
-0.8095
-0.5357
-1.0828
-0.6222
-0.4070
-0.8553
-0.7927
-0.6214
-0.4703
-0.2067
-0.5297
-0.6660
-0.0487
-0.7328
0.2059
-0.6453
-0.5502
-0.3752
-0.2365
-0.4807
-0.4361
0.1498
-0.4051
-0.3061
-0.3778
-0.2574
-0.9861
0.0272
0.0915
1.1606
-0.1660
0.2454
-1.6165
2.2006
-0.2836
3.0003
0.7410
0.9105
0.7287
0.1796
-0.5818
3.3212
-1.1258
-0.4995
-2.4873
-0.4117
0.1438
-0.4983
0.2288
-0.6394
-0.3132
0.8568
-0.0212
0.2977
0.8898
-0.5109
0.9193
-0.6168
-0.8788
-0.2845
-0.7877
-0.4959
-1.1025
-0.6497
-0.2605
-0.6405
-0.9075
-0.7133
-0.5487
-0.2270
-0.5616
-0.7621
1.0450
-0.7102
-1.0720
-0.6693
-0.5654
-0.5032
-0.2734
-0.4247
-0.2652
0.8483
-0.5781
-0.1188
-0.1633
-0.4718
-0.8212
-0.3955
-0.9090
-0.2389
-0.7630
-0.4462
-1.1218
-0.6253
-0.4870
-0.7029
-0.8297
-0.7572
-0.3518
-0.2986
-0.5308
-0.7188
0.0378
-0.6883
0.4884
-0.3525
-0.3365
-0.4519
-0.1810
-0.6225
-0.2572
-0.1294
-0.4596
-0.2266
-0.5390
-0.2761
-0.8092
-0.3975
-1.0372
-0.6351
-0.6438
-0.2853
-1.0156
-0.5136
-0.3073
-0.6421
-0.8737
-0.6954
-0.7203
-0.2179
-0.5303
-0.7553
1.1512
-0.6951
-0.8960
-0.5956
-0.4165
-0.4451
-0.2551
-0.5874
-0.4166
0.1586
-0.3600
-0.2046
-0.4222
-0.3707
-0.8520
-0.5149
-1.2881
-0.6089
0.7497
-0.7902
1.0859
-0.7172
4.6328
-0.7705
-1.7760
-1.1092
-0.4392
-0.3891
-0.5124
-0.6320
-1.4278
-0.6163
-2.1948
-0.6464
0.6086
0.4558
-0.4489
-0.7095
-0.4741
-1.3517
1.1992
4.5300
-0.6406
0.4936
-1.3314
-0.5258
-0.8450
-0.4750
-0.7640
-0.5624
-1.0476
-0.5106
-0.3997
-0.6408
-0.8287
-0.5204
-0.5594
-0.3344
-0.6483
-0.7775
0.2568
-0.7586
-0.3035
-0.2099
-0.4391
-0.4042
-0.2872
-0.5939
-0.3142
0.1263
-0.5610
-0.2654
-0.4044
-0.3905
-0.7028
-0.4103
-0.8699
-0.4125
-0.6032
-0.4465
-1.0854
-0.7466
-0.2546
-0.6601
-0.8909
-0.4184
-0.5568
-0.3351
-0.6031
-0.7687
-0.4442
-0.8188
-0.5470
-0.1256
-0.4333
-0.4132
-0.3752
-0.4867
-0.3656
0.6933
-0.5151
-0.2280
-0.4443
-0.3917
-0.9087
-0.5344
-0.8250
-0.3370
-0.9450
-0.3298
-1.0529
-0.6869
-0.2177
-0.6866
-0.7659
-0.5336
-0.4859
-0.4258
-0.6293
-0.7938
1.1708
-0.7148
-1.2262
-0.5206
-0.3589
-0.4879
-0.3948
-0.3736
-0.5297
0.4779
-0.5358
-0.3398
-0.1766
-0.3557
-0.9689
-0.4672
-0.7402
-0.3053
-0.7253
-0.5523
-1.0157
-0.4869
-0.2745
-0.6581
-0.8592
-0.6093
-0.5031
-0.2583
-0.4475
-0.7974
0.8017
-0.7858
-0.6691
-0.3953
-0.5310
-0.5850
-0.2695
-0.4923
-0.3581
0.2228
-0.5358
-0.4566
-0.3437
-0.4226
-0.8310
-0.4394
-0.8839
-0.4244
-0.7861
-0.3411
-1.0553
-0.2900
-0.3471
-0.8097
-0.7267
-0.6322
-0.6116
-0.3242
-0.5951
-0.8488
0.9741
-0.8485
-0.2929
-0.6951
-0.2927
-0.5433
-0.3905
-0.5315
-0.2808
-0.4599
-0.5055
-0.2017
-0.4956
-0.2594
-0.7788
-0.4668
-0.8558
-0.4355
-0.8529
-0.2449
-0.9763
-0.4670
-0.2604
-0.4418
-0.8088
-0.6883
-0.4475
-0.4289
-0.5934
-0.7214
-0.8216
-0.7224
-0.4733
0.1043
-0.2923
-0.4538
-0.3623
-0.7067
-0.3485
0.7098
-0.5649
-0.4590
-0.2559
-0.3536
-0.8593
-0.5830
-0.8419
-0.3566
-0.7133
-0.5472
-1.0197
-0.6046
-0.3843
-0.7632
-0.8842
-0.3956
-0.5265
-0.4206
-0.6342
-0.3200
1.7720
-0.7326
-0.3172
-0.4855
0.0432
-0.5655
-0.2507
-0.3217
-0.3587
-1.3263
-0.6272
-0.4354
-0.4909
-0.2852
-0.6089
-0.4187
-0.8720
-0.4925
-0.9445
-0.4371
-1.0965
-0.5002
-0.4168
-0.6440
-0.6713
-0.6658
-0.4830
-0.4590
-0.5222
-0.6182
-0.3201
-0.4989
-0.7519
0.3833
-0.5739
-0.5502
-0.2981
-0.4605
-0.2436
0.9685
-0.4544
-0.3013
-0.2855
-0.5398
-0.8719
0.3471
0.3365
0.9656
-0.9300
0.0173
-1.1056
2.0679
-0.6062
2.3851
-0.1079
3.8091
0.9682
0.0301
1.4267
-0.2368
-0.5789
-0.6657
-1.7597
0.0363
-0.7216
-0.4582
-0.3885
-0.5307
-0.0594
-1.7192
0.5733
-0.4647
-0.2398
-0.3696
-0.6790
-0.4274
-0.8653
-0.3856
-0.6774
-0.5298
-0.9239
-0.5780
-0.2881
-0.6739
-0.9040
-0.7152
-0.5588
-0.3230
-0.3288
-0.6313
1.0272
-0.6273
-1.1771
-0.5428
-0.3517
-0.3905
-0.2867
-0.6740
-0.4468
0.0243
-0.5910
-0.3132
-0.5600
-0.3300
-0.8431
-0.4952
-0.9146
-0.3051
-0.7394
-0.4088
-1.0802
-0.3833
-0.4462
-0.4906
-0.9104
-0.5588
-0.4515
-0.2620
-0.4095
-0.7585
-0.1859
-0.5459
-0.6432
-0.3335
-0.5455
-0.4306
-0.1952
-0.4234
-0.3993
-0.0252
-0.4907
-0.2616
-0.3350
-0.3698
-1.0130
-0.5400
-0.9470
-0.5393
-0.7060
-0.2778
-1.0659
-0.3625
-0.3439
-0.7032
-0.8890
-0.6319
-0.4889
-0.3428
-0.4131
-0.8351
0.5432
-0.6512
-1.1397
-0.3591
-0.3689
-0.3110
-0.2990
-0.5402
-0.2490
0.2152
-0.5245
-0.4160
-0.3359
-0.3197
-0.7337
0.9789
-0.8685
0.3913
-0.0300
-0.4558
0.8366
-0.2403
-0.4219
-0.5944
-0.7470
-0.4063
0.1284
-0.1227
0.0915
0.0261
-0.7861
-0.4001
-0.2188
-0.3389
0.0028
0.9194
-0.0521
-0.2248
0.1646
-1.5635
-0.4934
0.2194
0.7014
0.5219
0.6387
-0.6173
-0.8292
-0.3544
-0.8391
-0.3860
-1.0729
-0.3962
-0.5636
-0.6589
-0.7511
-0.6025
-0.5753
-0.3528
-0.5026
-0.6014
1.0312
-0.7206
-1.2304
-0.4753
-0.2797
-0.5711
-0.2132
-0.3668
-0.3787
-0.0431
-0.4720
-0.1434
-0.3436
-0.3129
-0.9582
-0.5209
-0.7616
-0.4235
-0.7859
-0.4553
-1.1200
-0.5313
-0.3710
-0.7215
-0.8184
-0.6293
-0.4594
-0.2872
-0.3509
-0.7967
0.8798
-0.7101
-1.2363
-0.3839
-0.5038
-0.4632
-0.2526
-0.5010
-0.3296
-0.0271
-0.3639
-0.3200
-0.4025
-0.2295
-0.8028
-0.4879
-0.9079
-0.5779
-0.5894
-0.4628
-1.0709
-0.6095
-0.3625
-0.6280
-0.8216
-0.7142
-0.5004
-0.2949
-0.4851
-0.6058
-0.1437
-0.6401
-0.6308
-0.4751
-0.3772
-0.4317
-0.3749
-0.3205
-0.4628
-0.3048
-0.4596
-0.2708
-0.2361
-0.2995
-0.8261
-0.6292
-0.8883
-0.6656
-0.7559
-0.4278
-0.9582
-0.4745
-0.1980
-0.7371
-0.6171
-0.6487
-0.4383
-0.3226
-0.4855
-0.7635
0.5264
-0.7427
-1.0006
-0.4789
-0.4558
-0.4163
-0.3579
-0.4997
-0.3423
-0.1513
-0.3877
-0.4162
-0.2530
-0.4099
-0.7623
-0.5602
-0.9743
-0.2476
-0.8368
-0.5617
-0.9422
-0.6336
-0.2775
-0.7377
-0.9289
-0.4806
-0.3977
-0.2088
-0.5006
-0.7632
0.0325
-0.7362
-0.8088
-0.5382
-0.5480
-0.4223
-0.2745
-0.4506
-0.3631
-0.3386
-0.3310
-0.4284
-0.2123
-0.4345
-0.6763
-0.4072
-0.7925
-0.4890
-0.8091
-0.3728
-1.0580
-0.5712
-0.3254
-0.6675
-0.7472
-0.6983
-0.4879
-0.3193
-0.6191
-0.7157
-0.2544
-0.6892
-1.1674
-0.4395
-0.3540
-0.5098
-0.3688
-0.4971
-0.3311
-0.2542
-0.5524
-0.3839
-0.2126
-0.1196
-0.7048
-0.5553
-0.8450
-0.5368
-0.7823
-0.3599
-1.0470
-0.6351
-0.1579
-0.6104
-0.6961
-0.5811
-0.5281
-0.1423
-0.5641
-0.6584
0.0895
-0.6751
-1.0982
-0.4007
-0.6270
-0.4360
-0.3348
-0.4932
-0.2508
-0.3367
-0.4717
-0.2830
-0.2801
-0.3872
-0.8457
-0.4432
-0.9564
-0.3023
-0.8214
-0.6461
-1.0112
-0.3571
-0.2717
-0.6888
-0.6930
-0.6476
-0.5607
-0.4054
-0.4059
-0.6852
-0.8022
-0.5550
-0.9708
-0.4662
-0.5157
-0.3687
-0.3096
-0.3010
-0.4694
-0.5356
-0.4531
-0.2560
-0.2447
-0.4106
-0.7346
-0.4462
-0.8014
-0.1064
-0.6403
-0.3403
-1.0227
-0.4753
-0.1485
-0.5195
-0.8037
-0.6422
-0.5733
-0.4463
-0.5079
-0.7883
-0.9842
-0.5525
-0.9071
-0.3800
-0.3684
-0.4578
-0.2388
-0.4162
-0.2804
-0.7370
-0.3980
-0.3338
-0.4614
-0.3418
-0.9251
-0.4416
-0.8779
-0.3234
-0.8484
-0.2823
-0.9397
-0.3383
-0.3924
-0.6165
-0.6804
-0.5925
-0.4050
-0.3391
-0.5064
-0.6147
-0.0178
-0.7172
-0.9304
-0.4997
-0.5576
-0.3327
-0.3767
-0.4821
-0.4004
-1.1764
-0.4950
-0.4601
-0.1997
-0.4336
-0.8734
0.0928
-0.2597
-0.2800
-0.4334
-0.1892
-0.0773
-0.3277
-0.2223
-0.6079
-0.5654
-0.5099
-0.4246
-0.1098
-0.5858
-0.7619
-1.3056
-0.5063
-1.6471
-0.6007
-0.4764
-0.6484
-0.3001
-0.4236
-0.5615
-1.6772
-0.5546
-0.3371
0.2147
-0.1646
-0.5312
-0.5514
-0.8452
-0.2695
-0.6076
-0.4448
-1.0622
-0.3932
-0.2632
-0.6054
-0.8934
-0.5669
-0.5631
-0.3307
-0.5156
-0.5927
-0.4074
-0.4754
-1.2605
-0.5724
-0.4224
-0.2115
-0.4721
-0.4823
-0.4441
-0.6749
-0.4570
-0.5280
-0.4614
-0.4415
-0.6773
-0.3675
-0.8215
-0.4463
-0.8079
-0.4006
-0.8661
-0.4039
-0.2533
-0.4077
-0.8594
-0.4624
-0.5154
-0.3621
-0.5798
-0.7235
-1.1195
-0.7148
-1.4803
-0.2417
-0.3983
-0.4915
-0.5107
-0.6465
-0.3158
-0.8273
-0.3699
-0.3579
-0.3083
-0.4368
-0.7490
-0.7277
-0.8185
-0.2282
-0.7141
-0.4404
-1.0547
-0.5763
-0.1599
-0.5002
-0.8236
-0.5168
-0.7177
-0.2184
-0.4661
-0.7016
-1.1200
-0.5660
-1.4786
-0.3579
-0.4539
-0.4294
-0.2271
-0.5717
-0.2358
-0.7754
-0.2369
-0.3997
-0.4377
-0.3843
-0.7840
-0.5027
-0.9002
-0.4056
-0.8497
-0.4307
-0.9042
-0.5237
-0.2742
-0.4876
-0.7048
-0.4292
-0.6549
-0.3610
-0.3431
-0.6579
-0.9581
-0.4309
-1.4041
-0.6427
-0.3393
-0.3884
-0.4342
-0.6700
-0.3419
-0.9601
-0.4224
-0.1403
-0.4410
-0.5242
-0.7282
-0.3679
-0.8392
-0.3434
-0.4182
-0.4736
-0.2458
-0.5577
1.0806
-0.6671
-0.7477
-0.6822
-0.4361
-0.3185
-0.3731
-0.6381
-1.4246
-0.6646
-2.0789
-0.3564
-0.2700
0.0874
-0.3494
-0.3857
-0.4465
-1.3546
0.0120
1.0561
-0.2553
-0.1512
-0.9683
-0.5092
-0.8701
-0.5353
-0.7091
-0.5136
-0.8771
-0.6321
-0.2158
-0.5651
-0.6567
-0.6448
-0.4437
-0.2036
-0.6535
-0.5836
-1.1890
-0.6717
-1.3760
-0.2261
-0.5489
-0.4307
-0.1850
-0.3902
-0.4165
-0.8992
-0.5599
-0.3605
-0.3617
-0.3785
-0.7860
-0.3504
-0.6940
-0.4507
-0.6825
0.2533
-0.8426
-0.5381
-0.2392
-0.6158
-0.0165
0.1771
-0.4270
-0.3092
-0.4335
-0.6029
-1.1171
-0.5477
-2.1020
-0.3241
-0.2857
-0.4458
-0.3607
-0.5664
-0.1534
-1.6193
-0.4436
-0.0688
0.0325
-0.2705
-0.8345
-0.3470
-0.7261
-0.2837
-0.5260
-0.3748
-0.8611
-0.4505
0.4871
-0.5763
-0.8117
-0.6781
-0.5160
-0.3474
-0.2306
0.0299
-1.3435
-0.6574
-2.0475
-0.4167
-0.1649
-0.3327
-0.3396
-0.4159
-0.1967
-1.6537
-0.4790
-0.0341
0.3999
0.0486
-0.9536
-0.6667
-0.8727
-0.3600
-0.7901
-0.3906
-0.9241
-0.5020
-0.4319
-0.6091
-0.7843
-0.5481
-0.5641
-0.3471
-0.2578
-0.7282
-1.0078
-0.6290
-1.6643
-0.2684
-0.3460
-0.3858
-0.3376
-0.5610
-0.2014
-1.0617
-0.5677
-0.2360
-0.2975
-0.3658
-0.8203
-0.0519
-0.3379
-0.4144
-0.6315
-0.4833
-0.9861
-0.3631
-0.3798
-0.5923
-0.6114
-0.6338
-0.5206
-0.1573
-0.2648
-0.8273
-0.9524
-0.2996
-2.1360
-0.4501
-0.3357
0.0051
-0.3962
-0.4393
-0.2189
-1.5636
-0.4771
-0.4150
-0.2971
-0.3455
-0.8535
-0.4224
-0.6325
-0.2721
-0.7427
-0.3032
-0.7516
-0.5726
-0.3677
-0.7756
-0.6636
-0.4573
-0.5602
-0.1741
-0.4943
-0.7945
-1.3158
-0.6439
-1.7663
-0.2544
-0.5974
-0.5191
-0.2114
-0.3990
-0.4709
-1.6604
-0.4854
-0.1380
-0.1204
-0.3589
-0.6451
-0.3788
-0.9439
-0.3022
-0.7259
-0.3341
-1.0284
-0.5834
-0.3381
-0.5974
-0.6730
-0.4972
-0.6878
-0.3896
-0.5962
-0.4735
-0.8440
-0.6078
-1.9098
-0.3860
-0.6180
-0.2789
-0.4940
-0.4532
-0.3396
-1.2522
-0.4024
-0.3032
-0.3566
-0.1725
-0.8272
-0.3929
-0.8377
-0.3262
-0.8050
-0.5090
-0.8444
-0.5082
-0.3640
-0.6664
-0.7968
-0.5801
-0.2887
-0.1646
-0.5008
-0.6789
-0.9590
-0.5019
-1.9057
-0.3853
-0.3780
-0.4601
-0.2477
-0.5488
-0.4247
-1.2742
-0.3773
-0.3958
-0.3903
-0.4147
-0.7725
-0.4348
-0.7757
-0.1694
-0.7635
-0.2954
-0.9240
-0.3326
-0.1398
-0.7288
-0.7275
-0.6436
-0.6604
-0.3296
-0.3538
-0.7904
-1.0150
-0.5746
-1.8699
-0.4384
-0.4524
-0.2419
-0.3654
-0.4412
-0.4341
-1.2162
-0.6159
-0.1324
-0.3946
-0.3756
-0.7996
-0.4099
-0.7509
-0.5965
-0.6424
-0.4881
-0.9376
-0.3188
-0.1053
-0.6252
-0.7200
-0.7197
-0.4738
-0.1566
-0.3353
-0.5618
-1.1877
-0.6484
-1.7934
-0.5300
-0.4206
-0.5240
-0.4719
-0.4603
-0.4153
-1.4231
-0.5576
-0.3056
-0.3337
-0.1709
-0.9103
-0.6345
-0.8198
-0.4535
-0.8011
-0.4663
-0.9388
-0.4535
-0.1874
-0.4987
-0.7675
-0.6392
-0.5560
-0.1215
-0.4809
-0.7620
-0.9202
-0.5546
-1.9337
-0.4679
-0.5119
-0.4806
-0.1056
-0.4594
-0.3327
-1.3337
-0.4492
-0.4116
-0.3363
-0.2598
-0.6895
-0.3780
-0.5757
-0.3543
-0.8004
-0.2332
-0.9853
-0.1084
-0.4005
-0.1681
-0.8475
-0.0831
-0.5308
-0.4221
-0.3890
-0.6499
-1.2142
-0.5773
-2.1357
-0.4213
-0.5552
-0.5310
-0.3839
-0.6249
-0.2813
-1.5341
-0.4839
-0.2130
-0.3466
-0.3463
-0.6164
-0.5832
-0.8203
-0.1405
-0.6463
-0.2701
-1.0364
-0.4948
-0.1589
-0.8112
-0.6593
-0.4929
-0.5189
-0.3855
-0.5015
-0.7324
-0.9789
-0.5472
-1.7917
-0.4509
-0.2580
-0.2326
-0.3023
-0.4301
-0.5175
-1.2411
-0.4178
-0.3732
-0.4630
-0.4128
-0.8869
-0.1952
-0.1205
0.0069
0.1259
-0.1635
0.1796
-0.0338
0.0954
0.2331
-0.1568
-0.0492
-0.2347
-0.0289
0.1688
0.0259
0.1774
0.0113
0.0995
-0.0542
0.0172
0.0545
0.1679
0.0970
0.0199
-0.1042
-0.2162
0.0300
-0.0984
-0.0122
-0.0949

Direct connections:
