version: 10
file format: 0

training data file: /experimental/Erwan/tmp/tmp.train-lm-from-UD-corpus.sh.bEZP2fcLF.train
validation data file: /experimental/Erwan/tmp/tmp.train-lm-from-UD-corpus.sh.bEZP2fcLF.valid

last probability of validation data: -48444.107045
number of finished iterations: 11
current position in training data: 0
current probability of training data: -48374.913239
save after processing # words: 0
# of training words: 198156
input layer size: 175
hidden layer size: 30
compression layer size: 0
output layer size: 146
direct connections: 0
direct order: 3
bptt: 0
bptt block: 10
vocabulary size: 145
class size: 1
old classes: 0
independent sentences mode: 0
starting learning rate: 0.100000
current learning rate: 0.003125
learning rate decrease: 1


Vocabulary:
     0	         0	</s>	0
     1	     29781	32	0
     2	     14609	945	0
     3	     12723	964	0
     4	     12466	959	0
     5	     11051	949	0
     6	     10965	953	0
     7	     10079	957	0
     8	      7554	963	0
     9	      7192	961	0
    10	      6450	960	0
    11	      6369	951	0
    12	      5743	962	0
    13	      5714	954	0
    14	      5545	965	0
    15	      5364	956	0
    16	      3861	943	0
    17	      3850	955	0
    18	      3233	972	0
    19	      2922	941	0
    20	      2839	940	0
    21	      2574	969	0
    22	      2456	947	0
    23	      2434	948	0
    24	      2270	942	0
    25	      1854	952	0
    26	      1775	973	0
    27	      1743	967	0
    28	      1596	44	0
    29	      1374	974	0
    30	      1304	46	0
    31	      1143	966	0
    32	      1001	946	0
    33	       678	958	0
    34	       583	917	0
    35	       412	950	0
    36	       386	931	0
    37	       372	913	0
    38	       307	922	0
    39	       282	48	0
    40	       277	928	0
    41	       257	932	0
    42	       240	927	0
    43	       238	968	0
    44	       229	919	0
    45	       208	924	0
    46	       197	49	0
    47	       194	34	0
    48	       164	50	0
    49	       146	45	0
    50	       137	915	0
    51	       122	970	0
    52	       120	916	0
    53	       101	97	0
    54	        96	110	0
    55	        94	51	0
    56	        94	904	0
    57	        93	101	0
    58	        92	925	0
    59	        80	114	0
    60	        79	111	0
    61	        73	921	0
    62	        72	57	0
    63	        71	933	0
    64	        68	929	0
    65	        68	914	0
    66	        67	52	0
    67	        67	116	0
    68	        64	53	0
    69	        62	105	0
    70	        62	39	0
    71	        60	935	0
    72	        60	920	0
    73	        48	115	0
    74	        46	923	0
    75	        46	108	0
    76	        46	58	0
    77	        46	95	0
    78	        43	171	0
    79	        42	187	0
    80	        41	56	0
    81	        40	117	0
    82	        38	37	0
    83	        37	55	0
    84	        36	937	0
    85	        32	40	0
    86	        32	41	0
    87	        31	99	0
    88	        31	908	0
    89	        30	83	0
    90	        29	54	0
    91	        28	100	0
    92	        28	65	0
    93	        27	104	0
    94	        25	112	0
    95	        24	902	0
    96	        22	103	0
    97	        21	109	0
    98	        18	70	0
    99	        17	934	0
   100	        17	69	0
   101	        17	76	0
   102	        16	68	0
   103	        16	66	0
   104	        15	79	0
   105	        15	107	0
   106	        14	971	0
   107	        14	78	0
   108	        13	67	0
   109	        13	183	0
   110	        13	71	0
   111	        12	80	0
   112	        12	82	0
   113	        12	77	0
   114	        11	118	0
   115	        10	72	0
   116	        10	87	0
   117	        10	98	0
   118	        10	59	0
   119	         9	121	0
   120	         9	73	0
   121	         8	47	0
   122	         7	85	0
   123	         6	33	0
   124	         6	74	0
   125	         6	106	0
   126	         5	84	0
   127	         5	918	0
   128	         5	905	0
   129	         5	102	0
   130	         3	119	0
   131	         3	75	0
   132	         2	912	0
   133	         2	906	0
   134	         2	936	0
   135	         2	122	0
   136	         2	926	0
   137	         2	90	0
   138	         1	113	0
   139	         1	910	0
   140	         1	86	0
   141	         1	944	0
   142	         1	89	0
   143	         1	61	0
   144	         1	8217	0

Hidden layer activation:
0.0000
0.0000
0.0286
1.0000
0.0186
0.0007
0.0000
0.0037
0.0000
0.0049
0.0000
0.0026
0.0003
0.0017
0.0000
0.0766
0.0000
0.0000
0.0179
0.0000
0.0000
0.0000
0.0401
0.0022
0.0000
0.0048
0.0638
0.0006
0.0007
0.0096

Weights 0->1:
0.0065
-4.2957
1.3443
2.5117
1.6717
-2.6951
-2.4189
-0.1750
-0.9934
4.1467
-0.8266
-3.2419
-1.7662
-0.8579
-2.2815
-2.9828
-2.6395
-1.5526
-0.5380
-3.2917
-0.9685
-3.0709
3.8927
9.2087
-2.7591
8.1935
-2.8889
0.5807
-1.0093
-2.4106
-0.6179
-3.1463
-0.8811
2.5933
-1.9444
2.1236
-2.8277
1.2815
-1.1622
-0.6034
3.6548
0.9580
0.1404
-1.8815
-0.2891
0.3838
-1.0206
-1.8962
-1.4220
-0.5267
0.3808
-1.6341
2.3521
-0.4417
-1.1824
-0.7171
-0.9585
-0.6201
-1.9334
-1.0496
-0.7905
-0.4450
-0.5196
-0.2836
0.7165
0.5972
-0.4881
-1.0982
-1.1692
-0.5646
-0.4709
0.7877
0.6938
-0.6887
0.3317
-0.6638
-0.2260
-0.9166
-1.6438
-0.0594
-0.7670
-0.6037
-0.1936
-0.7754
-0.6511
-1.8144
-0.0769
-1.1946
-1.0259
-1.0362
-0.9058
-0.5648
-0.8580
-0.4805
-0.8243
0.3924
-0.4910
-0.4874
-0.3021
0.1183
-0.7152
-0.5162
-0.8483
-0.7192
-1.0095
-0.3476
-0.9668
-0.7671
-0.9808
-0.1655
-0.5305
-0.5778
-0.6221
-0.9063
-0.8181
-0.7389
-0.6410
-0.3612
-0.1417
-0.3355
-0.7619
-0.2084
-0.3214
-0.1732
-0.6280
-0.5099
-0.5260
0.3270
-0.6822
-0.4293
-0.2415
-0.5741
0.0726
-0.3195
-0.0508
0.0390
-0.0917
-0.3452
-0.2173
-0.2773
-0.2237
0.0087
-0.1147
-0.1239
0.0125
0.4399
0.2464
-1.4903
0.2887
-0.6440
-2.5676
-2.3216
1.2197
-1.1315
-1.8129
-0.1159
-2.4446
-0.4462
-2.5451
0.2518
-0.0269
-1.3773
0.4955
-2.1753
1.3857
0.4280
-2.4434
-0.1074
-1.8598
0.0535
1.7028
-0.5844
2.4830
-0.5963
-2.2259
-0.5675
-6.6901
-0.1949
3.9690
0.1974
-1.3685
-1.6725
-5.3185
3.8153
-3.4536
4.5650
0.6761
-7.8279
1.2060
0.2640
-2.8774
-3.9021
6.3356
-2.7154
-0.0073
-1.2538
0.2100
3.5253
3.5158
-1.8563
-0.2613
0.6593
2.4128
-0.7481
-0.1387
-2.8895
3.4962
4.7462
1.7138
-5.2638
0.0136
-1.9411
-4.1988
-3.5477
-0.1192
-0.4698
-1.9684
-0.5657
2.6730
-2.8832
-1.5111
-1.0847
-4.0772
-0.7538
-1.5160
2.8213
-1.8466
-0.4737
-3.9949
-2.0590
-1.2332
0.1991
-2.7344
-1.9172
-3.0674
-4.1638
-0.2718
-0.8780
-1.1987
-2.4803
0.4596
-0.8272
-2.7846
-1.8458
-2.7650
-3.5264
0.9421
0.6603
-1.8965
-0.0955
-2.9877
-2.0378
-3.7604
-1.0504
-2.5037
-1.6426
-2.5287
-0.8903
-0.9718
-2.7678
-1.0348
-1.4913
-2.0176
0.0275
-1.2678
-1.1133
-1.4747
-1.9113
-2.2008
-1.4277
-0.2129
-0.8353
-1.0450
-1.5393
-1.2785
-1.9651
-1.8416
-1.0181
-1.1509
-1.4333
-1.5813
-1.1558
-1.5153
-0.8041
-0.7564
-0.6904
-0.9725
-1.3810
-0.5959
-0.8420
-0.5644
-1.0266
-0.6760
-0.4775
-0.5320
-0.9040
-0.6673
-0.7251
-0.5685
-1.1592
-0.5994
-1.0484
-0.0029
0.0853
-0.9390
-0.3441
-0.2972
0.0862
-0.0878
0.1954
-0.1095
-0.1253
-0.3997
-0.1276
-0.0934
-0.2211
-0.2241
-0.1375
-0.3287
-0.6518
-2.2831
1.1409
2.5857
-2.3073
0.1136
1.9208
3.7252
-3.9947
0.1067
-3.8800
-0.8520
2.1479
-1.1626
-2.1252
-1.7548
0.0895
1.5703
0.5738
0.2054
1.3075
1.3398
-1.5611
-1.8132
0.6620
1.4121
-0.2806
-0.0771
0.7838
-2.4293
0.7331
-0.0130
-6.5468
4.1580
-5.1481
-3.8264
1.6610
-4.6973
-0.4851
-3.4276
0.5105
-1.1931
2.3169
1.0782
-1.3969
4.1384
-1.1180
-3.9118
-2.1614
-0.6968
-0.0434
-0.8496
-3.0904
-0.8194
-3.3913
1.9288
-1.6694
-2.6244
0.1225
-0.0510
-0.9913
-1.3238
0.0246
-0.7659
1.0670
0.9322
-2.3009
0.2359
-0.5614
-0.4023
-1.2251
0.0322
-0.4969
1.1956
-1.3944
0.1446
-0.4597
-1.3330
2.8670
-0.9861
-3.2980
0.8754
1.0210
-0.1036
-0.6724
-0.9867
0.2777
0.0750
-1.4994
-0.1035
-1.0599
-0.8020
-1.0066
0.5280
-0.4552
-0.1205
-0.0574
-0.0115
-0.8413
-0.6100
-0.3711
0.4288
0.1094
-0.0497
-0.3860
-0.2103
-1.0356
0.3868
-1.1333
-0.1314
2.7546
-0.1396
-0.9312
0.5609
-0.0386
-0.3413
-0.0794
0.4568
-1.3517
0.1861
0.0343
0.3501
-0.1464
-0.4294
-0.5127
-0.6280
0.3118
0.0176
-0.6139
0.2493
-0.1620
-0.3829
-0.1850
-0.2105
-0.3280
0.3985
0.1061
-0.5277
-0.3279
-0.1211
0.3192
0.0585
0.2336
-0.5283
-0.1146
-0.0705
-0.1772
-0.0142
-0.4477
0.0335
0.2129
-0.4946
-0.5480
-0.3892
0.2435
-0.1117
-0.3681
0.0510
0.0189
0.0355
-0.3297
0.0073
0.0117
-0.0021
-0.1367
0.1101
-0.1616
-0.0874
-0.2116
-0.2242
0.0035
-0.0146
0.1335
-0.0734
0.0591
-0.0023
-0.0348
-4.2215
-0.2605
-4.1193
-2.0447
1.3019
-1.0824
2.1026
-1.6229
-0.6979
-4.8910
0.6092
1.2759
-1.0372
1.3696
0.5475
-0.4048
0.1159
0.3150
0.1378
-0.2774
-4.2240
1.4832
0.8444
-1.4335
-1.4635
0.7943
-2.5218
1.3019
2.5305
0.3524
11.7218
-8.9035
-1.4262
-2.9542
-5.2968
2.8815
-2.1866
-1.0653
-1.8854
-1.0563
-1.8446
-3.8055
-1.6754
-1.3536
4.3685
3.8655
-1.9507
-1.3837
0.2245
-2.5589
-1.4601
-0.0525
-3.1699
-1.4884
-1.4536
-2.0846
-1.1126
-0.3337
-5.9570
-1.6984
-2.4613
-3.1740
-0.8416
-1.7808
-1.6997
-1.2054
-1.4682
0.0610
-1.7622
0.0505
1.1795
0.2498
-1.6132
4.7816
2.6884
-0.2592
-0.1787
-2.0438
-0.5816
2.7741
4.7820
-0.2367
-3.6656
-2.4385
-2.2126
-1.2430
-3.0633
0.2504
-3.1375
-3.3226
2.3052
-0.1525
1.6015
0.9697
-0.6010
-1.4993
-2.7379
-1.4561
-2.7376
-2.6815
-0.7348
0.2719
-2.3427
-0.4595
-2.7425
-0.5948
1.9448
0.9050
-1.8794
-0.7851
-2.5024
-1.1068
-0.5409
1.6167
0.4119
-0.9972
-2.4003
0.4788
-2.3829
-0.9787
-2.0886
-2.3738
-2.2000
-2.0361
0.9629
-1.6486
-1.9919
-1.8969
0.7606
-2.0967
-2.2594
-2.0595
-2.1679
-1.8038
-1.3907
2.5933
-1.8114
-1.8019
-0.7528
-2.0919
-2.1307
-1.8915
-1.8066
-2.3396
-1.7440
-2.0110
-1.3996
-0.3939
-0.8089
-1.5986
-0.3009
-0.7218
-0.2927
-1.7083
-1.2466
-1.3757
-0.4545
-0.0279
-1.3647
-1.0555
-1.2777
0.0849
0.5841
-0.1140
0.0583
0.0207
-1.0419
-0.3622
0.0979
-0.7714
-0.2471
-0.8503
-0.5312
-0.3083
1.8274
-1.1681
-3.5235
0.4379
-0.3970
-0.2999
-4.8815
-0.1710
2.2808
-1.5924
0.0356
-1.0965
-0.1123
-0.4061
-0.6110
-1.6158
0.4302
1.8338
0.7152
-0.0346
0.3680
-0.6641
-0.6614
2.9526
-3.1271
0.2364
-1.2972
0.9733
1.1076
0.7073
-0.4930
3.7261
-5.0736
-3.6063
-3.8093
-6.0427
-1.1489
-5.6476
0.3766
1.6781
-1.0492
-0.5183
-3.8776
-1.8731
5.3911
-0.9171
0.9760
-4.4443
3.6026
3.7889
-3.0381
1.0052
-0.1256
-3.2867
-0.9610
3.7926
6.7301
-2.3345
-2.4397
0.9593
-2.1603
-1.3098
-2.8688
-5.0145
-0.8474
-2.3346
-0.3781
-0.1571
-2.1374
-1.0849
0.3423
-0.9939
-1.0998
0.3052
-1.6349
-0.6301
-0.0637
-2.2979
-0.9976
-0.1248
-1.7561
0.3143
-1.4557
-1.7888
-0.9094
-0.6419
1.0296
-1.5517
-0.5324
-1.2328
-1.3909
0.3611
-0.8429
0.1695
-1.1638
-0.6767
-0.4275
-0.9476
-0.4948
-0.9953
-1.7752
-0.8028
0.1880
-0.9510
-1.3676
-1.2034
-1.1665
1.3822
-0.9605
-0.6337
-0.3074
-1.0995
-0.3499
-0.2832
0.5426
-1.4452
-0.9259
-0.8084
0.3543
-1.1565
-0.2837
-0.7396
-1.2267
-0.7591
-0.5953
2.2232
-0.4066
-0.4041
-0.8413
-0.0376
-0.9307
-0.9044
-0.6216
-0.8316
-0.0961
-0.4192
-0.3969
-0.6420
-0.3810
-0.6998
-0.6475
-0.4403
-0.5406
-0.3722
-0.4401
-0.6558
-0.3906
-0.3353
-0.7172
-0.3021
-0.7925
-0.5047
-0.3548
-0.3144
-0.4046
-0.1126
-0.8037
-0.1711
0.6119
-0.3055
-0.3649
-0.3048
0.1192
0.3645
-0.0636
-0.0651
0.1847
-0.2931
0.1585
0.1565
-0.0124
0.1325
-0.1293
-0.4214
0.1458
-0.6120
-1.0530
1.1813
-0.5879
0.5069
-3.4154
-0.0216
1.1501
-1.1592
-2.8592
-1.2918
-3.5438
0.9627
-2.2146
0.0997
0.1705
0.6879
-1.0683
-0.6839
-0.3349
-0.0073
-0.7429
0.2609
2.3612
2.2317
1.9617
-3.5486
2.7084
-2.1917
-2.5827
-0.1542
-3.9856
-7.7840
1.4385
-6.6692
-1.9863
-2.8560
-0.3396
-1.8046
1.1336
9.7213
-2.5105
-1.5225
4.1056
-6.0690
1.0522
-2.6236
2.0202
-3.2107
-4.6383
-5.3657
-3.2503
-0.8821
4.7258
-3.8389
1.8449
-4.5559
1.5412
-1.5887
-4.9315
-2.1562
1.4694
3.7361
-0.3531
-1.8034
5.8875
0.8441
-2.6141
2.2320
-1.3780
1.2351
0.7382
-0.9645
2.0673
-2.9007
-0.3739
-1.7681
-1.4974
-1.4046
-2.3129
-0.8403
1.3251
0.0046
-1.2091
-1.4011
-1.8561
-2.5229
-1.1927
1.3221
-1.2400
-1.3174
-1.1668
-1.3751
-1.2912
1.0654
2.0453
-0.8465
-1.1122
-1.0526
-1.2540
-1.2229
0.9157
0.8128
-1.1453
0.9815
-1.0426
-0.4600
-1.6254
-2.0243
-0.0384
-1.5045
-1.0235
-0.7549
-1.1120
-1.7923
-2.0377
-0.4538
-1.3551
-0.5075
-1.2914
-0.7906
-0.9761
-1.4499
-1.0754
-0.9931
-2.0332
-0.9595
-0.4182
-0.7896
1.1056
-1.2764
-1.0378
-0.9411
-1.2207
-0.8797
-0.4202
-1.1149
-1.0039
-1.1094
-0.2911
-1.0271
-0.8472
-1.2324
-0.9609
-1.2024
-0.9546
-1.1917
-0.6238
-0.1888
-0.4646
-1.1049
-0.6894
-0.8261
-0.0977
-0.7440
-0.6461
-0.5473
0.7820
-0.5168
-0.6601
-0.1547
-0.5188
-0.1603
-0.4493
0.5178
-0.0119
0.6367
-0.4691
-0.1660
-0.3205
-0.2916
-0.0794
-0.2282
-0.0653
-0.5750
-0.0975
1.0479
0.7605
0.0836
0.0803
0.6264
-2.9566
1.4847
0.8169
-1.4289
0.6450
-0.2421
0.2265
-0.7462
-1.6924
-3.9210
-0.8285
-0.4145
-0.2114
0.0907
-3.2289
-0.7474
-0.6204
-1.4729
1.5918
-0.5447
2.4076
-0.3784
1.7148
-1.0340
0.0710
-3.4308
0.1969
0.5655
7.9599
11.3520
0.3379
-5.4154
-4.4591
-3.9351
-1.3260
-1.7112
-1.3769
-1.1874
-1.4714
-0.9542
0.9695
-3.8219
-0.8384
-2.9441
3.2747
-1.9353
0.0781
-0.3489
-1.8953
-3.8950
0.5722
-4.3003
0.4048
0.4837
0.9099
-0.2750
0.3818
0.1279
0.4277
0.1866
-2.2378
1.5828
0.7650
-1.4847
-0.8105
-0.3746
3.2591
-0.0093
1.2935
-1.3114
-1.1287
-0.6830
-1.3130
1.0993
0.8104
-0.6292
0.0734
-1.7004
-1.3666
-1.2242
0.0035
-1.0358
-1.6770
-0.8632
-1.5831
-0.4556
-1.1649
-1.1605
-0.3889
-0.5143
-0.5192
-0.8316
-1.5455
-1.0617
0.6647
-0.5250
-2.1072
-0.7994
-0.6178
-0.7184
-0.6522
-0.1097
-0.5651
-0.3044
-1.1205
-0.8829
0.1654
-0.7073
-0.6935
-1.7861
0.1401
-0.9101
0.3893
-1.1480
-0.5454
-0.5944
-0.9301
-0.5890
-0.3990
0.8698
-0.0818
-0.6552
-0.9304
-0.4753
-1.1166
-0.8655
-0.6587
-0.9162
-0.6814
-0.1503
1.7910
-0.7742
-0.6865
0.1691
-0.5401
-0.6142
-0.9321
-0.4491
-0.3989
-0.5015
-0.5563
-0.2725
0.2086
-0.3271
-0.6006
0.3747
-0.4268
-0.0017
-0.4401
-0.2643
-0.2774
0.1318
0.6941
-0.2653
-0.3784
-0.3688
-0.0494
0.2547
-0.4662
-0.1945
-0.5557
-0.3040
-0.0771
0.2176
-0.3040
0.0995
0.0532
0.2424
-0.0082
-0.7124
-1.6718
0.1365
-1.0288
1.0523
-1.0477
-1.8508
-0.5385
1.9778
-3.3186
-2.3084
-1.2358
2.4239
-2.5981
-0.1593
-2.3444
0.3634
-3.7639
0.9562
-1.6208
-2.8436
1.1562
0.7495
0.7742
-2.7899
-1.9949
1.6337
2.0184
-2.2284
-0.9734
0.0963
-5.1435
-3.1267
-0.9411
-3.9888
-1.5635
0.3853
1.3021
7.0539
-0.8211
2.2581
-2.1235
5.5881
0.6545
-0.3904
-3.2384
3.6830
-2.0728
-1.6017
-2.6675
-2.7043
-2.1775
0.3687
-1.7995
-3.0604
-0.7109
-0.8855
-1.0458
-0.7262
-0.0867
-1.3266
-3.2477
-2.1926
2.5658
-1.4787
-0.3149
3.7390
-0.8749
-0.8982
-0.5749
-1.1622
-1.1847
0.4031
5.9310
-0.7360
-0.5813
-0.0568
2.8300
-0.8218
-0.2709
-0.3286
-1.3079
0.9926
-0.2375
0.2586
0.0950
0.4868
-0.4867
1.6331
-0.4382
-0.6243
-0.8487
0.0901
-0.1677
0.2017
-0.0348
0.2526
-0.7438
-0.0987
0.0355
0.0356
0.0530
-0.1731
-0.0805
0.3130
-0.4272
-0.6812
0.1709
0.1288
1.6290
-0.3528
-0.5120
0.0647
-0.2078
-0.6881
-0.1935
-0.1828
-0.5376
0.3206
-0.0077
-0.0020
0.0810
-0.1147
-0.0098
-0.2609
0.0762
-0.0009
-0.0976
-0.1212
0.3420
-0.2660
-0.2080
0.0415
-0.1792
0.0864
0.2039
-0.2875
0.0040
-0.0795
-0.3588
-0.1951
-0.0887
-0.3953
0.0504
-0.0614
-0.1336
0.0056
0.0321
-0.0800
0.3605
-0.3171
-0.3420
-0.1617
-0.1778
-0.0176
-0.1025
-0.1829
0.1200
0.1655
-0.2509
-0.0228
0.0236
0.3694
0.0549
-0.0281
0.0454
-0.3073
-0.0973
-0.0346
-0.0178
0.0150
-0.1356
-0.0232
-0.0563
0.1178
-0.0647
-2.3744
-1.9277
-2.5567
-0.4121
-0.4990
-0.6429
-4.0116
-0.0950
0.2376
-0.0296
-1.1231
1.0160
-2.8259
1.5739
1.1483
-1.5592
1.8524
-4.6875
-1.1136
0.5255
1.5701
-1.7186
0.8818
-0.3323
0.4084
-0.6841
-0.5910
-0.2227
2.2565
-0.2427
-0.8820
0.9950
-5.6523
12.3072
-0.0425
2.2438
1.1013
1.7471
1.3136
-3.4516
2.1062
-1.4339
0.6976
-2.0898
-0.5717
3.2105
3.6839
5.9916
4.8954
0.7978
4.0942
-0.1995
-3.8887
-0.0127
1.4400
-3.6378
0.2666
-0.9904
-3.1999
-0.6438
1.7276
-1.1299
1.2872
-1.1979
-2.9210
2.5086
-0.0830
-2.1682
-0.3387
-1.1875
-2.9300
-0.0628
-2.2354
0.3214
-2.1764
-2.0180
-2.8657
-2.2559
0.9512
-0.7838
0.0795
-0.9122
-1.6738
-0.9489
-1.3256
1.4557
-0.8515
-1.3511
-0.5596
-1.0466
-0.1557
-1.6472
0.0813
-2.8042
-0.4566
-1.2824
-0.5724
-1.2200
-0.8326
-0.3949
-0.3154
1.2259
-0.8914
-0.4445
-0.2304
-0.2330
-0.1849
-2.3287
-0.0541
-1.9153
-0.7091
-0.1048
-1.9969
0.4452
-1.9415
-0.0320
-0.6487
0.8936
-1.3493
-1.4712
-0.3263
-1.2595
-0.1069
-0.4438
0.4158
-0.1205
-0.2137
-1.0110
0.8909
-1.3077
-0.6844
-0.4575
-0.8347
-0.3554
-0.0939
-0.0323
-0.4821
-0.7593
0.0181
-0.7998
-0.7983
-0.7518
-0.3637
-0.6686
-0.4439
-0.6381
-0.4696
0.0471
-0.1149
-0.5637
0.1766
-0.3440
-0.0095
-0.3358
-0.3354
-0.5641
-0.1469
0.1902
-0.0302
-0.2598
-0.4292
0.1462
0.0632
-0.0668
0.1305
-0.0051
-0.1714
-0.1351
0.2100
-0.2748
0.0302
-0.0489
0.0791
0.0570
-1.7596
-1.5469
-1.2915
0.5573
-0.2263
-0.0850
1.4917
1.1342
-2.1812
-2.2683
-0.7593
-2.3700
-0.1054
-1.7735
-0.3767
-3.7523
5.3544
-0.5390
-0.1234
-0.6869
-2.4626
-0.9492
-0.2113
0.3804
-4.0393
1.1927
-3.1119
1.2772
-1.0617
-1.8970
0.0712
-0.9214
-0.1451
-3.8499
-2.3530
-2.0193
-1.3845
-3.8045
0.1490
0.4352
0.0379
0.6172
-0.8289
-1.7144
-1.2611
3.0864
-0.2477
3.6730
-0.5986
-2.2196
-1.2040
-4.0087
-4.1270
-0.7961
0.4974
0.6894
-1.5728
0.0814
0.3906
-0.8776
0.6059
-1.0914
-0.6706
-0.6761
-0.0057
2.2971
-1.7896
2.2767
0.1314
-1.1234
-1.2964
1.1734
1.1128
1.6237
-0.3739
0.6320
-0.0017
-0.3466
-1.2798
1.1076
-1.0458
-1.3383
1.7278
3.5431
1.7417
-0.8083
-0.7953
4.5415
0.0265
2.2298
3.7436
-0.5159
-1.0577
1.4217
-0.7599
-0.6110
-1.1088
2.0132
-1.4295
3.3159
-0.1179
-0.4248
-0.1436
0.9682
0.2550
1.0679
0.1663
0.0575
0.1163
-0.1256
-0.6739
2.1546
0.0863
-0.2739
-0.1455
-0.2753
-0.1083
0.4975
1.7727
0.3040
-0.3432
1.5992
0.0683
1.6248
1.5442
1.5234
1.2303
1.1896
0.5042
-0.8482
0.1001
0.4553
0.9214
1.2309
-0.3420
1.0381
0.3482
0.2157
0.3981
0.1610
1.2779
1.1951
0.4752
0.3394
0.9697
0.9378
1.1084
0.9760
-0.0100
0.5841
-0.1619
0.1716
0.2037
0.0308
1.1379
1.2554
0.0804
0.1565
-0.4341
1.1911
0.7554
0.6004
-0.0434
-0.1645
0.0238
-0.3444
0.2119
0.3750
0.2361
0.2052
0.1193
0.0902
0.1904
0.0757
-0.0778
-1.1745
-1.1329
0.8024
-2.3430
-0.3800
0.5588
-0.7157
0.1555
-0.1159
0.8975
-0.8205
-0.1965
-0.8647
0.2113
-0.5904
-3.4136
2.3974
1.0262
0.7504
-0.0430
-2.0675
-3.8522
1.0331
0.5679
0.2898
-1.5301
0.7279
1.4830
-1.6430
1.1961
-0.3902
-5.0427
-3.1455
-1.7544
-2.5776
8.2026
-4.0828
0.9567
1.9161
10.6494
2.4439
-3.0818
-2.3380
-0.4842
-0.3487
-4.2241
-1.5944
-0.0499
-0.5161
-2.1895
-4.4193
-1.9115
5.7933
-0.0493
-4.1284
0.3935
-3.3829
-1.6035
0.9834
-4.1604
-0.3210
5.0928
4.4920
4.0389
-0.8047
-0.5915
-0.6869
-1.7226
-0.9133
-1.2534
-0.8440
-2.3959
-0.5871
-1.7181
-0.8864
-0.9878
-1.5644
-1.5044
-1.9036
-2.1794
1.0491
1.6569
-1.2092
-0.8153
-1.1946
-0.5519
0.2963
-0.5791
-0.8448
-0.9235
-0.7793
-0.2183
-0.9076
-0.3392
-0.8714
-0.1113
-1.0722
-0.9882
-0.2921
-1.0931
-0.1399
-0.1305
-0.0772
-1.3351
-0.2705
-0.6518
0.2450
-1.2236
-0.3208
-1.0465
-0.1825
-0.8035
-0.0332
-0.2687
-0.6296
-0.3254
0.1036
-1.3914
-0.3947
-0.6834
-0.3344
-0.6719
-1.0416
-0.9046
-1.0501
1.0485
-1.0221
-1.1520
-0.1314
-0.6568
-0.5806
-0.3844
-0.5900
-0.3988
-0.9070
-0.5711
-0.4378
-0.6579
-0.3033
-0.0298
-0.1049
-0.3050
-0.8508
-0.3847
-0.0016
-0.2461
-0.1291
-0.8578
-0.0208
-0.3155
-0.3424
-0.6394
-0.8450
0.1358
-0.1682
-0.6499
-0.2459
-0.1113
-0.0181
-0.5365
-0.3951
-0.2595
0.0336
-0.1682
0.0197
0.2313
-0.0284
0.0857
-0.3153
0.0239
0.0925
-0.1002
-0.0686
0.1298
-0.2171
0.3490
1.3594
0.1518
-4.5175
-0.3831
-0.0264
1.2394
-0.0898
-1.4108
3.0860
-0.9406
-2.1604
-1.5506
-2.2836
-5.6690
-2.4154
1.3422
-0.4203
-0.3824
-0.9415
-3.3800
-1.4958
-1.2377
3.9481
0.3835
3.0299
-3.2399
0.9121
0.6538
-2.7816
0.0142
-2.3277
-4.4289
-3.8602
1.4158
-4.6161
-3.4978
-1.8396
-3.9909
-4.5154
-1.9443
0.1023
-0.4147
-4.7124
2.6159
-1.3641
0.4038
-4.4706
-0.1783
-2.0898
-0.6063
0.0557
0.5556
-1.7767
-1.6240
-4.0477
-2.7548
1.1057
1.4137
1.0942
3.0141
-1.2748
-2.3188
0.4314
-2.3729
0.7295
-1.6031
-1.8491
-0.8866
3.1496
1.0405
0.0787
-0.0870
-1.5946
2.1675
-0.4710
1.3955
-2.5084
1.8913
2.0141
-0.0389
-0.9677
-0.9786
0.0273
-0.7612
1.7228
-1.1644
-0.5268
-0.2251
-0.0995
-0.5734
-1.1819
1.4276
0.1434
0.3173
-0.2219
0.8557
-0.4048
0.2301
-0.2622
0.4524
0.0079
-0.8948
0.0522
0.2175
0.2064
0.9198
-0.6832
-1.7153
-0.0753
2.1066
-0.2575
-0.3998
0.9526
0.1583
-0.9265
0.6555
-0.1922
-0.1901
-0.1889
0.6538
0.1667
-0.3511
-0.0884
0.2218
0.0624
0.2002
0.0692
0.2337
-1.0760
-0.2543
0.2537
0.0778
0.3728
0.5972
0.1651
-0.6154
0.0709
-0.1087
1.1772
-0.1183
0.3141
0.0493
0.3507
0.5272
0.4151
0.2880
-0.0273
0.6427
0.1148
-0.1353
0.6816
0.0662
0.4597
0.1607
0.1638
0.1886
-0.3487
-0.2291
-0.0209
-0.0177
0.1764
0.0534
-0.1540
-0.3264
-0.4326
0.1594
0.0686
-0.0905
0.0221
0.1947
-0.0671
0.0462
0.1631
-0.0114
-5.2787
0.8715
-3.1539
0.7067
-0.1661
-6.1989
-4.1583
-2.0154
3.1102
0.9047
-2.0185
0.8151
-0.9719
2.7439
1.2054
-1.0316
1.0186
1.7802
-0.1505
-4.5495
-0.4177
-2.5271
-2.8337
-4.3249
-2.4832
2.6144
-1.0889
0.1361
-3.6493
-3.2694
0.1812
-5.7016
-3.6925
0.5701
-2.6305
5.8360
2.6486
-2.4271
-3.9491
-2.7453
4.2610
-1.5810
-2.9795
1.1792
-2.4107
-0.7260
0.7899
-1.8881
-0.1804
2.6494
-3.5872
-4.6087
2.2076
0.4942
-2.2765
-0.9293
-1.5541
-2.0397
-2.1922
-2.6819
-1.5997
-1.7165
-0.3458
1.6148
-0.6229
-0.5583
-0.7116
-0.8082
1.0568
-1.2412
0.1595
0.0299
-0.6602
0.0000
-0.6737
0.2616
-0.9338
-0.8504
0.8524
-0.3368
-0.6768
1.3378
-0.2009
0.6051
1.0687
-0.0587
-0.2770
-0.0314
-0.0945
-0.7145
0.1275
0.2123
-0.5996
-0.1961
-0.6943
0.0080
-0.2688
0.1543
-0.6651
1.2630
-0.6366
0.2853
0.1734
-0.3934
-0.0636
-1.1284
-0.7467
-0.6611
-0.2879
0.1019
-0.5300
0.2152
0.3843
-0.0363
0.0107
-0.1335
0.0921
-0.7617
0.0987
-0.4649
-0.4974
-0.1205
-0.2869
0.4485
-0.4583
-0.3057
0.0705
0.1060
-0.5039
-0.0524
-0.5158
-0.0247
0.1345
-0.0158
-0.4894
0.1898
-0.7774
-0.3323
0.0973
-0.3513
-0.0164
-0.3296
-0.1669
-0.2391
-0.1494
-0.1597
0.0763
0.4889
-0.1933
0.0716
-0.2572
-0.1867
-0.1476
-0.0690
-0.0087
0.2196
-0.0551
-0.0064
-0.0534
-0.1236
0.1719
0.1420
0.0047
-0.1281
0.1774
0.0917
0.2112
-0.1184
-0.0002
-0.1750
0.0677
-0.0533
-0.0927
-0.0880
0.0704
0.4500
-1.7174
-2.3034
-2.8313
-1.4648
-1.1873
-0.1901
-2.5324
0.7029
-0.0571
0.5617
-0.1288
-0.3763
-1.0410
-1.1032
-0.2677
-7.6654
-4.1131
-2.7569
-2.1241
0.5412
0.9313
-0.5400
4.3899
-1.3904
2.8249
-0.3274
2.7213
-0.3209
-1.3387
0.0974
-2.5435
-1.3794
-4.2426
-0.9507
-5.1036
0.7066
-5.7155
-4.2904
-3.8758
-5.0285
-2.2202
7.6847
-3.5614
0.5956
-4.1487
-0.7873
-0.9851
-6.2551
-5.9755
-4.8233
-0.5955
-2.9935
-1.4633
-5.2484
-2.3050
-1.4258
-5.5344
4.5841
-5.6672
6.5360
-2.6084
-2.2089
-1.9574
-0.6533
-4.6539
-1.9480
-0.4583
-0.6725
5.4399
0.1550
-0.9102
1.2717
-1.6239
2.5130
0.7418
6.7745
1.2352
4.3996
6.2068
1.4364
0.0640
-0.4196
2.1606
2.5797
3.3655
-1.1232
2.1481
-0.1580
1.3004
1.9483
-0.4334
3.8956
0.2186
-1.4812
0.2334
4.0370
1.4099
4.2629
1.9524
4.7431
-1.3496
-0.6587
1.8588
0.5806
0.9184
3.1884
-2.1825
-0.4997
2.4437
3.6930
1.1695
1.8703
3.4875
-0.5284
1.1937
2.4946
-0.3259
-0.9098
0.9645
3.0579
1.5073
0.8177
0.9728
0.1361
-0.7865
1.1523
1.0445
1.5976
0.6807
0.6588
1.1653
0.6801
0.5435
0.9658
1.3216
-0.1518
1.1067
0.7649
1.6906
0.8504
1.5006
0.3179
0.2718
0.6571
1.1226
0.7219
0.2634
2.0304
0.8707
0.3493
1.6434
0.2137
1.1154
0.4684
0.1064
0.7894
-0.0186
-1.0477
0.4737
0.2260
0.6287
-0.2024
-0.1194
0.0089
0.2932
-0.1404
0.3858
0.1914
0.1140
0.2719
-0.0037
0.2184
0.8385
0.1836
1.7224
-1.4018
0.1033
-0.1904
-1.3561
-1.0631
-0.1295
0.5301
0.0554
-2.3450
-1.5125
0.1231
-0.6867
-0.3197
-0.7571
-2.1496
-6.0497
1.3184
-0.7254
0.2685
0.1429
0.1385
-2.0720
4.1254
0.1901
1.0522
-1.2259
2.6985
0.5756
-1.7910
-0.0050
0.5700
-0.5283
0.4405
1.4650
-2.8430
-1.4741
-2.5338
0.6848
-3.6055
-1.5803
-1.1579
-1.8639
-2.3242
0.5640
-1.6354
-3.5441
-1.3205
-5.6956
-1.5126
-1.3900
-0.6223
1.0995
0.1272
-2.3700
-0.2526
-1.5040
-1.0855
0.0366
1.9620
0.0996
-2.1958
-0.5829
4.9610
-1.7859
4.0509
1.2439
-1.9191
-0.2228
-0.6376
-1.4174
-1.0566
-1.8507
2.2215
-0.0188
-0.1192
-0.1668
1.0058
-0.4330
-0.3581
-1.3059
-1.1001
-0.6906
-0.2371
-0.3006
-0.5483
-0.4426
-0.2258
-0.0538
-0.1815
-0.4792
-0.0806
-0.1383
0.9150
-0.6355
-0.3577
-0.2626
-0.1177
-0.3061
-0.1530
-0.1041
-0.7081
0.2736
-0.3356
-0.7543
-0.2439
0.0829
-0.1686
0.5461
-0.4233
-0.0885
-0.2524
-0.2439
-0.1459
1.7571
-0.6715
-0.0523
-0.1304
0.1591
-0.2588
-0.1339
0.1810
-0.2226
-0.1155
0.1344
-0.1146
-0.1137
-0.2744
0.0943
0.0662
-0.0327
0.0078
0.0688
-0.1650
-0.4031
-0.0742
-0.0450
-0.1317
-0.0638
-0.0877
0.0180
0.1516
-0.0751
0.0757
0.3935
0.1813
0.4243
-0.0053
0.0779
-0.1018
-0.0540
-0.2333
-0.0684
-0.0102
-0.2761
-0.0554
0.0233
0.2572
-0.0409
0.0425
0.1517
-0.0140
-0.3319
0.2401
0.2211
0.0604
0.3577
0.1061
0.0793
0.1852
0.2762
-0.0495
0.0377
-0.0382
-0.0067
-2.6673
-1.1295
0.7917
-1.4177
0.0011
-0.2304
-0.3422
-1.1127
-0.7070
-0.1130
1.8304
-2.8630
-4.3121
-2.2068
-4.8302
-1.0552
2.3523
2.1407
-3.9549
-2.0207
0.3263
1.1578
-0.0780
-0.7541
-7.1573
-5.3617
-0.3147
-8.1803
-0.3689
-3.0175
-0.4761
-3.4423
2.7876
-2.8864
-6.1233
-2.2650
1.9203
3.1826
-4.3788
-0.9467
-0.8675
5.1950
5.8786
1.1686
-2.0539
-2.0361
2.3010
-2.0695
4.2725
-0.3958
2.7747
6.7646
-3.8728
-4.4970
4.3530
-4.2132
1.6718
-0.8865
4.6252
4.1379
3.6038
-3.7084
1.2750
-3.4784
-0.5569
-2.3790
-2.3214
-0.4171
-1.0286
-2.0468
-2.2537
-2.2034
-2.4697
-2.3112
-1.6937
-1.5069
-3.1052
-0.9904
-3.6375
-3.4238
-0.6456
-1.5660
-0.9844
-2.0910
-0.5858
-1.4211
2.3613
-2.3726
-1.5130
-0.3537
-1.9134
0.3600
-1.4631
-0.9587
-1.9868
-0.5026
-0.9791
0.8968
-0.7108
-2.2279
3.4126
-0.2074
-0.9456
-0.2596
-1.4875
-0.5513
2.1588
-3.7252
-2.0222
-0.7454
-0.6066
-1.1243
2.1496
-1.1303
0.6533
-2.5318
2.0748
-2.8144
1.5821
-1.3716
-0.7678
0.1329
-1.7970
-1.3832
-1.7180
0.8058
-0.9613
-0.8704
-0.5978
-0.1553
-1.6843
-1.1893
-1.3014
-1.8484
-1.4482
-0.1027
-0.4048
-1.5190
-0.9897
1.9227
-1.3407
-0.2186
-1.5949
-1.3774
-1.0321
-0.8797
-1.0235
-1.2516
1.7300
-0.4679
-1.4853
-1.1336
-1.5432
1.6334
-0.6980
-1.1835
-0.3522
-0.4631
0.9113
-1.2165
-0.8765
-0.7046
-0.0995
0.5444
-0.2613
0.2105
-0.6761
-0.3704
-0.4632
0.2611
-0.2662
0.0422
-0.2382
0.5080
0.4936
-0.8183
-0.1786
-0.6059
0.3222
-0.0229
-0.5742
0.7606
-1.0106
-0.4685
1.9084
0.9655
0.2851
-1.1572
-0.1553
1.8179
0.0749
-1.3471
-2.3209
0.9466
-1.0262
0.1055
-0.0667
-0.7658
-0.6407
-0.5636
0.8821
-0.5864
-1.1385
1.0610
0.5268
0.0437
-1.3471
2.5612
-5.5406
-0.2971
0.7041
-2.6096
-2.2195
3.0146
0.6340
-4.0551
-1.9334
1.0429
-5.2603
1.1644
1.4235
-1.9263
1.7368
0.1919
-0.7473
1.5185
-4.7166
2.3475
0.5778
-2.6001
-2.4969
-1.3252
-3.2137
-0.3275
-1.7141
-0.1628
-1.6618
0.6173
1.2265
-0.0747
1.7267
-1.5793
-0.1013
-2.5703
-1.6943
0.3819
-3.3634
-1.2977
0.8900
-0.8837
1.2944
-2.3755
-0.4135
-2.8513
-2.7047
1.7377
3.8714
1.3196
-0.3390
-0.2473
-1.7380
1.8742
-0.2234
-0.5592
-0.0229
-0.5853
-1.5013
-0.7695
2.3316
1.5909
-0.2147
-1.0786
0.2465
-0.8615
-0.0784
-0.3621
-0.3976
0.3776
-0.0106
1.3543
0.2379
-0.1235
0.4917
-1.1331
-0.3318
-0.6592
-0.1709
0.1968
-0.9308
-3.0594
0.1025
-0.6958
-0.1613
-0.7118
-0.0409
-0.8440
0.2987
-0.3990
0.0466
-0.0918
-0.6696
-0.0497
-0.0077
-0.1007
-0.5338
-0.4813
0.4784
0.6159
0.1224
0.2206
-0.1484
1.0125
0.3580
-0.0621
-0.1812
0.0070
0.2844
0.2253
0.3695
0.6591
-0.1058
0.5043
-0.0060
-0.3518
-0.1623
-0.2573
-1.0500
-0.0570
-0.2118
0.1578
0.1641
-0.2838
0.5597
0.0306
-0.0563
0.0992
0.1588
0.0389
-0.4245
0.1852
-0.0689
0.1303
0.1618
0.2293
0.3030
-0.0259
-0.0899
0.0974
-0.1073
0.1696
-3.9252
-3.5841
1.0000
0.9908
0.0578
-0.1771
-2.5318
-2.7893
0.2705
-3.2657
-0.2006
0.5588
-2.2370
0.7865
1.0246
-4.1319
-3.5765
-1.7692
3.3536
-3.7346
-2.7453
2.9992
-0.3838
-4.1394
-0.4684
-2.4246
1.2210
-0.1428
-6.4902
-3.1147
-0.0475
-2.7898
-2.1987
-0.2752
-0.7459
-1.0943
-5.0235
-4.0493
-4.0189
-0.0565
-1.2345
-6.2503
-0.6058
-1.4625
2.5051
-2.3186
-2.4141
-3.6654
3.7565
1.8702
-1.2578
3.3838
-1.8129
-2.4414
0.8104
-1.8995
2.7681
-0.8245
0.0958
-0.1850
0.4893
2.0541
3.6192
-2.3468
0.5871
-2.4290
-0.5077
2.8141
-0.0903
0.5412
-0.7715
0.2122
1.4843
-0.0016
0.6099
-0.8398
-0.2075
0.0128
-0.0849
-0.2492
-0.9076
-0.1424
-0.6611
-0.5623
-0.3689
-0.2348
0.4868
0.0607
-0.4426
-0.5103
-0.0936
-0.2133
-0.1961
-0.2446
-0.9688
-0.1467
0.0003
-0.3687
-0.1510
-0.3336
1.3870
-0.4003
-0.4164
-0.2891
-0.7278
-0.3656
0.0437
-0.0335
-0.0963
-0.2389
-0.1238
-0.4421
0.0637
0.1072
-0.3000
0.0260
0.1075
-0.2354
0.3103
-0.1891
0.2160
-0.0882
-0.1380
-0.4269
-0.2546
-0.0165
0.1030
-0.0481
-0.1495
-0.1468
-0.2378
-0.1929
-0.2174
-0.2631
-0.1857
-0.0892
-0.1298
-0.2224
0.2275
-0.0090
0.1985
-0.1546
-0.1770
-0.1867
-0.0677
-0.0564
-0.0805
0.0125
0.1775
0.2436
0.1253
-0.0177
0.0635
-0.1394
-0.1674
-0.0433
0.0328
-0.1598
0.0477
-0.0089
-0.0772
0.1111
0.1421
0.0819
-0.1531
-0.0498
0.2845
0.0382
0.2152
-0.0441
0.0497
-0.1639
0.1053
0.0521
-0.1788
0.8300
-0.1475
-1.8928
-3.5500
-1.1975
0.0641
-0.0662
-2.2899
-1.5510
-4.1358
-4.6626
0.6246
-0.6677
-6.6117
0.3194
-0.9883
-0.3388
-1.4496
2.9553
0.3069
0.9976
-2.6895
-0.3766
1.0687
-0.3643
0.2019
-2.5354
3.3380
0.5765
-2.8433
-0.1265
-0.6073
1.0358
-3.8353
-3.8884
-0.9736
-2.2847
2.5289
-2.1964
-3.9428
1.1770
-3.1902
-2.1257
4.9459
2.6985
0.2874
1.0165
-3.5989
-2.8548
-0.6683
-0.0855
-3.6716
-2.8835
0.6304
-3.0727
5.6429
2.3542
-3.7773
-1.4277
-1.9270
-1.2617
-5.1795
4.9442
3.9616
2.6481
-3.0613
0.4416
-1.0262
2.4974
-0.6302
2.0698
1.3367
-1.4854
0.2456
-3.1324
1.8679
-1.6014
0.0753
0.2691
-0.9239
1.2256
-0.3778
1.5021
-0.1537
-1.9932
-0.7458
-1.4554
-0.3344
-0.1496
-1.1020
-0.7240
-1.6218
-0.9813
0.5454
-2.5262
0.1059
-0.7077
-0.7470
-0.2408
-0.5930
-0.3854
-1.3329
1.9421
-0.5771
0.6320
-0.7740
-0.8008
-0.6478
-0.9222
0.3805
-0.7019
-0.3915
-0.5516
-0.6718
-2.1827
-0.1349
-0.6775
-0.8549
-0.5277
-0.3898
-0.6078
-0.8408
-0.5420
-0.4661
-0.5716
0.0486
-0.7080
-0.7691
-0.5408
0.5078
-0.3841
-0.2832
-0.7123
-0.5322
-0.6687
-0.4537
2.5593
-0.6121
-0.7360
-0.2996
-0.6197
-0.7192
-0.4884
-0.5539
-0.6575
-0.8604
-0.6141
-0.4389
-0.2850
-0.3142
-0.4777
-0.4888
-0.4278
-0.1927
-0.3131
-0.2874
-0.3654
-0.3220
-0.5806
-0.0939
-0.1597
-0.3033
0.0469
-0.3530
-0.2476
0.1527
0.2864
-0.4091
-0.0568
0.1711
-0.2438
-0.0759
-0.0238
-0.1295
0.0231
-1.3717
-0.9621
1.6110
-0.3175
0.5183
-4.1259
1.1065
-0.4949
-1.7347
2.1138
-3.6115
1.6557
-1.3562
-0.9042
2.8045
0.4384
-4.3334
-1.0948
-0.8771
-1.5488
0.6225
-0.1854
1.1082
-1.6905
-2.3211
0.4896
-3.3784
-1.8539
1.1934
-2.6645
-0.0679
-5.0036
2.7932
-3.5894
-3.5458
1.0839
-0.1203
-7.1367
0.2778
-0.0999
-0.1064
-2.8005
-1.2882
-1.9565
-3.3246
-1.8923
-0.7530
3.0137
-1.0041
2.1787
0.4577
-1.0613
-1.3443
-5.6570
-2.2584
-3.7943
3.1268
-3.0098
-1.3525
-0.9343
-0.8840
-0.9711
-2.2148
-0.9741
1.9533
2.0067
1.8770
3.1988
0.5827
0.2456
0.9508
0.4187
-2.1812
-1.8770
-0.3346
-0.6150
-1.5277
0.0776
-1.2188
-0.2251
-0.7822
4.7040
-2.4223
-0.1537
-0.2874
-0.6573
-0.9467
1.0448
0.7490
1.3270
0.0471
-0.2077
-0.9885
1.0701
1.1047
1.1175
-0.4086
1.7831
-0.4785
0.6838
0.6324
-0.2280
-1.5473
-0.3211
0.1648
0.9862
-0.1715
0.0230
-0.3709
-0.1053
-0.2346
-0.3231
0.0094
-0.2126
3.1627
-0.0773
0.2182
0.6438
1.0297
0.0562
-0.6140
0.9862
-0.2431
0.5527
0.6560
-1.0174
0.2252
0.6167
0.3775
0.0195
-0.4506
0.5567
0.6568
0.4223
-0.4683
0.3580
1.0892
0.3229
0.4978
0.1312
0.6994
0.7629
0.4368
0.5053
0.7877
0.7333
0.6928
0.2040
0.4171
0.0571
-0.2255
0.5115
0.0706
0.2318
0.3252
0.3443
0.0211
-0.6513
0.0736
0.3191
0.1029
0.2391
0.5406
0.4344
-0.4353
-0.0665
-0.4908
0.1122
0.0941
0.1841
0.1044
-0.0960
0.3419
-0.0685
0.0894
-2.4260
-3.2162
0.2363
-1.7988
0.6593
-3.9348
2.3217
-1.0480
-1.1522
0.2340
-3.6982
1.5655
-0.2068
-3.4742
-2.0397
0.4676
2.9265
2.0507
0.9543
-1.4034
0.2256
-0.2771
0.5459
2.9183
0.6385
-1.5612
-2.6174
3.4301
-2.8422
-0.1286
-0.1052
-6.2167
-6.1035
-0.1153
-5.5048
4.6102
-1.0316
-3.6127
-1.6715
-4.3452
4.7770
0.9928
-3.0269
3.1128
6.3101
3.2011
3.1805
-4.5804
-1.4628
3.9618
-2.5551
4.1304
0.5795
0.5176
2.8190
-1.1429
-1.6001
0.0402
-0.2065
6.3731
-1.1466
1.4727
0.2507
-0.7174
-0.8253
-0.6381
-1.5845
-1.0095
-0.0153
-1.5421
3.8414
-1.3428
-0.6647
-2.0463
-0.4459
0.5381
-1.2987
0.2942
-1.3574
-0.9763
0.8802
0.8850
-1.2760
-1.0552
-1.0680
-0.3422
0.4918
-0.6701
-0.6687
-1.5032
-0.7507
0.1764
0.0210
0.5305
-0.5862
-0.0627
-0.3931
-1.2271
-0.5200
-0.5963
-0.2813
0.7412
-0.1885
-0.7881
-0.1493
-0.7940
0.0715
-0.8532
-0.6258
-0.0980
-0.5142
-0.4770
-0.1897
-0.1587
0.5429
-0.5544
0.0381
-0.8809
0.5833
-0.4599
-0.0676
-0.5940
-0.9404
-0.0859
-0.6411
0.5969
-0.5205
-0.1831
0.0774
-0.1070
-0.8217
-0.2691
-0.3851
-0.3894
-0.2464
-0.3731
0.8659
-0.5154
-0.2596
-0.0992
-0.3103
0.0523
-0.7615
-0.2755
-0.2280
-0.2747
0.0167
-0.4927
0.1409
-0.2457
-0.5894
-0.7883
-0.6091
0.0004
-0.2688
-0.3502
-0.2793
-0.1676
0.0024
-0.4251
-0.3891
-0.2553
0.0290
0.1351
-0.0586
0.0282
-0.1280
-0.2363
-0.1825
0.1936
-0.0943
0.0750
-0.0719
0.0661
0.2263
-0.5026
-1.2519
-1.1027
-2.9241
-0.8407
0.5305
0.4975
-1.5016
-1.5695
-1.8044
0.3109
-1.3744
0.7505
-1.6207
-4.0110
-2.2014
-3.8037
0.2868
-0.6940
-1.6847
-0.0603
2.7410
0.8229
3.3652
-1.0902
0.2977
-1.4306
2.5732
1.7293
-1.3577
-0.1261
-7.6094
-3.9023
0.9258
0.7275
-2.8053
2.6311
3.0764
-5.9199
-2.1995
-0.7649
0.8333
-3.1833
2.8316
0.3868
-4.3444
-2.3710
1.1645
1.3520
-1.8349
-2.1747
-2.7177
-3.1590
-3.6258
1.4768
-0.8652
0.9883
-0.4835
3.1814
-1.1968
-0.5670
-2.8973
-1.0391
-3.5292
0.5995
-1.4465
-0.7996
-1.0660
0.8184
-0.3522
2.3192
0.3194
-1.0199
-2.0201
0.8288
2.0793
-1.3257
-0.1002
-0.6853
1.5253
-1.6729
-2.8761
-1.9608
-0.4990
0.1794
-0.2340
-1.0771
-0.5558
2.0678
-0.4081
-0.5021
-0.2072
0.0279
0.1118
-0.6053
1.2497
-0.2642
-0.1533
-0.2594
-0.1199
0.3507
0.0176
0.0773
-0.2384
-0.4938
-0.5544
0.9201
2.3018
-0.9437
0.5901
-0.5340
-0.1317
0.9111
-0.0007
-1.7782
-1.0144
0.9183
-0.3644
0.1318
-0.6018
-0.1311
-0.0856
-0.2904
-0.1681
-0.2898
-1.1923
-0.3552
0.3886
-0.1885
0.0134
-0.3330
-0.3789
-0.2301
-0.4910
-0.2584
0.1474
0.0350
-0.3441
-0.2461
0.3198
-0.2508
-0.3985
-0.2857
-0.3105
-0.3817
-0.3467
-0.3975
-0.1632
0.5357
0.2146
-0.1981
0.2977
-0.1162
0.1762
-0.1347
-0.0885
0.0349
-0.4312
1.0261
0.0427
-0.1696
-0.2853
-0.3609
-0.3004
0.0029
0.0543
0.1142
-0.1442
0.0127
-0.0100
0.0065
0.0158
0.0112
0.0889
0.2225
-1.8392
-1.0776
2.3232
-0.6647
-0.6138
-0.8776
1.0544
-4.0387
-2.1660
-1.9791
-2.4748
2.3411
-0.8519
0.7496
0.2640
-0.8654
2.5316
0.9376
-0.3153
4.1625
0.4973
-0.3462
1.0950
-3.4380
-0.6733
0.4351
-4.5257
-1.6230
-2.9442
-2.5745
0.0597
-1.1206
0.4106
-4.5946
-0.8885
-0.7064
-2.6408
4.2918
-3.2821
-2.4377
-7.8471
-5.1865
-1.4104
3.9926
3.1278
2.0477
-3.1707
-0.0223
-1.4774
-3.3031
-2.0557
1.9440
0.4633
-0.5675
-5.0625
2.4545
1.4138
1.8558
-0.4279
1.8972
0.7427
0.8284
-0.5042
-2.9000
-1.2292
0.1222
-1.0903
1.4513
-0.7821
-0.3613
-1.0941
0.6603
-1.6899
-1.2868
0.9272
0.3976
-1.8368
-0.6336
-0.2722
2.0017
-1.1730
-0.3469
-0.3136
0.4243
0.5808
-0.2940
0.8965
-0.1817
-0.6118
-0.1824
0.6125
0.0172
-1.1388
2.1393
0.7516
-0.2381
-0.9558
0.3199
-1.0786
0.8147
-0.4269
-0.6092
-0.0520
-0.2631
-0.3408
0.1528
-0.0701
0.3521
-0.1620
-0.2541
-0.7017
0.1601
-0.3313
-0.0973
-0.1697
-0.3110
-0.0269
0.4211
-0.2056
-0.1175
-1.4175
0.1220
-0.1775
0.1286
-0.1623
0.0393
-0.1006
0.4715
-0.2429
-0.3364
-0.4128
0.1127
-0.0450
0.0246
-0.1720
-0.0498
0.7346
-0.0770
-0.0262
-0.2201
0.0939
-0.0492
0.0435
0.0398
0.1700
-0.1151
0.1526
0.0536
-0.1621
0.1060
0.0694
-0.0045
0.1381
0.0351
0.1753
-0.0385
-0.0547
-0.0386
-0.1661
0.1067
-0.0483
0.0118
0.0624
0.1280
-0.0476
-0.0736
0.1803
-0.0092
0.0380
0.1323
-0.0304
-0.2053
0.0111
-0.2072
0.1546
-0.9982
-1.5269
-1.3815
-3.2909
-2.3541
0.3463
0.2034
0.9001
-5.7099
-3.4335
0.8464
-0.2752
2.4147
-0.0278
-1.5616
-3.4544
5.4582
-3.5133
-1.1679
-1.3084
-2.2143
-0.9179
0.9035
3.0538
0.3322
-1.0679
1.4122
0.8431
-0.6118
0.9736
-0.0365
-3.4688
-5.6904
-0.8248
-5.1970
0.7418
8.4780
-3.9169
-2.5192
-1.7086
-0.5900
0.5109
1.5394
-1.4147
-0.0857
-0.4900
7.3287
1.1111
-3.3040
1.4065
-4.0845
-4.3241
-2.7398
-1.4913
-2.6602
1.3069
2.9958
-3.3083
1.8484
-2.3637
2.3248
-2.7194
1.2229
0.2498
-1.0078
-1.2772
-2.0683
-2.0120
-1.2672
0.1335
0.8570
0.2389
-1.3007
-1.1926
3.2498
0.8064
-1.0498
-0.2895
0.0533
-0.4852
1.9612
3.2970
-1.4234
-0.5860
-0.7139
-0.8204
0.2695
-0.0732
-1.9954
-0.1174
-0.3494
0.7394
-0.0767
-0.2957
-0.6647
0.6337
0.1575
0.8889
-0.5163
-0.1124
0.6960
-0.2566
0.3844
0.1122
0.6226
1.0220
0.0954
-1.7436
-0.7535
-0.4887
-0.0881
0.0333
-0.1805
-0.0715
-1.1891
-0.9674
0.4619
-0.0585
-0.8607
-0.2558
0.3442
0.4216
-0.5055
0.2998
0.2213
0.2820
0.2816
0.2053
0.0556
-1.0973
-0.5743
0.2334
1.2800
0.1591
-0.4823
0.5448
-0.8240
0.1566
0.2333
0.3204
0.9000
0.8589
0.0239
1.0157
1.6219
0.4379
1.3209
-0.0134
0.1591
0.0814
-0.2673
0.4510
-0.2626
0.2357
0.6796
0.2953
-0.0177
-0.4709
-1.0850
-0.0026
0.0232
0.3871
0.0673
-0.2453
0.3085
0.1908
0.1723
0.6424
-0.0702
-0.2292
0.3079
0.2107
0.3198
0.1222
0.0070
-1.8712
-2.7511
0.2926
-0.1363
0.7598
-3.3071
-1.2309
2.5598
0.5053
-1.5892
-1.3052
-1.4074
1.0396
-1.8829
0.0758
-3.4147
2.8957
-1.1915
-0.1153
-1.9964
-1.4389
-0.5813
-0.9378
-2.6738
0.1560
-2.0362
2.9749
-0.5674
-0.0903
2.4564
0.1222
-6.7343
2.2204
-2.2059
3.3760
-3.1884
5.1668
-3.0279
-3.3733
-1.6850
-1.0998
2.1861
0.4460
-4.2746
1.5836
-0.4557
-3.3455
-3.5001
-2.2663
-0.1787
1.6111
1.0557
-1.1003
0.8747
-0.1999
-1.0901
-0.3376
-1.7872
0.6058
-3.7584
0.5271
-2.5197
-2.2830
-0.1367
-0.9048
-1.2724
0.8225
0.3331
-1.9834
-0.4925
-1.4181
0.7850
0.4851
-0.7077
-0.9092
-0.6048
0.0241
0.9133
-1.6715
-0.0437
-0.5156
-0.2963
-0.3567
-0.3788
-0.7012
0.0548
0.7635
-0.6926
0.6951
-0.8415
-0.4806
-0.8882
-0.1991
1.5491
-0.7882
-0.8477
-0.4228
-0.7146
-0.4347
-0.4659
0.2281
-0.6759
-0.9406
-0.5314
0.2382
-0.6587
0.0898
-0.1525
0.1879
0.2493
-0.4725
-0.4140
0.3092
-0.4193
0.0823
-0.8448
0.0858
-0.5979
0.9250
-0.5232
-0.0362
-0.2974
-0.3368
-0.2713
-0.4945
1.9920
-0.4020
-0.3525
-0.2231
-0.6729
-0.3878
-0.1642
-0.3828
-0.4638
-0.2992
-0.0290
1.1020
-0.3203
-0.4940
-0.1200
-0.3106
-0.2830
-0.4397
-0.0617
-0.3346
-0.5272
-0.1088
-0.1562
0.1253
-0.0139
-0.3303
-0.2467
-0.2152
-0.0195
-0.2479
-0.3887
-0.1493
0.0867
0.3994
-0.3265
-0.0616
-0.1861
0.0407
0.0952
-0.3084
0.0450
0.0185
0.0409
-0.1534
0.1205
-0.0587
0.1239
-0.1721
0.1371
-0.1810
-0.6955
-1.4510
-3.2924
-1.5390
-1.9176
-0.9059
-7.6378
-1.1767
1.6483
-0.9719
0.9886
-2.3568
0.8377
-5.5323
0.0105
-2.5383
-2.6616
0.2827
-3.5922
-1.0436
-0.6085
1.4699
-1.1026
3.1135
2.3466
1.8517
1.3137
-0.5874
1.2231
-3.3645
-0.0228
-5.6706
-3.4460
-1.7631
-0.9417
-4.5398
1.9896
0.0673
-6.4374
-1.4781
2.4499
1.7799
0.0809
1.2608
-0.4009
-3.5034
-0.2896
-4.0715
0.5725
-1.4257
-1.0604
2.5784
3.5972
0.3571
0.1455
4.4273
2.2306
0.9313
-1.3305
0.7512
-2.5548
-0.2164
-2.8381
2.6148
0.2053
-0.8842
0.7761
0.6775
0.2830
-1.7235
0.1315
-0.1975
0.3389
-0.3649
-0.1396
-0.6557
1.7348
2.9609
0.6433
-1.6966
-0.1742
1.7876
0.3025
0.0977
0.6355
2.7450
1.6627
-0.3061
-0.1589
-0.3874
0.0048
-0.8088
1.0452
-0.1613
-0.0219
0.0495
0.3354
-0.3171
1.2616
1.6077
0.3482
0.1834
-0.2064
0.1650
-0.3044
-1.0750
0.0786
0.2973
-0.0691
2.9687
0.2187
-0.1282
1.1243
0.0505
0.1253
0.0537
1.2963
-0.9315
-0.1212
-0.2241
0.4722
0.3041
-0.3826
0.1773
-0.3089
0.6279
0.2921
0.0160
0.1055
0.3100
-0.3002
-0.2584
-0.1627
-0.0307
0.2238
0.3854
-0.3240
-0.0679
-0.1356
0.3424
-0.1121
0.1735
-0.4006
-0.2319
0.0973
0.0176
-0.1468
-0.1974
0.2108
0.3375
-0.4559
-0.5929
-0.1488
0.1230
-0.0157
-0.2493
0.1225
0.0445
0.0569
-0.2523
0.1092
0.0834
0.3782
-0.1550
0.1838
-0.2851
-0.0971
0.1867
0.0433
0.2405
0.0707
0.3928
0.0477
0.1818
0.1555
0.7650
-0.8714
2.5673
-4.9577
0.9854
-0.9229
2.2300
-1.8889
-0.5065
-0.8489
-5.8516
2.1721
0.9256
1.1552
0.8222
-0.3662
-3.6835
-0.6196
-1.5145
-1.3035
0.0006
1.7383
0.6735
3.5406
-2.4995
2.2433
-2.6598
-2.3704
-1.0665
-0.6372
0.0234
-3.3362
-4.7510
-4.9108
-1.3129
-1.8407
3.8350
0.4040
-2.7418
-0.8317
-3.3952
0.4535
0.7431
1.2703
-5.7858
-1.9240
1.8339
0.6957
-2.4896
-5.3111
-3.4212
-1.5062
-2.2789
-2.6644
-0.1908
0.9046
-6.1468
0.8477
0.8162
-4.8483
3.3134
-2.3729
1.6607
1.3502
-0.4476
-0.0663
0.0886
-1.7121
3.4728
1.2025
2.3256
1.1176
0.8315
-0.5504
-2.2687
-0.0318
-1.0894
-2.1713
1.6398
0.6979
1.7408
3.9292
-0.7927
-0.4015
-1.0236
0.6952
-2.9749
0.0447
-1.5211
-0.9127
-0.5111
0.1874
-0.4932
-1.4100
1.4002
1.0979
-0.0393
0.1456
0.2634
-0.5237
0.2890
2.9759
0.7005
-0.4114
1.7135
-0.2847
0.5610
0.2195
-0.6996
-0.3302
1.4646
0.1289
-0.2343
0.5499
1.5710
-0.5507
-0.1910
-0.1815
-0.4667
-0.4939
-0.1085
0.0564
-0.3722
0.0058
-0.0074
0.4846
-0.2461
0.0826
-0.0050
-0.0428
-0.2614
-0.0514
0.1497
0.5356
-0.5868
-0.3890
-0.4178
-0.0146
0.3206
0.0054
0.1768
0.2946
0.0029
0.2486
0.4787
0.3171
0.4862
0.0258
0.1972
-0.0119
-0.2259
0.0615
-0.0167
0.0158
0.3797
0.3262
0.0183
0.8116
0.1846
0.0609
0.2451
0.2575
0.0123
0.4788
0.2378
0.1763
-0.0676
0.1852
0.0809
-0.2478
0.0766
-0.1648
0.0295
-0.0762
0.0553
0.6141
-2.0019
0.9421
-0.8530
1.1566
-0.9002
-1.1880
-1.4178
-3.7768
2.1417
-2.4514
1.6523
1.3918
-0.9455
1.7475
-2.0014
-0.0596
-3.7833
1.1052
-4.9958
-1.6522
0.3054
2.2197
1.1163
0.4003
0.9146
0.6123
-2.6564
0.5097
0.9355
0.1085
-2.4484
-3.3941
-0.6869
-4.2194
-7.4892
-0.4761
1.9170
0.4656
-1.7922
-1.9187
-4.1363
-0.7335
-1.1212
-5.5048
-2.6592
6.7425
3.6986
-3.2931
0.4428
0.0777
-2.6458
-4.4557
-2.8340
-1.7281
-1.7458
-2.7449
0.4410
1.2289
0.8186
2.3754
1.0207
-1.0614
0.3887
-2.8237
0.8466
-1.4068
-2.4006
-0.3924
-2.1427
2.2931
0.0088
-3.2664
0.3907
-3.5778
-3.4509
-1.0740
-1.8585
-1.4307
-3.6214
-2.3238
-0.2671
-1.0657
-0.2998
-0.9433
-1.6336
0.2647
0.1536
-0.8535
1.4148
-0.3500
1.6623
0.5594
-3.5397
2.1423
-0.6500
-0.3423
2.0946
-1.9414
0.3632
-2.0860
-0.7925
0.3765
0.6363
-2.4019
0.9538
0.1778
0.4964
-0.3385
-0.3244
-0.0174
0.2560
-0.6014
-0.7039
-0.5374
-0.7988
-0.2989
1.2329
-1.7221
0.1931
-0.7842
1.4539
-0.3356
0.9672
1.8114
-1.9320
0.8525
0.5448
-0.4174
0.5648
-0.4145
0.8833
0.8776
0.5148
0.0200
0.9943
-0.1972
0.7118
0.2889
-0.2112
0.3886
0.3145
0.6466
0.8506
1.2047
-0.0266
0.8193
1.2883
-0.2892
0.2530
-0.2401
-1.3932
0.3536
0.0001
0.7033
1.5577
-0.2951
-0.4590
0.4369
1.1979
0.7745
0.2571
-0.0036
-0.2839
0.0014
0.3718
0.1100
0.3552
0.1298
-0.4562
-0.0287
-0.0061
0.5989
-0.6754
0.0409
-2.1902
-1.5873
-0.4913
2.0925
0.1202
-0.3645
-0.4910
-2.5346
-1.2391
1.6813
-1.6036
0.6952
-0.7299
-0.7241
0.0734
-2.0160
2.5078
-0.4939
1.1842
-0.6494
-1.4138
-2.1534
-0.7951
-1.0321
-0.8755
1.5520
-3.0721
1.7964
0.2115
-2.0940
-0.2092
-6.4287
-3.5058
0.5450
-1.9643
-4.9637
-4.8521
6.7343
0.0213
-1.4790
-0.2865
-5.2310
-4.0878
-1.0589
-4.0182
6.5408
-2.3297
2.2960
-2.0762
-2.4164
-5.6624
-3.7124
-2.4241
-1.8368
-3.7474
-2.5413
-1.7713
-0.1849
1.0555
-4.3133
-0.0783
0.6191
-2.9645
2.8428
-1.0881
2.5712
-0.7017
-1.5546
-0.7333
-1.9396
-2.3041
-1.5978
-0.5276
2.1357
-1.4799
-0.2262
-0.0619
-0.4992
-0.3877
-2.2666
0.1254
-1.5343
1.9972
-0.9659
-0.9541
-0.5051
-1.0389
-0.6516
0.2245
-0.6153
-0.6005
0.0861
-1.0401
-0.4273
-1.2359
-0.2945
-0.5316
-0.0850
-0.4663
-0.2891
-0.0559
1.0179
0.6879
-0.8338
-0.1294
-0.6345
-0.1668
-3.0453
-0.0944
-1.2563
-0.6382
-1.5797
-0.5207
-0.5789
-1.6024
-0.4366
-0.0743
-1.4053
-0.7001
-0.6934
-0.0475
-0.3412
-1.5787
-0.6021
-0.6665
-0.1849
-0.7349
-0.6890
-0.1753
-0.1206
-1.6770
-0.6789
-0.4055
-0.5609
-0.6047
-0.4157
-0.4490
-0.8421
-0.2226
-0.1028
-0.2376
-0.2444
-0.6488
-0.3879
-0.3812
0.0284
-0.3885
-0.5311
0.2114
-0.3467
-0.6115
-0.4526
-0.8678
0.1380
-0.4908
-0.2703
-0.1081
0.4518
-0.3439
-0.5466
-0.1745
-0.1727
-0.4899
-0.3170
-0.0469
0.1507
0.1598
0.0160
-0.0467
-0.0173
-0.1660
-0.1502
-0.2883
0.2244
-0.0466
-1.5318
-2.0593
0.6171
-2.7391
1.6552
1.0037
1.9974
-1.1120
-0.8291
0.0821
-2.2722
0.1069
0.0538
-0.6355
1.9925
1.3427
1.0816
-0.3695
0.6055
-3.2446
1.6009
1.3127
0.3845
1.3177
-2.3532
0.9053
-0.3506
1.9486
-0.6513
-0.9841
-0.2705
-8.8218
-2.5366
-2.1114
-2.4233
-0.4826
-3.1300
-1.8944
-1.1821
-0.5947
-4.7637
-3.6853
-2.5638
-5.5217
5.7209
-0.6004
4.8669
-5.6877
-1.0205
-0.4533
-0.6881
-2.5559
-2.8217
-4.0245
-0.2647
0.5146
2.1626
-0.6016
2.5554
-2.8766
1.5155
2.8054
0.4365
6.3744
1.1709
-0.9478
1.4036
1.7880
-0.3904
-1.6647
0.1804
-0.6277
-0.5618
1.8937
0.7920
0.0634
-0.7915
2.9518
-1.5185
-1.9993
-0.1253
-3.5634
1.4886
-0.2927
-0.4838
-0.2459
-0.3670
-1.1160
0.1161
-0.9748
-0.2029
0.0944
-0.1330
-0.2337
-0.5036
0.0816
-0.1593
0.0658
-0.0338
-0.2650
1.4183
0.2896
0.2055
-0.3895
-0.0103
-1.0886
1.9793
-1.8534
-0.1679
0.7936
0.5934
-0.5457
-0.0809
0.0705
0.2392
0.0112
1.6914
-1.1531
0.1440
-0.2048
0.7713
-0.0858
-0.2973
-0.3775
-0.4213
-1.0265
-0.1358
-0.3525
0.7342
0.2966
-0.1877
-0.0845
-0.3982
-0.2210
0.1826
0.4574
-0.8677
-0.4492
-0.1054
1.1935
-0.0936
0.5055
-0.6100
-0.2665
-0.0753
0.1495
-0.0531
-0.1826
1.0464
0.2893
-0.5450
-0.7994
-0.4952
0.7751
-0.0102
-0.3247
0.1638
-0.0356
0.0118
-0.0146
-0.1099
-0.1663
-0.2062
0.0905
-0.1403
0.2621
0.0264
-0.0265
-0.0546
0.0097
-0.0157
0.1686
0.0630
-0.0363
0.3444
-0.2509
0.0426
0.1812
-4.3731
-0.3062
1.6629
0.5003
-1.3273
-0.0236
-2.7406
-1.5488
-2.1627
0.3788
2.2976
1.0951
2.0029
-6.9721
-0.0409
-2.7685
-1.5889
0.1847
-0.8697
-0.2835
2.9511
-2.1816
0.1767
0.5408
-2.7275
-0.0894
1.4720


Weights 1->2:
-0.5462
-0.9658
-0.7395
-2.3991
-0.9679
-0.6414
-0.4743
-0.4422
-0.6288
-0.5659
-0.5702
-0.3005
-0.2082
-0.6267
-0.3436
-0.9363
-0.2981
-0.1133
-0.6921
-0.6794
-0.5695
-0.5222
-0.3200
-0.3267
-0.6708
-0.4293
-0.5085
-0.6864
-0.7664
-0.3883
1.1333
0.6473
1.5661
-2.1895
-0.7282
0.8398
4.1985
0.0742
2.9656
-0.3089
1.3427
3.7524
-1.6321
4.1527
1.2356
6.8583
-6.2666
-1.0069
-1.0197
1.5987
2.7264
2.6319
-2.6857
2.0131
-0.3599
0.3904
-0.0253
-3.9578
1.9365
2.9877
2.1298
4.4485
-1.9608
4.1803
1.9020
4.4676
-2.6642
-0.6402
2.3905
-4.7506
2.7515
-3.4535
2.0535
-1.2836
1.2969
1.1512
-0.7329
-0.6973
1.4494
-2.6826
0.5184
1.3862
-1.4988
1.7507
-1.4416
-2.5443
2.3908
-0.0810
4.8862
1.7888
-1.7221
3.2854
3.6058
3.2920
4.1879
1.9858
2.8652
2.7259
1.6038
-2.7650
2.4113
-2.0624
0.1348
-4.7056
3.0776
4.9428
1.4692
-0.4760
-0.6433
-0.1280
1.3422
2.6037
-1.3892
-2.7101
2.4585
0.6507
-0.9741
0.1195
1.0240
-1.2060
2.3342
4.1416
-2.3829
3.8475
1.0237
4.8135
-0.4502
0.9484
-0.5488
-2.7965
2.4887
-0.8027
1.4799
-1.5399
1.1294
1.5344
-1.1302
2.7054
0.9602
-0.9216
-0.6611
0.8547
0.9866
1.7347
0.6874
0.4719
-0.0336
1.1555
3.4469
0.9516
2.9754
4.8307
-1.9351
4.2624
1.3609
3.8958
-2.0575
0.4133
1.6674
-1.8858
1.2407
-1.7901
1.7039
-2.1914
0.5530
1.9577
1.6353
0.1789
2.3755
-0.7378
-1.0072
-0.4838
0.1063
0.2203
0.4031
-0.6931
-0.1535
-0.6657
3.4862
2.2157
3.3125
5.1041
3.8880
1.4305
0.5035
3.4279
2.8687
0.5600
0.5966
-2.1002
3.4367
0.9122
-1.4795
-0.0403
-1.6476
1.7215
1.6289
-3.1494
1.5733
-1.4223
2.2998
0.1402
-1.8728
-1.3699
2.2129
-1.7880
-0.0710
-2.0946
4.5831
-1.4995
2.9312
3.6427
1.6469
2.6484
2.5123
-4.8120
3.5983
-1.3816
2.4575
-0.5170
1.5486
-0.9672
-1.9413
0.0291
-0.7955
5.2039
0.5672
-0.4635
0.4880
-1.1635
3.6931
-2.9780
0.9962
1.7730
-0.3217
2.8123
-3.4947
-0.3977
-0.5081
-1.5996
1.0664
3.6798
1.3069
3.6530
2.6533
0.1179
2.9226
0.4138
1.2433
-1.7627
0.8498
0.1455
-0.7204
-2.3014
1.2818
5.0238
-0.8284
1.2403
-0.1207
0.8715
2.8985
-0.3907
-0.3196
-0.8715
1.9747
-0.3530
1.1618
-1.0243
-1.0039
0.0768
3.6681
6.0855
1.0934
1.2199
1.7530
1.8234
2.8784
-1.5405
1.1294
-3.1497
-0.3496
0.9780
-0.0373
-5.0071
-3.4850
3.5851
-0.3776
1.0647
0.6293
0.9155
4.6768
-0.1169
-1.3774
-0.4686
2.0344
0.0561
1.0229
0.2896
-1.4342
-0.5912
-0.7886
1.7968
-1.1041
4.1265
1.6916
-0.6913
2.8907
1.8763
2.9314
0.6247
0.0911
-0.6364
-1.2092
-1.5514
0.4076
3.0272
4.0537
-0.0124
2.0994
0.6336
3.9533
0.5829
0.7174
-1.2509
2.3673
0.9588
-2.1494
-3.6102
-0.3523
-0.2755
2.9715
3.9380
0.4329
2.6063
1.5157
4.1843
1.5835
2.6459
-0.9831
-1.5911
1.1339
-3.1964
-0.0700
0.6135
1.8550
-0.1464
0.1048
-0.4521
0.6339
-2.7621
-1.6543
-1.2810
0.6605
0.7592
0.6703
0.8096
-0.4097
1.5944
4.3041
0.7951
2.0244
1.7297
2.4880
-1.1609
0.7466
1.8215
1.6458
-3.2380
4.7526
-0.8740
-2.2305
2.6535
2.6671
1.4346
1.3983
4.6354
-7.5216
-0.4564
-3.0015
3.5158
4.6980
-3.4497
-4.3397
0.9477
-0.6384
0.9333
-0.3050
-2.7008
-3.3209
2.5847
0.7079
3.7671
1.5657
3.8797
2.1827
-1.3392
1.4118
0.6178
1.5264
-1.4011
2.7052
-1.9092
-0.7273
-3.2251
0.5019
2.6611
1.3088
-0.3237
0.7918
1.7440
2.1210
-1.6978
0.0862
-0.2300
3.2340
2.3602
2.0198
-0.8322
-1.0549
-1.2172
3.0451
3.3592
0.8105
2.4322
1.1149
3.1314
3.2594
0.7699
4.2922
-2.4814
1.1919
-3.6048
1.3853
-0.0910
-1.9424
-0.4279
2.0142
0.7711
3.6102
0.1031
0.7692
0.3452
-1.2938
-4.9580
-1.5062
-1.2843
-0.6486
-0.0065
0.0685
0.2206
1.9154
3.0696
1.1448
2.1866
3.7083
-0.5306
2.9243
2.3926
2.1689
3.4063
0.7877
-0.2559
-1.1475
-1.4741
-0.1892
3.7237
0.3628
0.8025
0.6240
-1.1460
3.0332
-1.0815
-2.1612
0.4834
1.6935
1.9501
-0.5339
-3.3497
0.7579
-1.1892
2.5091
4.5566
1.8438
0.5092
0.0595
2.5614
0.7406
0.9025
1.2388
0.3601
3.5867
-0.7086
0.7814
-2.2957
-3.3048
1.2411
2.5107
-2.1708
1.5860
-1.1385
2.0595
0.3006
-1.0250
-1.5633
3.9221
-2.2715
3.0030
-2.9527
3.1233
0.1050
-0.4266
4.8635
0.3390
1.7663
1.4197
1.8100
2.7157
-1.0291
2.5976
0.9836
0.1665
1.8477
1.4654
-3.4580
-2.0806
3.7372
0.0991
1.5775
2.1345
0.9373
1.7489
0.2188
-2.0129
-0.9917
2.4368
-0.8833
-1.3238
-0.1896
-0.4931
1.3154
0.8895
3.0358
-2.8319
3.1715
1.5993
5.4536
-1.7591
0.0689
0.1791
-2.6404
2.9599
-1.8351
1.7879
-2.4420
2.2770
0.0621
1.3943
2.1621
-0.0792
-1.4219
-1.0184
2.3409
1.4132
1.4604
0.0541
-0.0801
1.1580
-1.3649
3.4335
-0.2700
1.2420
3.7121
-2.5799
2.4992
2.1176
4.6501
-2.4603
-1.6164
1.2105
-1.7689
2.1524
-0.7811
1.9964
-3.2012
1.8745
-0.6234
0.4420
1.8424
1.9442
-3.1170
-0.8762
0.7140
1.2441
0.9714
2.1701
-0.3998
0.8225
0.2162
4.1836
1.4751
1.0163
4.2205
-1.4800
1.7623
1.5917
4.3791
-2.5766
-1.4820
0.0889
-1.7579
3.8936
-2.5553
2.1789
-0.9339
2.7833
0.4075
0.6849
-0.5122
1.0555
-3.6511
0.0661
1.8105
0.3012
1.6776
0.2810
-2.3870
3.1351
-0.5246
3.7364
0.6040
2.4469
2.4785
0.9733
2.4521
0.5589
3.4843
1.0777
1.6667
-0.4696
-4.3229
2.6710
-0.4263
0.3955
-2.9556
0.9498
0.9330
-0.9131
0.5076
-1.7347
0.4765
0.5597
-0.2892
1.3320
1.3308
0.7712
1.7401
0.1647
2.7716
3.3536
-0.2943
0.7168
2.8293
0.3035
2.2441
2.6017
-3.1345
0.9134
-0.3969
2.6935
0.8875
4.4055
0.9489
-1.8822
-2.0688
0.2575
4.0084
0.3509
-1.6206
0.5379
0.3638
2.2668
-2.0387
-0.5769
0.4096
2.7202
2.0830
-1.7928
-1.5718
0.0103
-1.0741
0.4837
2.8313
-0.7034
3.0623
2.0231
-6.1677
3.4173
0.6165
1.4465
-3.4898
1.6413
2.0573
1.2362
-2.0902
-0.2770
3.8120
-1.0248
-0.3208
1.6326
-0.0421
0.6450
1.4444
1.4534
-0.7546
1.8082
-0.5522
-0.5376
0.9593
-0.6211
-0.1433
1.2544
4.2235
-1.0583
1.3422
1.8311
4.9910
-0.7812
0.2694
0.1036
-0.4180
1.2310
-1.5678
2.7294
-2.6147
2.7443
0.9262
2.3985
0.9879
0.2582
-3.2500
-2.3231
0.2205
1.3496
-1.0380
1.5252
1.2188
0.9142
-1.1015
3.1548
0.8086
-0.8674
4.0285
0.2355
2.6068
2.3219
-0.2405
2.0134
-0.5737
0.7252
-3.0847
1.8009
-0.4096
-1.2294
-2.2609
-0.7862
3.8397
1.8257
-0.8948
-0.8063
0.6238
2.8046
0.8606
-0.0203
-2.1852
2.8190
0.0601
0.8588
-0.0507
1.4097
0.7011
1.9325
3.9273
1.2851
0.4780
-0.8091
3.4670
2.7179
-0.0198
3.0189
-0.0880
1.9257
-4.2050
-0.1047
-1.9824
-0.4942
-1.0996
2.5304
-1.8979
2.5733
-0.8272
0.4479
-0.7504
-0.2401
-5.8288
1.2963
0.2749
3.6233
-0.1144
0.9608
2.1221
1.3095
2.7246
0.7028
1.9780
2.4960
-3.1319
0.2235
2.1711
2.3468
-2.3322
2.6299
0.5423
0.3591
-1.5471
-0.2639
2.2910
0.6276
1.8917
-0.2553
1.6487
1.9543
0.1545
0.3636
0.1817
3.0181
1.0139
-3.6105
1.0777
-1.7907
-0.8349
1.5410
-0.1234
1.9913
-2.0212
0.2177
1.7581
2.4510
1.7608
1.9464
0.5959
-0.3730
2.2551
0.2006
2.8395
0.2671
4.2474
-4.5381
-0.7758
-0.4531
1.3337
1.9800
2.0420
-1.9055
0.7288
-0.2317
1.6593
-1.1280
-2.4636
0.5465
2.2247
2.1822
3.7176
-1.4220
0.5999
1.4105
3.4836
-1.1073
-0.3176
0.3606
-1.9380
2.9818
1.0929
0.9125
-3.8164
1.2079
0.5884
-0.6959
-0.2135
-0.4172
-2.9810
0.0586
0.9140
1.9424
1.9903
2.4763
0.3655
2.4623
-0.7688
3.3072
-0.5557
1.2614
-0.1113
2.0761
-1.4973
-0.2047
3.5657
1.8058
1.7045
2.2491
-0.2549
-1.1275
2.0505
-0.2938
2.9532
0.7136
3.8553
-4.8306
-0.6033
-0.1127
1.4127
1.9551
2.2356
-1.6619
-0.0170
-0.1131
1.4910
-0.3920
-1.8120
0.3608
2.5480
0.0474
1.7745
1.2404
1.2741
2.1407
-1.1841
1.2886
2.5652
2.7207
4.2707
0.4620
0.3083
0.0384
-4.5601
-0.0529
2.9586
1.5073
-0.9648
0.9335
1.6589
3.2483
-0.3775
-1.7449
-0.5999
3.2811
0.2546
-3.0761
-3.7846
-0.1362
-0.6546
2.0811
3.1351
-1.8291
2.1235
1.5099
-2.5335
1.3378
0.2733
1.0772
2.8664
1.2674
-1.2897
-1.2037
-2.5217
-0.3673
1.8444
0.8989
1.2501
2.3529
-0.7054
3.2052
-2.7212
-1.1154
1.4616
3.8982
-0.9278
-1.4847
-3.2265
1.4251
0.3002
2.2166
1.8485
1.0809
0.7577
1.7416
-1.7484
1.3948
1.1088
0.2099
-2.0321
1.2285
-3.3561
-0.0997
-2.4687
-0.3421
2.4466
2.0872
2.1682
1.0295
1.1665
2.7718
2.7747
-0.3167
1.6245
2.1695
-1.7999
-1.6422
-0.7604
-4.1191
0.6772
-1.2684
-0.6896
0.7624
4.1267
-1.1392
0.3526
0.4144
0.0597
-0.0421
-2.0714
-1.2792
-1.5188
-0.7216
0.1623
-2.3567
-1.1283
1.7378
0.3534
1.9377
3.2506
-1.2075
1.0002
1.7743
-0.1906
-0.9333
-0.3516
-0.8224
-0.1087
-0.3040
0.2804
2.2846
0.9143
-0.0198
1.7216
0.3859
0.5158
2.1269
-0.1655
-0.1667
-0.0303
-0.5387
2.4454
-0.8658
-3.1830
-0.8956
2.6871
-3.3681
1.9716
0.2763
0.5358
1.7222
-0.4073
1.8212
1.7711
1.1665
-2.1219
-0.4811
0.9180
-1.7901
1.9860
-0.0692
-1.2660
-0.3274
4.0241
-1.0639
-1.4940
-0.6375
0.2663
-0.1435
0.4305
-0.6713
2.1231
-0.2381
-0.1219
-0.6368
-1.6006
1.0784
-0.2897
-1.1927
1.5297
-1.3904
0.2201
0.5565
-0.0955
0.0250
-0.4744
-0.4355
0.4349
-1.0487
0.4599
-1.0955
0.3441
0.3390
3.9626
-1.0981
1.1736
0.2018
-0.6716
-2.7611
-2.7625
-1.5384
-1.9564
-0.4773
-0.3362
-0.8525
-2.0733
1.4103
0.1252
-0.7136
3.1226
0.4800
1.2629
0.9624
-1.9911
-0.5087
1.1089
0.2807
3.1256
-0.6176
0.1002
-0.7845
0.8982
-0.6668
3.6833
-0.7515
0.4420
1.7869
-0.0061
0.1915
0.8215
-0.1356
0.3501
-0.5820
0.1855
-1.3235
-1.7362
0.2792
0.2322
0.1438
2.0650
-1.0236
0.0493
0.0552
-0.3453
-0.4898
-0.2814
-0.7351
-1.0973
-1.0828
-0.6708
-0.9886
-2.0201
-1.6102
-3.0601
-0.3974
-0.4284
-1.5652
-1.8245
-2.3140
-0.7138
-1.2814
2.1598
-0.4345
5.8993
0.3788
0.0569
-0.9257
0.7813
-0.5841
-0.7856
-1.5602
0.8295
1.4859
1.2561
-1.5392
-1.7726
2.6979
-0.3146
0.1036
1.5989
-1.0213
-0.1512
-1.2731
3.2116
-0.2585
-1.6975
0.5343
0.0183
0.0430
-1.3175
-1.7682
0.6301
-1.3295
-0.0311
-1.4707
-1.5130
3.5704
-0.8786
-1.1217
-0.6173
-1.2870
2.1021
5.0141
2.9910
-1.0692
-1.3362
-1.5348
-1.8918
-1.8060
-0.8503
-0.1104
-2.5239
-0.1432
3.8224
-2.3446
-1.5150
-0.1099
-0.3163
1.1452
1.0078
-0.7710
-3.1039
-0.0608
-0.9623
-0.9276
-1.5466
-0.0867
2.7478
0.0953
2.6280
-1.2543
-0.4193
2.1727
-0.8887
-0.2370
0.1000
-0.2276
-1.1588
-1.2803
1.2553
-0.0718
-1.6258
0.4567
3.6509
-1.2908
0.3952
-0.2319
-0.0713
-0.9803
0.2836
-0.8233
-2.1691
-0.5229
-0.7340
-0.7798
-2.4036
0.0331
0.0785
-0.5546
1.2475
-1.0423
1.1266
1.5994
-0.4784
0.0393
0.0921
0.0475
1.1721
-0.4579
0.7083
0.1431
1.9061
-1.4856
0.1092
1.3020
-2.0230
-0.8432
0.6169
3.2892
0.3192
1.6732
-0.4493
1.2078
-2.1765
-1.1138
2.1247
-0.0009
1.4035
1.8050
-1.9561
2.6034
1.5652
-2.1967
0.9742
2.7769
-1.4645
-2.7525
-2.2606
0.0385
1.0981
0.9352
-2.6293
0.0136
3.7556
-3.2732
0.4968
1.8537
0.7280
-0.3936
1.5457
-1.1782
-1.1489
-0.2974
1.5210
-0.9187
-2.3263
0.6898
0.0407
0.0953
-0.4085
-1.0420
0.2835
1.2039
-0.6616
0.1098
-0.9361
1.4373
-0.3659
-1.2100
0.1633
0.0358
-1.1468
-0.8245
3.0811
-0.3955
0.3905
-0.2084
-0.0994
-0.5976
0.8102
-0.4078
1.2757
-0.7200
-1.1357
-0.3683
-1.4419
2.2126
0.0476
0.1717
0.3609
-1.0941
0.6817
0.2291
0.5055
-0.3785
-0.5359
-0.1642
-0.5407
-0.6483
-0.6147
-1.4462
0.8662
-0.7029
2.1103
-0.4636
-1.0706
-0.9846
-0.3275
-2.2179
2.0353
-1.6041
1.9058
-0.7431
3.2449
1.8461
-1.4371
0.7558
0.2974
-0.0285
-1.2837
-1.4788
-0.5467
1.6009
0.1027
-0.9579
0.5985
1.8601
-0.9129
-1.4872
0.3413
0.4369
-0.8975
2.3409
0.8622
1.7171
-0.6810
0.4630
1.9115
1.4020
0.4501
-0.7559
0.5532
0.7711
2.3182
0.1174
2.4198
-1.2778
-0.0702
-1.5051
0.4597
0.4373
-0.4423
-1.2433
0.5949
-0.5392
1.5069
-1.5063
-1.7634
-0.0506
0.7474
-1.4731
-0.6676
-1.0239
1.7936
0.0373
-1.3739
-1.0750
-0.7808
-1.5833
2.3100
-1.1039
1.4637
-1.6899
3.1529
2.3184
-1.6929
-0.3455
-0.3379
-0.1630
-1.2438
-1.2683
0.6443
-0.5485
-0.9950
-1.1396
3.4982
1.1881
0.1382
-1.3487
0.6531
-1.7681
-1.5999
1.7322
0.5408
2.2506
-1.1932
0.3771
-1.2477
-0.6246
1.1914
-0.1060
1.9468
2.1795
-0.6504
-0.2195
-2.0394
-0.4419
-0.2157
0.6386
-1.0105
-1.7765
-1.5801
0.5646
-1.4348
-0.8216
3.2089
2.9705
0.0160
0.3277
0.3644
-0.6670
-0.7757
-0.5187
2.7346
-0.3436
-0.7391
-0.6046
-0.3298
-0.5203
-0.1431
-0.9951
1.5312
-0.5692
-0.5429
-0.4381
-2.0880
0.3594
-0.1445
-0.6670
0.3659
-1.0768
-0.4672
0.1670
-0.3410
0.1409
-0.4616
-0.0045
0.1012
-0.8839
-0.4839
0.9789
0.2661
7.8285
-1.9480
-1.7189
-1.5537
0.7395
-0.7343
2.5278
-1.5641
0.7125
-0.1929
0.2993
-1.3904
5.2083
-0.2882
-1.3066
0.4377
-4.6592
-2.4148
-0.5849
-0.9544
0.2098
-1.5646
-1.2263
-0.1099
-2.1404
-1.2329
-2.1047
-2.0094
-0.6712
-0.6252
-0.3161
2.4099
-0.4260
0.0237
-0.2376
0.8264
-1.0287
0.4856
-0.5163
1.6363
-0.3150
-0.7698
-0.3058
-1.4273
0.9519
-0.3161
-0.0104
0.1611
-0.7816
0.8456
0.3662
-0.2151
0.4304
0.2264
-0.0886
0.7954
-0.4183
0.1960
-0.6122
-3.0548
-0.3880
-3.4974
-0.2717
-0.7653
-0.4571
-0.4993
-0.4466
2.5386
0.4438
0.2660
0.4915
-0.1104
0.6826
0.3187
1.3654
0.0172
-0.7844
1.0215
0.0013
-0.5574
0.0767
2.9618
-1.1187
-0.1751
0.2949
3.5107
0.0712
-0.5684
-0.2251
-2.7061
0.2910
-3.6359
-0.8018
-0.9004
-0.8682
0.2722
-1.4284
4.3260
-0.3162
-0.2330
1.8808
1.8468
0.4646
-1.7228
-0.1846
0.7523
0.5094
0.6158
-0.6709
-0.6196
0.8672
0.1044
-0.5054
0.8408
-0.5390
0.5799
0.3678
0.5320
-1.5560
-2.2121
1.5654
0.3580
0.6054
0.0590
-1.1266
-0.9364
-1.6498
0.5606
-1.1315
2.2909
-0.7076
3.3727
0.6700
-0.4646
0.0166
-0.5404
-0.1945
-1.6153
-1.3155
-0.5670
1.7692
-0.2803
-1.0369
-0.3614
1.7533
-0.0127
-0.8626
1.4068
-0.7596
-1.2564
0.0448
2.1289
0.3138
-0.9282
-0.7856
0.9585
-0.9406
-0.9945
-1.1206
-1.2208
-0.7104
-1.3099
-1.0600
-1.6980
-0.3215
-0.4591
0.7465
-0.6473
-0.9324
-0.8047
-0.1856
-0.3282
-0.0707
-0.4601
-0.2981
-0.6142
-0.3554
-0.1117
-0.1544
-3.0724
0.0124
-2.9559
0.2721
-0.4421
-0.9094
-0.0987
-0.4127
2.0291
-0.3425
0.3920
1.8545
0.5660
0.7517
1.0232
1.0564
-0.0030
-0.9117
1.5460
-0.7883
-0.4371
0.1119
1.4498
-0.8639
0.1011
0.0908
2.7140
0.4929
0.1755
-0.7506
-1.1027
-0.5448
2.2205
-0.2265
-0.2390
-0.0098
0.0390
-0.0025
0.5801
-0.9274
0.4734
-0.2172
-0.8256
0.2812
-1.2830
0.4045
0.2387
0.1137
1.9039
-0.8285
-0.2775
-0.0688
-0.6367
-0.4295
-0.3503
-0.4443
-0.3312
-0.3210
-0.4378
0.5645
-2.2090
-0.3125
-2.9302
-0.4288
-0.1467
-0.6821
-0.1925
-0.1741
3.6830
-0.3423
0.1162
1.1900
1.2784
0.4233
-1.0052
0.3314
1.0178
0.4623
0.7652
-0.0478
-0.2911
0.9496
1.8125
-0.2936
-0.0611
0.0967
1.7267
-0.5579
0.0449
-0.3169
-2.4470
0.2196
-2.8822
0.6346
-0.7932
-0.2281
-0.4897
-0.4167
1.9658
-0.9365
0.7442
1.1750
-0.1784
0.2601
0.1259
0.5480
0.0712
-0.7340
1.5281
-0.3657
-0.7748
0.3200
2.0588
-0.8461
-0.5073
1.0538
3.2188
0.3081
-0.1579
0.0343
-1.2433
0.3752
1.6276
-0.1241
0.0177
-0.4189
0.2145
-0.7442
0.1347
-0.6219
0.2528
0.3206
-0.9371
-0.4350
-1.1460
0.1644
0.1910
1.2033
-0.1056
-0.5583
0.4201
0.6460
-0.5648
-0.0500
1.6032
0.2922
0.9551
-0.2330
1.1038
-0.4743
-1.8435
-0.2834
-0.7735
-0.1889
-0.4990
-1.6228
-0.0480
-1.3021
-0.3846
-1.0184
2.8517
-0.9017
4.3663
0.7968
-2.5486
-0.8671
0.2955
-0.7195
-0.7162
-0.9811
-0.1701
-0.0583
0.0452
0.5902
-0.0588
-0.5186
1.6663
-0.6520
-0.0329
-0.3320
-0.7369
-0.6413
1.7961
0.2622
0.4191
-0.7619
0.3034
0.3657
-0.4473
-0.6817
-0.8677
-0.4998
-0.8090
-0.2194
-1.2479
0.2334
-0.3287
0.1794
0.2204
-0.8186
-0.1897
-0.1878
-0.6311
-0.2736
-0.3148
0.0635
0.2723
-0.6724
-0.5206
-0.5421
-0.4880
-0.5509
1.7018
-0.7401
1.5082
-0.8347
-0.4237
-0.7380
-0.2620
0.4322
-0.6212
-0.0237
0.0424
-0.2485
-0.8236
-0.7528
-0.1213
1.5429
0.5863
-0.4136
-0.0332
-0.1668
-0.6420
-0.6889
-0.0945
0.6886
0.8795
-0.7347
-0.3762
-0.5706
-0.9050
-0.6597
2.0861
-0.4691
-0.8502
-0.5623
-0.5224
-0.3307
-0.6869
-0.6848
0.7220
-0.0584
0.2374
-0.5544
-1.5737
0.0298
-0.3273
-0.2502
0.0648
-0.7624
-0.2246
-0.2882
-0.1696
-0.2888
-0.3814
-0.4097
-0.0393
-0.6220
-0.6376
-1.1827
-1.2095
0.0813
0.1647
0.5577
-0.8078
-1.0360
-0.6747
-1.4697
0.0753
-1.0984
1.8967
-0.5548
3.3195
0.2748
-0.7801
-0.8600
0.0593
-0.3545
-0.5705
-0.9828
0.7514
-0.1646
-0.5001
-0.9906
1.8401
1.0410
0.8206
-0.5243
0.1675
-0.5684
-2.2697
0.2047
-2.9854
-0.3878
-0.7131
-0.6731
-0.0707
-0.8668
3.4914
0.1459
-0.0663
0.4354
1.2146
0.6801
0.4184
0.4653
0.0073
0.2215
0.4142
-0.4310
-0.4894
0.2893
0.6607
-0.7916
0.3349
0.4007
2.0372
-0.3238
0.0796
-0.8387
-1.2896
-0.0372
0.0948
0.1314
-0.9399
-0.9149
-0.6512
-1.3462
-0.1293
-1.1608
2.0172
-0.3922
3.4962
0.1069
-0.5035
-0.0795
-0.2580
-0.3287
-1.1957
-0.8434
0.2366
-0.3081
0.3484
-0.9983
-0.1376
1.5318
0.7238
-0.5322
0.9573
-0.1291
-2.0147
0.1090
-2.7887
-0.3684
-0.0452
-0.2125
0.0188
-0.4913
2.5271
-0.4777
0.3764
1.1010
0.5241
0.5877
-0.1635
0.7100
0.3339
-0.3051
1.0642
-0.2938
-0.3838
0.2036
1.3133
-0.4351
-0.1344
0.5058
2.5452
0.4123
0.5201
-0.5585
1.9534
-0.8508
0.2724
-1.6410
2.7253
-1.4595
0.1501
1.2486
-3.1735
1.5674
-0.0360
-1.5697
-0.9684
0.9357
-0.6270
1.6759
-0.3104
0.1134
0.2315
-0.2586
1.4528
-0.5330
4.0438
-1.9216
-2.0493
1.5742
-1.1283
1.8428
-0.8808
-0.5220
-0.6633
-0.6924
1.7534
-0.7552
-0.6709
-0.4493
-0.3812
-0.5380
-0.7649
-0.6225
0.4648
-0.4632
1.1709
-0.5349
-0.9617
1.1058
0.5526
0.3880
0.1512
-0.4844
-0.2460
0.1612
-0.0338
-0.2914
-0.6136
0.1306
1.2050
-0.8740
0.0919
-0.7778
-1.2025
-0.5565
2.5620
-2.2056
-0.6941
-0.5662
-0.3699
-0.8839
-0.5541
-0.7938
-0.4962
-0.1892
-0.9765
-0.4458
-1.5550
-0.2574
-0.1638
-0.5875
-0.6345
-0.8268
-0.6173
-0.2100
-0.4364
-0.2521
-0.4941
-0.2773
-0.7325
-0.7836
-0.2632
0.0521
-1.9789
0.3333
-1.7210
-0.2043
-0.4428
-0.6497
0.4072
-0.9045
3.6571
-0.1827
-0.3061
0.5884
0.9286
0.3666
-0.5090
-0.3948
0.2805
0.2992
0.1513
-0.0274
-0.2103
0.4705
0.4167
-0.5547
0.8774
0.9405
1.2704
-0.5580
0.3239
-0.6024
-0.6792
-0.2859
1.0443
-0.1765
-0.6211
0.1036
0.0865
0.0248
-0.2740
-0.4028
1.2605
-0.5182
-0.0981
-0.1101
-0.6535
0.7075
0.0437
1.4873
1.0271
-0.4425
0.7469
-0.3254
-0.3422
-0.3251
-0.2577
-0.4831
-0.4597
-0.8770
-0.3715
0.7569
-2.2416
0.1767
-2.7935
-0.5084
-0.1640
-0.4684
-0.0294
-0.2047
2.8959
-0.0247
-0.0576
0.0050
1.0365
0.1635
-0.2144
0.1684
0.2193
0.1877
1.0736
-0.2556
-0.2129
0.4008
0.5446
-0.6278
-0.2706
0.2643
1.8138
0.0762
-0.5381
0.2494
-0.8036
1.6893
-3.1928
-0.8171
-0.0068
1.2091
1.1758
-0.3525
-1.6446
0.0602
0.6014
0.8408
1.3767
1.1439
2.6365
-0.9186
-0.6445
-0.0317
1.0247
0.3450
1.3336
-0.4038
0.3081
-1.0860
2.1645
-0.1815
-1.6128
0.0166
-0.4013
-1.5179
0.2929
1.0071
-3.7402
1.8898
-1.4257
0.9711
0.4572
1.2629
0.8451
-1.4609
1.7426
-0.3319
3.3326
-1.1004
0.1488
-0.5011
-0.4557
-0.8778
-0.4626
1.6019
0.9370
0.2009
-0.6146
1.4231
1.8315
-0.5378
-1.0466
0.1105
-0.0790
-0.7385
-1.4937
-0.6216
0.2259
1.8862
-0.7156
-0.8246
-0.5175
-0.6768
-0.7934
-0.7558
-0.6174
0.0297
2.2782
-0.7382
-1.5760
-0.1689
-0.3452
-1.9770
-0.6176
-0.7106
-0.5261
-0.6520
-0.4252
-0.1038
-0.6206
-0.7725
-0.6423
-1.0478
-0.4319
0.6083
-0.4836
1.5116
-2.3680
-0.0270
-0.8297
-0.2136
2.1065
0.0391
0.2603
0.1551
0.8667
0.8652
2.0303
-0.3174
1.8908
-0.8475
-0.2705
-1.1253
0.0737
1.0283
0.3335
-0.7327
0.6757
0.0265
0.7732
-0.7104
-0.9900
0.1997
0.5873
-0.8171
-1.3188
0.0659
-0.5445
0.7726
-1.0002
-0.9171
-0.6040
-1.4104
0.3071
-1.0546
1.9661
-0.4443
3.0184
0.1055
-0.3188
-0.3959
-0.3080
-0.4306
-0.5363
-0.9392
0.3078
0.1416
-0.0755
-0.9485
-0.3734
1.4002
1.0994
-0.2793
0.1050
-0.0972
-2.2329
-0.1989
-3.0514
-0.7693
-0.2677
-0.4579
-0.4085
-0.0536
2.2990
-0.6367
1.0039
1.0360
1.0564
0.1677
-0.5542
1.1776
-0.3646
0.2365
0.7134
-0.1563
-0.6052
0.6128
1.4316
-0.7794
-0.4126
0.6068
1.6749
0.5531
-0.1367
-1.0411
-0.5962
-0.3516
-2.6822
-1.2196
-0.7168
-0.8991
-0.7145
-1.2946
-1.1190
-1.2493
1.0456
-1.0303
4.8867
-0.4519
-1.1297
-0.5622
0.2504
-0.9006
0.3614
-0.6979
0.0299
-0.0350
0.0023
-0.8621
0.7771
-0.4009
-0.7421
2.2247
-0.0484
-0.9943
-0.7360
-0.5682
0.1464
-0.1225
-0.9854
-0.9086
-0.5394
-1.1681
-0.5602
-0.9438
1.3126
-0.5891
3.1149
-0.2072
-0.9826
-0.2824
-0.0123
-0.4076
-0.3634
-0.7296
-0.1989
0.3354
-0.4040
-0.7054
0.0979
0.7245
1.3506
0.6834
-0.3533
-1.1387
-1.7358
-0.7636
1.4843
-2.3706
1.6655
-0.6479
0.9501
1.8866
-1.1731
-0.8174
-0.5674
-0.5349
-0.7748
-0.2686
-1.5295
0.9132
-0.4871
-0.0450
0.9230
-0.9434
-0.1631
0.0868
-0.5371
-0.6078
-0.7366
1.7080
0.9674
-0.5680
-0.3651
-0.6910
-0.7198
-0.5533
0.9715
0.5474
-0.5533
-0.4797
-0.4531
-0.8329
-0.5833
-0.7609
-0.6475
-0.4475
-0.5024
-0.5805
-1.1949
-0.2612
-0.1881
-0.6496
-0.4843
-0.5636
-0.4012
0.0412
-0.5066
-0.3805
-0.6779
-0.4736
-0.7457
-0.4591
-0.6371
-0.6037
-0.7881
0.9264
-2.4895
-0.9471
0.2356
-0.9732
1.2509
-0.0823
0.3043
0.5844
0.1845
0.5674
1.6782
0.0594
1.8410
-0.6903
0.3898
0.7428
0.4322
-0.1698
2.1637
-0.4442
0.2415
0.3502
1.5923
-0.5012
-0.3835
-0.8688
0.4026
-0.4536
-1.4731
0.3055
-2.1023
-0.6059
-0.4754
-0.4300
0.0521
-0.8258
2.5787
-0.3779
0.3779
1.4980
0.7893
-0.0672
-0.5398
0.0099
-0.0214
0.3580
0.0142
-0.3207
-0.3458
0.5962
-0.0033
-0.4961
0.7680
0.2798
1.5585
0.1976
0.6646
-0.5136
-1.0199
-0.3322
1.7332
-1.9015
-0.7005
-0.5543
-0.2356
-0.8732
-0.5624
-0.6684
-0.6369
-0.4661
-0.5029
-0.3667
-1.2393
0.1960
-0.2984
-0.5055
-0.4552
-0.5685
-0.2333
0.4700
0.0341
-0.0471
-0.5497
-0.3664
-0.3682
-0.8036
-0.3732
-0.1868
-0.7312
0.1631
0.0077
0.4104
-0.1041
-0.1112
-0.0567
-0.3070
1.3352
-0.1981
0.0355
0.2986
0.7493
0.3054
-0.9156
-0.1358
-0.0907
-0.2602
0.3968
-0.2738
-0.1356
0.9004
0.5613
-0.3362
0.0459
0.7582
0.7787
-0.2094
0.1578
-0.8287
-1.3779
-0.5248
-0.7297
0.1693
-0.6279
-0.6490
-0.2047
-1.0614
0.1291
-0.8805
1.9245
-0.5834
2.7635
-0.2458
-0.6768
-0.1497
-0.2176
-0.1724
-0.7269
-0.6400
0.4696
-0.2742
0.3078
-0.7462
-0.3394
1.3475
0.6395
-0.8977
-0.1746
-0.5966
-1.5823
-0.0109
-1.5007
-0.7008
-0.3846
-0.3226
-0.0015
-0.7886
2.8998
0.4411
-0.3319
0.4333
0.9398
0.1286
-0.5922
-0.3991
0.3074
-0.2076
0.5948
-0.6033
-0.1173
0.8678
0.4944
-0.5185
0.7595
0.2461
1.0701
-0.4357
0.1204
-0.7511
-0.4900
-0.5218
-0.5976
-0.3103
-0.1661
0.2406
0.1845
-0.6193
0.7609
-0.6276
-0.0911
-0.3620
0.6315
0.2094
-0.8487
0.7984
0.4195
-0.1169
1.2718
0.0051
-0.4995
0.7935
0.3770
-0.2223
-0.4230
-0.0043
1.8895
0.8657
-0.5961
-0.4508
-1.8954
0.0077
-2.1554
-0.3983
-0.0580
-0.3581
0.2847
-0.6234
1.8284
-0.0474
-0.1846
0.1713
0.4530
-0.1540
-0.5804
-0.0958
0.1051
-0.0113
1.0056
-0.3000
-0.3965
1.2015
0.4337
-0.5826
0.0702
0.6649
1.8881
0.5095
0.0831
-0.4102
-1.5842
-0.6585
-1.4803
-0.7847
-0.3460
-0.4585
-0.4011
-0.6804
2.6737
0.2476
-0.3012
-0.7348
0.9459
0.0148
-1.2611
-0.2220
0.5041
-0.3437
0.8412
0.0254
-0.5690
0.2902
0.1089
-0.6074
-0.5123
-0.3384
2.2144
0.2633
-0.5097
-0.7176
-0.1567
-0.7250
0.5189
0.4125
-0.0280
-0.3141
-0.5596
-0.1436
0.5243
0.3919
-0.6258
-0.3831
-0.2361
-0.4256
-0.0756
-0.3565
0.6910
-0.5364
0.5604
-0.7733
-0.6902
0.8098
-0.1679
-0.5123
-0.6231
-0.5781
-0.5805
0.2482
-0.5435
-0.5625
-0.9739
0.0916
-2.6209
-0.8569
-0.5130
-0.5315
0.2295
-1.0613
2.6456
-0.1486
-0.7339
1.5460
1.6222
0.0264
0.1943
-0.6466
0.3036
-0.6484
0.3230
-0.3140
-0.5146
1.0607
-0.1285
-0.6496
1.0376
0.3517
-0.3227
0.4488
0.0317
-0.5296
-1.6535
0.0147
-2.0475
-0.3036
-0.4694
-0.4255
-0.0781
-0.8997
2.2386
0.4863
0.1520
0.5578
1.0653
-0.0595
-0.3264
-0.6641
0.3235
-0.1914
1.0817
-0.4861
-0.3581
0.9501
0.2633
-0.7356
-0.0309
0.1834
0.8882
0.2872
0.2972
-0.0892
-1.0698
-0.6944
-0.3572
-0.9953
-0.1610
-0.6201
-0.1340
-0.3398
0.5996
0.8400
0.0770
-0.4326
1.3572
0.0466
-0.7512
0.6652
-0.1170
0.6201
-0.4164
0.2485
-0.1896
-0.4517
-0.2778
-0.5185
-0.4201
0.0039
1.2445
-0.8633
-0.6169
-0.6194
-0.5657
0.1484
0.2796
-0.7550
-0.1811
0.1967
-0.0862
-0.3815
-0.2323
-0.4725
0.0143
-0.4211
-0.1656
-0.1654
-0.6260
0.3141
0.1822
0.2362
0.0959
-0.4908
0.0294
-0.3402
-0.1071
-0.4809
0.1327
-0.2870
-0.0434
-0.1657
-0.0804
-0.3710
-1.0753
-0.5208
-0.7166
-0.6145
0.1904
-0.4443
-0.3597
-0.0100
0.1966
-0.1506
0.6135
-0.1005
0.4162
-0.0574
-0.7605
0.8029
-0.1647
0.7129
-0.2434
0.1141
0.2425
-0.2256
0.2990
-0.5810
-0.0986
0.6886
1.5589
-0.3614
-0.4757
-0.5499
-1.2834
-0.8285
-1.1192
1.3745
-0.0405
-0.1879
-0.3835
0.4151
-0.5547
-0.7891
1.0253
-0.4505
0.5614
0.0371
-1.0397
1.2563
-0.2990
0.4016
-0.1789
-0.5900
0.3450
0.0737
0.2877
-0.2615
-0.5391
-0.4911
1.9996
-0.6395
-0.7049
-0.2831
-0.4173
-0.0904
0.0117
0.1941
-0.2880
-0.3141
-0.2816
-0.6071
0.4885
-0.5466
-0.3568
-0.0577
-0.2718
-0.1254
-1.0583
-0.3947
-0.1273
0.7559
0.3731
-0.3600
-0.2067
0.3844
0.0576
-0.4233
-0.0471
0.0629
0.3130
0.1414
-0.3590
-0.4500
-1.0069
-0.5141
0.2668
-0.0404
-0.3052
-0.3088
-0.1461
-0.5018
-0.2475
-0.6097
0.1233
-0.2880
-0.1682
0.0369
-0.7853
0.3069
-0.2459
0.4519
-0.3383
-0.6962
-0.0944
-0.3992
0.0071
-0.5464
-0.4916
-0.1368
0.1901
-0.5047
-0.4055
-0.5568
-0.1008
-0.5802
-0.1691
-0.5884
-0.2319
-0.1543
-0.3608
-0.4225
0.5851
-0.6501
0.0787
-0.2145
0.5628
-0.2892
-0.9201
0.2661
0.0930
-0.3313
0.6606
-0.4227
-0.3514
0.2314
0.3534
-0.7747
-0.4543
0.2466
0.5755
0.6403
-0.5224
-0.4534
-1.4594
0.4186
-2.5924
-0.9654
-0.2746
-0.4679
-0.0600
-0.6407
2.0562
0.0454
0.1624
0.6982
0.0411
0.1482
-0.3202
-0.1076
-0.3420
-0.1499
0.0963
-0.2308
-0.1616
0.1223
0.4824
-0.4847
-0.0806
1.1975
1.8795
-0.5660
-0.0045
0.4964
0.1587
-0.7047
-1.9363
-1.1146
-0.7445
-0.9247
-0.4347
1.4368
-0.4761
-0.0978
-0.0389
-0.2536
-0.5636
3.4885
-1.7016
-0.5275
-0.2611
-0.8579
-0.9131
-0.4736
-0.5349
-0.4104
-0.6261
2.5769
-0.6303
-0.5538
-0.5279
-0.9754
-0.4349
-0.2572
-0.7178
-0.4857
-0.9099
-0.1871
-0.0120
-0.2093
-0.0401
-0.4209
0.3980
0.0562
-0.0327
0.1545
0.7631
0.1202
-0.7594
0.3980
0.0528
0.3495
0.2564
0.2919
0.1031
0.1150
0.0811
-0.1046
-0.0404
0.1586
1.1659
0.0274
-0.1301
-0.4628
-0.9278
-0.3883
-0.2343
0.3219
-0.3223
-0.5083
-0.4029
-0.5234
0.5023
-0.2476
-0.3270
-0.2406
-0.1651
-0.3314
-1.0635
-0.3404
-0.2248
0.0485
0.1471
-0.4845
-0.1289
-0.1553
-0.3102
-0.7000
-0.4410
-0.2729
0.3037
-0.1156
-0.4851
-0.1463
-0.8030
1.1624
-2.2425
-1.0214
-0.9261
0.0910
1.5048
1.0413
-1.0159
-0.7008
-0.0527
0.3896
1.0911
-0.4627
1.2869
-0.6565
0.3715
-0.8759
-0.2498
0.2745
0.5150
-0.1423
-0.1128
0.2178
1.6928
0.4361
-0.9878
-0.3465
0.9225
-0.5680
-0.9136
-0.5883
0.3739
-0.7142
-0.6248
-0.6660
-0.3262
-0.6761
-0.6251
-0.5057
-0.3914
-0.3161
-0.4302
-0.3926
-1.2705
-0.3392
-0.3973
0.7197
-0.5153
-0.5698
-0.4831
-0.4091
-0.3970
-0.4700
-0.5622
-0.4721
-0.4875
-0.5276
-0.4362
-0.5357
-0.8420
-0.5327
-0.4203
-0.4620
-0.3219
-0.4183
-0.1428
-0.4346
0.0304
-0.4498
0.0064
0.0983
-0.1261
-0.0685
-0.6380
0.4710
-0.0975
0.4868
-0.3949
-0.2314
-0.1286
-0.1765
-0.0518
-0.2096
-0.3441
0.1657
0.6503
-0.3376
-0.3583
-0.1722
-0.9056
-0.4449
-0.7818
0.0558
-0.2099
-0.5675
-0.2679
-0.3012
0.0732
-0.5602
0.2261
-0.2699
0.1084
0.0047
-0.9239
0.2685
-0.0009
0.2666
0.2024
-0.5335
-0.3650
0.0179
0.4798
-0.4515
-0.3865
0.2087
0.8352
-0.1614
-0.4458
-0.5792
-0.5157
-0.4112
-0.6819
0.2518
-0.5190
-0.0906
-0.3506
-0.6190
0.9887
-0.2938
-0.4338
-0.0143
-0.0033
-0.1809
-1.0190
-0.3252
0.2029
-0.0447
0.6505
-0.2462
-0.3271
0.8345
-0.1380
-0.3562
-0.4676
-0.2968
0.2101
0.6035
-0.2835
-0.7011
-0.7512
-0.3366
-0.2006
0.7214
-0.5365
-0.7118
-0.4187
-0.7533
-0.5480
-0.6717
-0.4080
-0.2304
-0.5869
-0.5872
-1.1425
-0.4483
-0.2963
0.3733
-0.5168
-0.5494
-0.4004
-0.3319
-0.4141
-0.5512
-0.6025
-0.4378
-0.7607
-0.6387
-0.7092
-0.5623
-0.9272
-0.5218
0.1405
-0.7706
-0.4391
-0.6266
-0.3296
-0.6465
-0.6517
-0.7347
-0.0870
-0.4333
-0.5570
-0.4800
-1.2259
-0.2802
-0.2969
-0.0717
-0.5977
-0.6023
-0.5504
-0.5089
-0.5573
-0.5913
-0.4066
-0.2834
-0.5355
-0.7031
-0.4044
-0.4928
-1.0687
-0.5716
-0.5029
0.9041
-0.5947
-0.7118
-0.4102
-0.5945
-0.3634
-0.5601
-0.0638
-0.4440
-0.7585
-0.2845
-1.1959
-0.3536
-0.3734
0.2580
-0.4644
-0.4090
-0.3760
-0.3443
-0.3786
-0.5114
-0.5139
-0.2627
-0.5425
-0.6431
-0.5101
-0.4715
-0.8504
-0.3695
-1.9704
-0.8999
-0.3718
-0.1380
-0.2311
-0.8782
2.0060
0.1750
-0.2899
-0.0980
0.9107
-0.3932
-0.6539
-0.4041
-0.0344
-0.2333
0.4329
-0.1194
-0.3994
0.2696
-0.2030
-0.6363
-0.3808
-0.5522
1.0280
0.2772
-0.4148
-0.6261
-1.0523
0.7799
-2.6362
-1.1334
-0.3602
0.7443
2.1059
-0.4181
-0.6451
-0.0988
-0.1247
-0.0223
1.6823
-0.4448
1.1786
-0.3184
0.0023
-0.5656
-0.6776
-0.1991
0.2938
-0.4713
0.4493
-0.2503
1.5048
-0.5089
-0.9751
-0.7527
-0.1139
-0.2345
-1.0669
0.2186
-2.4577
-0.7517
-0.3366
-0.4012
0.1878
-0.7884
0.8519
-0.4199
-0.2323
0.7795
1.4192
-0.2781
-0.1897
-0.6046
-0.2632
-0.4575
0.4578
-0.4827
-0.2691
-0.1382
-0.0643
-0.4328
0.0075
0.0879
0.3970
0.4827
0.3006
-0.4447
-0.7650
-0.5144
-1.0213
-1.0575
-0.3663
-0.5251
-0.0412
-0.4031
-0.1595
-0.5219
0.0761
-0.1167
0.6358
0.0154
-0.7080
-0.0420
-0.3197
-0.1154
-0.3175
-0.2152
-0.1861
-0.2157
0.0960
-0.5295
-0.3954
0.0340
0.7005
-0.2519
-0.2137
-0.3977
-0.5106
0.0034
-1.7896
-0.0274
-0.2700
-0.4632
-0.2567
-0.5986
0.2168
-0.2649
-0.2143
-0.1656
0.9805
-0.1625
-0.6135
-0.1463
0.1368
0.1614
0.3058
0.0061
0.5698
0.1689
-0.2839
-0.6520
0.7641
-0.0719
-0.6020
-0.1392
0.8077
-0.5021
-0.3857
-0.0249
-1.8604
-0.6458
-0.2017
-0.0542
-0.0312
-0.3996
0.5116
-0.5486
-0.2750
0.0549
0.3074
-0.1958
-0.6342
-0.3510
0.0909
-0.5327
0.4613
-0.1647
-0.4048
0.2057
0.0146
-0.7101
-0.2305
0.0514
0.1465
0.7440
-0.1674
-0.2089
-0.6936
0.4498
-2.5415
-0.4653
-0.7744
-0.6082
1.4466
-0.1429
-0.7366
-0.5028
-0.0332
-0.0106
1.4428
-0.2997
0.8495
-0.3079
0.7082
-0.6509
0.0183
0.1359
-0.4020
-0.2170
-0.3108
-0.0015
1.0092
-0.4913
-0.8898
-0.5397
1.3964
-0.4926
-0.7706
-0.5470
-0.8501
-0.4807
-0.4959
-0.2669
-0.0672
-0.7862
-0.4570
-0.6306
0.0094
-0.4972
-0.2921
-0.2096
-1.0242
0.1811
-0.1671
-0.2429
-0.4315
-0.5518
-0.0412
-0.1672
0.1183
-0.5583
-0.4644
-0.1846
0.2888
-0.8293
-0.3939
-0.3420
-1.0546
-0.3747
-1.9274
-0.9135
-0.4553
-0.4105
-0.2968
-0.7579
1.1694
-0.3475
-0.3619
0.6717
0.4534
-0.3251
-0.5130
-0.5892
-0.1827
-0.7625
0.6665
-0.4219
-0.2929
-0.1389
-0.2428
-0.5572
-0.0892
-0.0095
0.1875
0.5300
-0.4767
-0.4590
-0.8744
-0.5451
-1.6647
-0.7202
-0.1824
-0.3566
-0.2578
-0.3428
-0.1499
-0.4480
-0.0073
-0.4053
0.0187
-0.1813
-0.8372
-0.0073
-0.1791
-0.2147
0.2487
-0.5400
-0.1356
-0.2395
0.0018
-0.4160
-0.4639
0.0117
0.7733
-0.4206
-0.4831
-0.6976
-0.9070
-0.4158
-0.6640
-0.4941
-0.5561
-0.6611
-0.4206
-0.5972
-0.5998
-0.7184
-0.2756
-0.4005
-0.5880
-0.2003
-1.0761
-0.3026
-0.4135
-0.4249
-0.6705
-0.5281
-0.5740
-0.4644
-0.2841
-0.6836
-0.4238
-0.4075
-0.5816
-0.5559
-0.4649
-0.4429
-0.8466
-0.5066
-0.4413
-1.3472
-0.7026
-0.5506
-0.3686
-0.7478
-0.5379
-0.6927
-0.3047
-0.3125
-0.7527
-0.4691
-1.1266
-0.3142
-0.4055
-0.7630
-0.4626
-0.5440
-0.3621
-0.4560
-0.3645
-0.5849
-0.5596
-0.4944
-0.5670
-0.6774
-0.4832
-0.3600
-0.8708
-0.4098
-2.3918
-0.9037
-0.0727
-0.5453
-0.2731
-0.3900
0.9841
0.1241
-0.1299
-0.4374
0.3304
-0.2264
-0.6222
-0.1946
-0.0794
-0.0193
-0.1351
-0.0378
0.1923
-0.2289
-0.4884
-0.5174
-0.0674
-0.0894
0.8665
-0.7492
-0.3831
-0.6864
-0.6509
-0.5201
-1.8559
-1.1545
-0.4305
-0.6292
-0.3935
-0.4874
0.2661
-0.4162
-0.3132
-0.6061
0.1485
-0.1691
-0.8429
-0.2377
-0.1243
-0.6433
-0.0871
-0.4083
-0.1750
-0.2124
-0.2864
-0.7400
-0.6499
-0.4093
0.1609
-0.4084
-0.5389
-0.3861
-0.8165
-0.4114
-1.1553
-0.5300
-0.6780
-0.5596
-0.2808
-0.6108
-0.5205
-0.7935
-0.3992
-0.3593
-0.4445
-0.3830
-1.1357
-0.4527
-0.2562
-0.5212
-0.6001
-0.6468
-0.2611
-0.2038
-0.3210
-0.6563
-0.4190
-0.5752
-0.6484
-0.7185
-0.5945
-0.7137
-0.2421
0.0007
-2.4269
-0.9056
-0.5469
0.7112
-0.3057
-0.6408
-0.2998
-0.1844
-0.3161
-0.1905
-0.8427
-0.3533
-0.6898
0.1461
-0.2420
-0.7275
-0.2297
-0.0508
-0.5072
-0.4699
-0.1253
-0.5238
-0.4141
-0.6378
-0.4169
-0.5422
-0.5244
-0.6626
-0.9444
-0.4811
-1.5949
-0.0798
-0.5508
-0.4992
-0.3533
-0.7531
-0.4561
-0.6377
-0.3159
-0.2516
-0.6469
-0.3020
-0.9418
-0.5028
-0.3657
-0.7094
-0.6493
-0.5440
-0.5735
-0.3488
-0.3409
-0.6712
-0.4788
-0.4132
-0.4514
-0.5771
-0.5588
-0.4913
-0.9650
-0.3987
-1.5083
-0.9050
-0.5945
-0.7184
-0.2773
-0.6453
-0.7432
-0.6117
-0.3374
-0.2767
-0.7158
-0.4460
-1.1237
-0.4869
-0.2925
-0.8026
-0.4857
-0.4848
-0.3365
-0.4415
-0.3789
-0.5186
-0.5696
-0.4821
-0.5876
-0.5359
-0.4384
-0.5422
-0.8281
-0.4570
-2.3685
-1.1782
-0.3754
-0.5159
-0.1667
-0.7581
0.1017
-0.3151
-0.2469
-0.2681
0.2689
-0.2721
-0.8378
-0.4458
-0.1147
-0.6539
-0.4393
-0.3738
-0.2230
-0.4716
-0.2417
-0.4991
-0.1943
-0.2517
-0.4564
-0.4176
-0.3961
-0.3822
-0.8888
-0.5608
-1.4992
-0.8989
-0.6193
-0.5612
-0.3512
-0.6554
-0.5004
-0.7109
-0.4464
-0.2231
-0.7913
-0.4782
-1.0807
-0.3775
-0.1559
-0.5554
-0.4790
-0.4631
-0.4614
-0.3459
-0.1857
-0.7877
-0.4383
-0.4366
-0.5885
-0.7403
-0.5354
-0.6040
-0.9547
-0.5853
-1.5038
-0.9033
-0.6592
-0.5296
-0.3136
-0.5605
-0.5397
-0.6067
-0.4482
-0.4374
-0.6814
-0.2928
-1.2629
-0.4241
-0.2461
-0.4589
-0.4148
-0.6241
-0.3504
-0.4233
-0.3271
-0.6224
-0.4135
-0.3741
-0.4455
-0.6220
-0.6618
-0.4845
-0.9131
-0.5114
-2.4315
-0.9006
-0.4670
-0.5121
-0.3543
-0.6854
-0.1824
-0.3763
-0.2985
-0.3345
-0.5185
-0.1225
-0.8891
-0.4755
-0.3166
-0.4938
-0.4265
-0.6496
-0.2562
-0.2648
-0.4997
-0.5226
-0.3907
-0.4327
-0.1129
-0.6309
-0.5802
-0.6493
-0.9286
-0.5371
-1.9020
-0.9332
-0.6379
-0.4541
-0.4162
-0.6917
-0.5833
-0.6060
-0.4418
-0.3263
-0.8170
-0.3794
-1.0856
-0.3810
-0.2027
-0.9100
-0.5333
-0.4685
-0.4169
-0.3919
-0.3996
-0.5183
-0.5153
-0.4124
-0.5933
-0.6013
-0.4268
-0.5934
-0.9564
-0.5816
-1.9281
-0.9824
-0.6930
-0.5588
-0.3261
-0.6674
-0.4832
-0.5007
-0.3514
-0.4008
-0.7772
-0.4648
-1.0826
-0.5486
-0.4700
-0.4973
-0.3974
-0.4712
-0.3370
-0.4547
-0.2589
-0.7710
-0.4163
-0.4429
-0.5393
-0.5088
-0.4495
-0.5380
-0.9019
-0.3470
-2.3581
-1.0653
-0.3621
-0.5000
-0.2898
-0.6656
-0.1619
-0.5621
-0.3486
-0.2907
-0.4667
-0.4497
-0.8667
-0.4189
-0.4080
-0.6272
-0.5252
-0.6831
-0.3101
-0.2098
-0.1059
-0.6249
-0.4317
-0.1737
-0.3478
-0.6669
-0.4765
-0.6127
-0.8804
-0.5923
-1.9403
-0.5131
-0.6271
-0.6775
-0.4692
-0.5515
-0.6609
-0.7022
-0.3689
-0.2835
-0.7605
-0.5665
-1.0334
-0.3388
-0.2507
-0.6188
-0.5425
-0.4986
-0.4381
-0.3384
-0.4553
-0.5469
-0.4629
-0.3846
-0.3709
-0.6794
-0.3726
-0.4706
-0.9675
-0.4232
-2.2073
-0.8974
-0.3712
-0.4016
-0.3236
-0.5502
-0.5702
-0.7913
-0.2228
-0.4559
-0.3815
-0.2978
-0.9758
-0.1182
-0.3014
-0.5411
-0.2385
-0.3132
-0.4809
-0.3444
-0.1063
-0.5456
-0.5687
-0.2317
-0.0261
-0.7004
-0.6656
-0.6193
-0.3468
-0.4591
-2.3931
-0.9293
0.1693
-0.5896
-0.3489
-0.5007
-0.5575
-0.1925
-0.1954
-0.5295
-0.5275
-0.4781
-1.0066
-0.4437
-0.3528
-0.7565
0.0205
-0.4839
0.2549
-0.5204
-0.4370
-0.6737
-0.4699
-0.4545
-0.4200
-0.5802
-0.6265
-0.0370
0.0428
0.2167
0.0856
-0.0745
0.0235
0.1363
0.2137
0.0058
0.0131
0.1397
-0.0311
0.1581
0.2684
-0.1925
-0.0094
0.0427
0.0896
-0.0332
0.1292
-0.0843
-0.1394
-0.0550
-0.2024
-0.1316
-0.1607
0.1932
0.2067
0.0690
0.0651

Direct connections:
