version: 10
file format: 0

training data file: /experimental/Erwan/tmp/tmp.train-lm-from-UD-corpus.sh.ETVTxZnoV.train
validation data file: /experimental/Erwan/tmp/tmp.train-lm-from-UD-corpus.sh.ETVTxZnoV.valid

last probability of validation data: -55365.508418
number of finished iterations: 9
current position in training data: 0
current probability of training data: -55210.036004
save after processing # words: 0
# of training words: 229217
input layer size: 181
hidden layer size: 30
compression layer size: 0
output layer size: 152
direct connections: 0
direct order: 3
bptt: 0
bptt block: 10
vocabulary size: 151
class size: 1
old classes: 0
independent sentences mode: 0
starting learning rate: 0.100000
current learning rate: 0.003125
learning rate decrease: 1


Vocabulary:
     0	         0	</s>	0
     1	     35302	32	0
     2	     17969	105	0
     3	     17880	111	0
     4	     17083	97	0
     5	     15599	101	0
     6	     12488	116	0
     7	     11706	110	0
     8	     10475	114	0
     9	      9624	108	0
    10	      7133	115	0
    11	      6832	99	0
    12	      4919	112	0
    13	      4632	100	0
    14	      4139	117	0
    15	      4105	109	0
    16	      3491	46	0
    17	      3051	118	0
    18	      2988	103	0
    19	      2836	104	0
    20	      2262	47	0
    21	      2081	77	0
    22	      1869	35	0
    23	      1744	102	0
    24	      1708	98	0
    25	      1604	58	0
    26	      1522	122	0
    27	      1216	73	0
    28	      1051	65	0
    29	       975	64	0
    30	       973	44	0
    31	       939	71	0
    32	       859	83	0
    33	       812	84	0
    34	       794	79	0
    35	       791	39	0
    36	       771	76	0
    37	       759	82	0
    38	       759	67	0
    39	       749	69	0
    40	       742	80	0
    41	       723	78	0
    42	       567	113	0
    43	       540	33	0
    44	       524	68	0
    45	       502	66	0
    46	       489	232	0
    47	       456	63	0
    48	       363	86	0
    49	       360	49	0
    50	       351	70	0
    51	       327	48	0
    52	       309	224	0
    53	       305	85	0
    54	       299	121	0
    55	       290	107	0
    56	       289	53	0
    57	       284	50	0
    58	       267	72	0
    59	       246	51	0
    60	       244	119	0
    61	       241	34	0
    62	       229	120	0
    63	       228	95	0
    64	       226	41	0
    65	       200	81	0
    66	       199	52	0
    67	       197	57	0
    68	       196	45	0
    69	       190	55	0
    70	       165	106	0
    71	       161	56	0
    72	       161	90	0
    73	       154	54	0
    74	       137	75	0
    75	       136	40	0
    76	       133	74	0
    77	       130	89	0
    78	       124	88	0
    79	       118	87	0
    80	       115	249	0
    81	        96	242	0
    82	        83	236	0
    83	        81	233	0
    84	        77	42	0
    85	        53	8220	0
    86	        35	8230	0
    87	        33	124	0
    88	        33	37	0
    89	        28	59	0
    90	        24	171	0
    91	        23	8221	0
    92	        21	187	0
    93	        20	43	0
    94	        18	200	0
    95	        15	60	0
    96	        15	8211	0
    97	        13	10084	0
    98	        11	91	0
    99	        11	93	0
   100	         8	9829	0
   101	         8	38	0
   102	         8	61	0
   103	         7	128514	0
   104	         6	225	0
   105	         5	8212	0
   106	         5	62	0
   107	         4	94	0
   108	         4	128525	0
   109	         4	176	0
   110	         4	128536	0
   111	         3	231	0
   112	         3	10024	0
   113	         3	127800	0
   114	         2	237	0
   115	         2	201	0
   116	         2	8364	0
   117	         2	8217	0
   118	         2	250	0
   119	         2	8216	0
   120	         2	128540	0
   121	         2	128149	0
   122	         2	128155	0
   123	         2	127744	0
   124	         2	127811	0
   125	         1	243	0
   126	         1	128522	0
   127	         1	58370	0
   128	         1	36	0
   129	         1	128561	0
   130	         1	170	0
   131	         1	128532	0
   132	         1	8206	0
   133	         1	246	0
   134	         1	180	0
   135	         1	128533	0
   136	         1	9786	0
   137	         1	128150	0
   138	         1	128142	0
   139	         1	128530	0
   140	         1	128524	0
   141	         1	192	0
   142	         1	8226	0
   143	         1	128527	0
   144	         1	9825	0
   145	         1	65039	0
   146	         1	128584	0
   147	         1	127801	0
   148	         1	210	0
   149	         1	128512	0
   150	         1	128159	0

Hidden layer activation:
0.0000
0.0000
0.0002
0.0000
0.0001
0.0055
0.4239
0.0002
0.0000
0.0208
0.0675
0.0002
0.0001
0.0010
0.0135
0.0013
0.0002
0.0076
0.9855
0.0000
0.0001
0.0182
0.0000
0.0006
0.0000
0.0002
0.0023
0.0000
0.0064
0.0646

Weights 0->1:
-0.0701
-4.8969
-1.4096
3.4121
4.0254
1.2209
-1.7623
-3.0574
-0.4017
-3.2616
-2.1593
-4.8997
-3.3794
-3.9148
0.4824
-3.1609
7.0802
-0.5875
-3.2503
-1.2870
-1.7645
-4.8836
-0.6739
-2.9142
-1.5281
-2.0231
-3.3450
-1.0894
0.1684
-0.7352
0.5053
-2.7519
-2.5861
-1.2183
-1.8968
-4.2126
-2.6246
-2.6130
-2.4555
-0.2311
-2.2898
-2.6493
2.0552
0.7297
-0.8890
-2.1254
2.0463
0.2194
-1.1344
-1.7155
-1.1891
-1.1855
2.2417
-1.6640
-1.0995
-1.5181
0.5218
0.6712
-1.7615
0.3908
-1.1396
1.9000
-0.1144
0.1643
0.6855
1.1853
-0.3720
0.1084
-0.3155
0.3950
-1.1961
0.5074
-0.8398
1.0335
-0.4764
-1.3678
-0.8319
-0.5835
-0.8661
-1.6588
0.7299
0.8385
1.2578
1.4857
-1.0495
1.1177
1.0035
0.9590
0.3539
-0.6974
0.8770
0.9911
1.5755
0.3467
0.8002
-0.1029
0.8394
0.2839
0.9082
0.6341
0.3323
0.7455
0.0165
-0.0568
0.3351
0.6609
0.2054
-0.1280
-0.1337
0.1550
0.3032
0.1002
-0.2826
-0.2028
0.2882
0.0926
0.4782
0.0785
0.0709
0.3264
-0.0808
0.1921
0.5566
0.3175
-0.1444
0.0123
0.2195
0.2991
0.0077
0.0841
0.1374
0.0378
0.1201
-0.2049
-0.0865
0.2118
0.2106
0.2830
0.1895
0.1671
0.3103
0.0780
0.2283
0.1309
0.1210
-0.0558
-0.0303
0.1946
0.0253
0.1373
0.1277
-2.3414
-1.9213
-1.1083
0.7092
1.5238
1.3884
0.4597
-0.3824
-0.3025
-1.9223
1.8066
0.0546
0.2307
2.2995
-1.6902
-1.8520
-1.7603
0.1854
0.0689
-0.9076
1.3774
-1.0393
-1.0064
1.0006
-2.7836
-0.0314
-0.2681
1.8186
-3.4017
-0.2661
-0.1371
-5.3362
-0.7226
-2.6061
-1.4350
-3.0340
0.7831
3.6495
1.1707
0.3869
-2.4621
-0.5084
-1.1337
1.3181
-1.3964
0.5175
0.3983
-0.2032
3.4861
-3.2738
-0.9693
-1.5444
-2.7337
-0.8930
1.1509
2.5114
2.9909
-2.1672
-1.6647
-2.8004
-0.7676
0.6068
-1.3526
2.7700
-0.7900
-1.7044
-0.4408
2.6628
0.7782
-1.8071
1.6313
0.5085
0.0193
-0.2682
0.3005
-0.9268
-0.9325
0.1595
1.1462
-1.7270
-0.1577
-0.7141
-0.4234
1.0771
-0.8870
0.5777
-1.6911
-1.0435
0.0572
-1.5875
-0.7966
-1.4019
-0.0912
-0.9564
-0.0430
0.1336
-1.7743
-0.5005
-1.5344
-1.4663
0.4230
-1.4914
0.3143
-1.2019
0.4260
-1.9338
-0.0724
-0.1477
-0.6577
0.6914
-0.1037
-0.3493
-0.2292
-0.4024
-0.8222
-0.7847
-0.3633
-0.6553
-0.1694
0.4411
-0.6608
-0.6413
-1.3158
-0.6718
-0.6270
0.3189
-0.5522
-0.5246
-0.6450
-0.6324
-0.5744
-0.5752
-0.2752
-0.1372
-0.1632
-0.3941
-0.4364
-0.0601
-0.1674
0.0639
-0.4550
-0.0485
-0.1138
-0.1541
0.0151
-0.1908
-0.4111
0.0556
-0.3833
-0.3185
-0.2186
-0.2683
-0.1835
-0.1204
-0.1557
0.0520
-0.0123
-0.1235
0.1980
-0.2219
-0.1791
-0.2091
-0.1525
0.0379
-0.0382
-0.2043
-0.2484
-0.0671
-0.2422
-0.1745
-0.1502
-0.0006
-0.2479
-0.1857
0.0936
-0.0710
0.0490
-0.2111
0.0866
-0.0564
-0.2844
2.1007
-2.9150
0.9692
-1.4078
0.6357
0.6900
-1.5261
0.7713
-0.0134
-6.1261
0.9975
-0.7791
1.1857
-4.9279
2.4870
0.0250
-6.3430
-4.3800
0.3857
0.3773
-2.7852
2.3387
-2.9757
-0.5713
-2.6038
-0.1845
-0.9302
-2.0386
-2.6596
-1.1507
-0.0263
-5.1352
-1.9765
-0.2130
2.2883
1.4271
-3.0540
-3.7012
-2.2953
-0.3709
1.4120
-2.9469
1.2853
-2.2891
-2.8810
1.9149
0.5641
-1.7757
1.8498
2.5143
0.6617
1.1149
-1.7450
-2.2273
5.4636
0.3125
-1.4406
1.2170
2.0266
0.2877
0.2108
0.4169
0.9215
0.1777
0.2134
-1.1398
0.8996
-0.2323
2.0603
3.5600
0.1480
0.6067
5.1896
-0.6782
-0.4019
-0.4555
-0.2793
0.0038
-0.6348
-1.1219
-0.0427
0.0814
-0.3681
-0.3682
0.1041
-0.0753
-0.1641
-0.1775
0.4070
0.1118
0.2783
-0.5438
-0.8367
-0.3272
-0.4512
2.8050
-0.3152
0.6323
-0.4419
0.0235
1.3894
0.0332
0.7799
-0.4907
0.2675
-1.0874
1.5481
0.5554
0.3246
0.8036
-0.1105
-0.3529
-0.2716
-0.1253
-0.3602
-0.2745
-0.2507
-0.3163
-0.6361
-0.1575
-0.2807
-0.3771
-0.5742
-0.1430
-0.2484
0.1268
-0.2906
-0.2024
-0.1523
-0.1992
-0.2838
-0.0839
-0.1467
-0.3601
-0.0635
-0.1972
-0.2321
0.0396
-0.0825
-0.0070
-0.1411
0.0077
-0.1853
0.0451
0.0146
-0.0647
-0.0795
-0.1263
0.0793
-0.0666
-0.0363
-0.2280
0.0196
0.0471
-0.1215
-0.2332
-0.2241
-0.0640
0.4010
-0.1795
-0.0943
-0.0849
0.0705
0.0677
-0.0914
-0.0320
0.0038
-0.2825
0.0109
-0.0834
-0.1205
0.0467
0.0175
-0.0350
0.1308
-0.1398
0.0571
-0.0774
-0.0979
-0.0062
0.0587
0.7302
-3.9350
-1.1510
0.5150
2.2628
-1.0330
2.1574
-1.0937
1.3709
-1.4455
0.2248
-1.8237
1.3773
-0.0138
-1.6062
-1.7096
-2.4973
0.1289
-1.4096
-4.9925
-1.0728
-0.4464
0.9763
-2.3234
-0.8363
0.6312
1.7952
-2.2445
-0.1413
-0.9539
0.1743
0.0589
-3.0325
1.3215
-1.8142
-3.4082
2.7663
-3.8318
0.3630
-0.5437
-0.6991
-1.8908
-1.3455
-3.7366
-0.1402
-1.9108
3.6716
-2.1959
-0.5136
2.0886
3.2072
0.6794
-1.5363
4.9498
-1.1377
2.8565
-0.5578
-2.4213
-0.5724
-1.5937
2.6273
-0.3795
-0.7979
-2.2138
1.0546
1.4023
-0.0565
-2.4917
-1.4124
-1.1877
-0.7304
-0.2962
5.0054
5.5681
-2.2235
-0.7899
-1.1883
3.6133
-1.9170
-1.2327
0.1971
-1.1797
-0.5874
-1.5031
0.4075
-1.9606
-1.9888
-0.6020
-0.9003
-2.4046
-1.0919
-1.7638
-0.2671
-0.8245
-2.0516
2.5515
-0.6923
-1.3567
0.2203
-1.0100
0.9513
-0.6204
0.0451
-0.6105
-0.5913
-1.4458
1.5049
-0.3045
0.1183
-0.6153
-0.0753
0.2894
-0.8273
-0.8879
-1.2609
-1.1264
-0.9589
-1.0957
0.9945
1.0001
-1.2425
-1.1894
-0.5929
-0.6809
-1.1868
-0.0240
-1.0991
-0.5910
-0.9133
-0.8579
-0.6930
-0.3329
-0.1963
-0.2467
-0.3046
-0.7934
-0.5550
-0.3616
-0.4633
-0.5091
-0.6302
-0.0430
-0.4264
-0.3094
0.0395
-0.1975
-0.5761
-0.4828
0.0147
-0.3390
-0.1988
-0.3450
-0.5002
-0.5148
-0.4296
0.0870
-0.2942
0.2472
0.0734
-0.4954
-0.0075
-0.4235
-0.2116
0.2055
0.0219
-0.0902
-0.2978
-0.1204
-0.3371
-0.3107
-0.4989
-0.1410
-0.1131
-0.1774
-0.1548
-0.0580
-0.0294
-0.5360
-0.0268
-0.3885
-0.3233
0.7488
3.7263
-0.4721
2.3541
-1.7770
0.8551
0.5965
-1.1191
-1.7373
-0.9800
-6.1788
-2.9129
-1.1786
-1.0898
0.7979
-1.1740
-1.0613
1.7857
0.4420
0.1675
-0.5292
-1.9796
-0.8940
1.1479
-0.7061
-1.0194
0.5112
-1.4470
-3.0218
-1.8523
0.0075
-4.2838
0.5295
-2.4613
-2.4835
-1.4736
-0.8335
-3.1329
-0.4905
-0.5761
-3.0209
-4.5143
-3.5936
-5.2154
-1.7912
-2.2015
-0.7231
-4.6728
-0.5250
2.6527
-2.7990
0.1149
-1.0427
-2.5979
-4.3146
2.1056
8.9056
-1.4070
-0.9358
-1.6631
1.4744
-2.3688
-2.0732
-2.4741
-0.7505
2.3415
0.5106
-2.4945
-1.3166
1.0229
-2.4212
-1.5135
-3.2345
3.3530
-2.0930
-0.7966
1.9939
3.0881
-2.0136
-1.1807
-0.5398
-1.3919
2.7064
-1.4850
0.2068
-0.8563
0.3203
-2.1134
-0.4821
-0.9339
-0.6330
1.8706
1.3816
-0.3681
1.7289
-2.1221
-0.4287
-0.7598
2.0228
-0.4349
-1.3788
-0.4015
-0.6491
-0.1594
-0.2724
-2.1418
-1.1577
-1.1402
-0.0032
-1.3932
2.0236
1.5622
1.8338
1.3699
0.7987
1.1202
0.8926
1.2024
0.6158
1.5531
0.9999
0.8539
1.4170
0.3396
0.7529
-0.0178
0.7688
0.2631
0.7053
0.8434
0.5137
0.5272
0.4080
-0.1952
0.1861
0.4982
-0.2038
-0.0831
0.0966
0.1677
0.0949
0.0405
-0.3195
0.0089
0.4865
0.3367
0.5415
0.1958
0.3449
0.1830
-0.0575
0.0727
0.3783
0.3779
-0.0362
0.1131
0.2658
0.1522
-0.2864
0.2759
-0.1649
0.3082
-0.0714
0.0241
0.0305
0.3138
0.1986
0.1525
0.1530
0.3802
0.1815
0.0045
0.2438
0.0604
0.0591
0.0787
0.1688
0.3181
-0.0279
0.2247
0.1973
-1.6651
1.4978
0.0827
-2.2837
0.4718
-4.2597
0.8762
0.1669
1.5824
-2.7119
-1.2085
-3.8968
1.0806
0.7592
-1.5192
-9.4850
-1.3292
-2.2665
0.3523
-3.1597
-1.0819
-0.6641
1.8990
0.7286
3.8100
0.4477
-0.4773
-2.8831
0.4053
-1.3819
0.2886
-1.0577
-1.3012
-3.1310
-3.2817
-3.7129
0.1950
-1.1348
-2.2562
-1.8225
-1.9611
2.8704
1.6682
-1.9149
-0.8503
3.6530
-1.3429
1.6499
4.8208
-1.4407
1.9115
1.6906
5.9286
1.1606
0.2704
-1.7459
-1.5454
-0.2927
0.6913
2.8646
-0.9193
1.3457
-1.7434
2.6005
0.6911
-2.1869
-0.1920
1.1639
1.1066
0.2057
-0.5216
0.5211
0.6844
-1.5752
0.1988
0.3318
-0.2628
-1.0476
0.6327
-0.3905
1.4137
1.9663
-0.5037
0.8158
-1.3361
-1.7025
-0.1141
-0.5046
-0.0116
0.3249
-0.5628
-0.5748
-0.4375
-0.1965
-1.0047
0.2300
-0.3031
0.7407
-0.0872
0.0939
0.6306
0.2815
0.4659
0.4031
0.1144
0.0727
0.6078
0.6514
1.1344
0.5311
-0.4627
-0.3423
-0.4898
-0.4481
-0.6499
-0.4390
-0.5841
-0.3767
-0.5590
-0.5097
-0.3697
-0.3353
0.0011
-0.2189
-0.3339
-0.2537
-0.5095
-0.0867
-0.1016
-0.3290
-0.0524
0.1039
-0.0324
-0.0589
-0.4943
-0.1540
-0.1191
-0.2759
-0.1667
-0.0781
-0.0850
-0.1006
0.0305
-0.0999
-0.2804
0.0089
-0.0967
-0.0947
-0.2184
0.0967
-0.1868
-0.0915
0.0313
-0.0993
-0.0570
-0.1775
-0.0806
-0.0999
-0.0104
0.0486
0.0398
-0.0566
-0.1447
0.1229
0.0528
0.0788
-0.0863
0.1904
-0.2478
0.1758
-0.0996
0.0696
0.0061
-0.0260
-0.2591
-0.0040
0.1100
-0.0187
0.1625
0.1374
0.1413
1.6691
2.0778
0.9912
-0.6460
2.9746
-0.4414
-0.8114
0.1187
0.5315
-2.7423
-3.4329
-3.8626
0.2934
0.9247
-0.5230
-3.0414
-1.4730
0.8143
-4.5174
-1.3683
-0.3611
-1.7726
0.8559
-0.6776
2.8377
1.6933
1.0728
-2.7185
-1.4469
0.7255
0.2973
-3.1781
-4.4195
1.8021
0.9953
0.2585
-2.4568
-2.2727
-3.2290
-3.3484
-1.6327
-1.9814
-3.9814
-2.1209
-0.2805
0.5770
4.5623
3.3014
1.2006
-1.9350
-2.9036
2.3166
1.2789
1.0691
-1.6529
-0.3438
0.4430
-1.5302
-1.7985
0.6932
1.4585
-0.9155
-0.7159
2.9945
-3.1926
-1.4314
-0.9520
-0.3777
1.4393
-3.0096
-0.7634
-0.9391
-0.3999
-2.8552
0.6409
-1.7226
-0.1869
-1.8630
1.1471
0.2760
0.0203
-0.5995
-0.1783
-1.9850
0.8239
-1.1872
0.4188
0.5499
1.6894
0.3728
-0.5392
-0.7336
0.3878
-0.1650
-1.6200
-1.3913
-0.6316
0.0671
-0.3831
-0.1913
-0.1924
-0.4083
0.6018
0.7003
-0.9340
-0.6959
-0.4026
-0.1659
0.9000
0.2460
-0.1353
0.1257
-0.3646
-0.1214
-0.3002
-0.3175
-0.2768
-0.2484
-0.3663
-0.1543
-0.0846
-0.0937
0.1419
-0.0876
-0.3593
-0.0807
-0.1785
-0.3630
-0.2024
-0.5215
-0.1536
0.0464
-0.0916
-0.2157
-0.1803
-0.0381
0.0795
-0.0838
-0.1303
-0.0593
0.0224
-0.0292
-0.1525
-0.2084
0.0042
-0.3138
-0.2720
0.0770
-0.0922
-0.1115
-0.1038
-0.0770
0.0197
-0.1179
-0.1869
0.0804
0.0176
-0.1476
0.0438
-0.0459
0.0853
-0.0490
-0.0082
0.0005
0.1281
-0.1265
-0.0290
-0.1672
-0.1322
0.0709
-0.0268
-0.1589
-0.0686
-0.0533
-0.0426
-0.1260
-0.0226
-0.0254
-0.1602
-0.1778
-0.1967
1.4321
-1.1886
1.0030
-0.0762
0.8755
-0.5569
0.6699
0.5706
1.9337
-2.0363
0.8179
0.0931
0.0829
-2.9823
-3.0040
-2.4287
-2.2799
-2.4026
1.3375
-1.1928
2.4390
0.5659
2.7832
-0.5397
0.4455
1.7109
-1.8417
0.1334
-2.8505
-2.4229
0.0789
1.4648
3.6022
1.9910
2.3883
2.3502
-1.1730
2.6255
-0.1393
1.5192
0.6848
-1.0706
-0.5350
-0.2915
1.9155
-0.2823
-1.0670
0.0376
2.0110
0.9292
1.5103
0.8560
-0.3599
0.2747
1.2286
0.1942
0.1597
-0.8194
-1.9413
0.3735
-0.0645
-0.1351
2.6018
1.7602
-2.8663
0.1178
0.0372
-1.0264
1.4988
-2.5301
0.2723
0.5399
0.4874
-0.4809
-0.0288
-0.5195
-0.3265
-0.4005
0.3503
0.6014
0.0282
-0.4368
-0.0685
-0.1902
-0.1882
1.4664
-0.2768
0.1037
-1.2674
-0.3719
0.5469
-0.2343
1.1786
-0.6012
-0.1770
-0.4927
-0.0102
-1.2065
-0.1629
-0.8134
0.8246
-0.9618
0.7453
-0.5937
-0.3991
-0.1430
-0.7243
-1.4036
0.1493
0.0859
-0.1496
-0.2232
-0.1735
-0.1037
-0.3797
-0.2376
-0.2880
-0.3348
-0.0129
-0.1185
-0.1095
-0.0763
-0.1263
0.0134
-0.3392
0.0315
-0.1346
-0.1347
-0.0783
-0.2809
-0.0690
-0.1001
0.0900
-0.3277
-0.2614
-0.1248
-0.0677
-0.0187
-0.1205
0.0060
0.0140
-0.0517
-0.0421
-0.0901
-0.2361
-0.1308
-0.0428
-0.0697
0.0171
-0.0672
0.0340
0.1242
0.0553
0.0202
0.0898
-0.0613
-0.0085
0.1683
0.0913
-0.1454
0.0388
0.0886
0.0937
-0.1901
0.2034
-0.1283
-0.2348
0.1535
-0.0399
0.0091
0.0694
-0.2795
-0.0253
-0.0355
-0.1490
-0.1770
-0.0766
0.0192
-0.4740
-0.1444
0.0247
-4.0013
-2.9265
-0.2303
-2.9877
0.2860
-0.4586
0.3762
-1.0091
-0.5829
-0.2861
0.7982
-4.0176
1.9409
1.9801
3.4240
0.2597
-1.0641
-0.6258
-4.6370
-1.4422
0.3433
-1.2209
-1.2973
-3.6995
0.9298
-0.2640
-0.3770
1.3477
-3.0179
-3.1868
-0.0268
-2.0294
-1.9117
-1.6971
-3.3611
-3.5506
1.1990
1.8982
-1.3198
-1.4020
0.1062
-2.1011
-0.9354
1.0447
-6.8311
7.1066
2.3577
-3.0309
1.5409
-1.6802
-2.3244
1.4657
-1.4125
1.8307
-0.6147
4.2824
1.9626
-3.3361
-2.0685
-0.2120
2.9672
0.0438
-1.6263
-2.4009
1.7606
-5.4120
1.0648
1.7553
-0.9107
-2.8655
1.3323
-0.7140
0.8281
3.0277
0.4915
0.3223
0.0193
2.7985
1.3852
-0.8060
1.0738
-0.3585
1.4111
-2.3281
-0.1107
-1.0535
-1.4783
-0.9729
-0.8871
-0.8086
1.3326
0.2826
-0.4862
-0.5427
0.2611
0.7386
-1.0778
0.4671
-1.3112
0.0888
0.7206
-0.7497
0.2761
-0.1448
0.2832
1.2149
-0.1128
0.5348
0.0777
0.6599
1.0222
0.8628
0.2508
0.4506
-0.1090
0.0257
0.4751
0.2060
-0.1865
0.8302
-0.0161
0.1995
-0.0519
0.1966
0.2554
0.0760
0.1253
-0.1059
-0.0259
0.1559
-0.1118
0.0717
0.1793
-0.0037
0.5407
0.1466
0.0548
0.2952
0.0616
0.1345
0.1287
0.0329
0.0508
0.1370
-0.0784
0.1393
0.1194
0.3565
0.3233
0.1288
0.0502
0.0408
-0.2066
0.0514
0.4068
0.0700
0.0007
-0.0604
-0.1150
0.1002
0.1751
0.1081
-0.1951
-0.0463
-0.1163
-0.1691
0.1542
0.0092
0.0883
0.1631
-0.1318
-0.0975
0.1301
-0.2489
0.0880
0.1400
-0.1182
-0.0057
0.0963
-0.0246
-0.1845
1.0427
0.5258
3.0333
0.9441
1.3876
-0.1567
0.3231
-0.7156
-0.0977
-3.1218
-1.3391
-3.6653
-1.0018
4.7998
-2.2993
1.1730
-0.7343
0.6250
-4.8087
1.5246
-0.2643
2.0530
-0.1528
2.0369
-1.0399
-3.4372
-0.3978
-1.4800
-1.6980
-1.0815
0.0007
-4.8224
-3.9630
-1.1059
-2.9819
-0.9191
-1.1628
-2.5266
-4.3549
-5.1523
-1.7516
3.2581
1.1946
0.0008
-5.5940
-2.8370
2.4097
-1.4302
2.4985
-1.3320
-1.0686
-1.1252
-1.3883
1.6072
-0.1629
0.4232
-3.3168
-2.1182
-1.4030
-1.7211
0.8414
6.7574
-1.1787
1.9821
0.2587
0.6665
-2.3946
-1.2687
1.1258
-1.2940
0.1174
-1.7290
-0.5492
5.7008
-0.5495
-0.6666
1.1694
1.6662
-0.5045
0.1297
0.6519
-0.9144
1.5774
-0.8985
0.0326
-0.6856
-1.4602
-0.9167
-1.4329
-0.8650
-1.2988
1.1382
0.0651
-1.3061
0.0150
-1.4763
-0.5606
0.1793
0.4747
-0.1562
-0.4864
-0.7420
-0.7187
-0.4927
-0.9097
-1.1190
-0.5101
-0.3734
0.2250
-1.4486
1.8151
1.2036
1.2045
0.8741
-0.2938
0.7955
0.8920
0.7685
0.0022
-0.4569
0.6207
0.6891
0.3926
0.6236
0.7556
-0.2881
0.4105
0.0566
0.4909
0.4637
-0.0589
0.4308
0.0084
-0.4045
0.6708
0.1621
0.0368
-0.1741
0.0228
0.1056
0.0568
0.0556
-0.3647
-0.0713
0.3367
0.3230
0.3313
0.1315
0.3447
0.0384
0.1037
0.0550
0.1675
0.0059
-0.0682
0.0696
0.0633
0.1137
0.2450
0.2336
0.1855
0.2430
-0.1998
0.0231
0.1500
0.0899
0.2216
0.1122
-0.0818
0.3156
0.1297
0.1131
0.1345
-0.0559
0.2104
0.1793
-0.0380
0.1850
0.2183
0.1316
0.2200
1.6155
-1.0012
0.7002
-0.3697
-0.9371
0.6079
-1.0784
-2.3090
-0.5961
-0.1564
0.3873
-0.1842
0.3621
0.0948
1.4695
1.0331
-1.6821
-0.0220
-1.3299
-1.2372
-0.6139
1.0066
-1.0269
-3.1716
-0.7224
0.4356
0.5375
-0.0063
-0.2780
0.6568
-0.1907
-4.9631
2.3530
0.4488
1.8190
2.1150
-1.7193
-1.3008
-0.8400
-0.7018
-1.6434
-0.7690
-7.5298
-1.2408
-3.9223
-0.0381
0.2220
-5.1002
-2.8403
-2.7501
-5.4035
-0.1771
0.1089
-2.8195
-1.5340
0.4651
0.7187
-0.5293
-1.3670
0.6092
0.1489
-0.5755
-0.4235
-1.4835
-1.0989
-0.4448
-0.1549
-0.6940
-0.1655
-0.9818
-1.3909
-0.7330
-3.0787
0.8416
-0.3831
-0.2201
0.9123
0.5507
-0.9832
-1.2514
-0.5431
-1.3392
2.3967
-0.4870
0.1615
0.6472
-1.3515
-1.0253
-0.9171
-0.8414
-1.3511
0.3636
-0.1371
-1.1632
1.3475
-0.2681
0.1013
-0.9699
-0.9089
-0.1586
-0.8773
-0.8704
-0.1855
-0.6196
-0.0292
0.8514
-0.8314
-0.3622
-0.3774
-0.6457
0.7745
0.8755
0.7219
0.8090
-0.0998
0.3346
0.0050
0.0058
0.4429
0.1003
0.2445
0.3566
0.4803
-0.0151
0.1005
-0.0009
0.0840
0.0968
0.0471
0.1104
-0.0441
-0.0648
0.1454
0.1180
-0.0733
0.1436
0.0926
-0.0197
-0.0815
-0.1133
0.0433
-0.1131
-0.0001
-0.0628
0.1459
0.0293
-0.1266
0.1590
0.3050
-0.1933
-0.1781
0.0817
0.0646
-0.0809
0.0796
0.0426
0.1047
0.0604
-0.2505
-0.1346
-0.0047
0.0996
0.0139
-0.1928
-0.0810
0.0786
-0.0264
0.0045
-0.0046
-0.0534
0.0517
0.1395
0.0956
0.0214
0.1462
0.1703
0.0533
0.0208
0.0076
-0.0797
0.0771
1.9220
-1.9045
-1.3851
-5.6388
-0.1747
-0.6404
1.2749
-3.9204
0.6869
-0.7445
1.1632
-2.8461
1.4807
1.8442
-2.4678
-1.2622
-3.2484
-1.3351
-5.0310
-1.2412
-4.1313
1.6053
-3.4476
-4.6368
0.6509
0.0776
6.2644
-1.5226
0.5509
1.4668
-0.2056
-6.1274
-2.9369
-2.9662
-3.3363
-0.9955
-0.1051
-1.6413
-5.1421
-3.6798
-1.6144
-4.9486
-4.1596
-1.8448
-4.0334
-0.9874
3.2181
-1.2644
-4.6003
-0.5996
-2.7197
-1.5326
-3.2710
-2.3060
0.2219
6.3134
-1.8256
-3.7455
-3.4657
-3.5944
4.4163
-3.3757
-2.5723
-3.3431
-3.2343
4.3761
-1.9435
-0.2754
-3.3137
-2.6320
-1.2781
-0.5320
0.0778
4.7178
-2.0681
-0.9033
2.5310
4.2660
-0.2959
2.2215
-2.9298
1.9154
2.3831
-2.1069
-1.1824
-1.1654
2.2969
2.6497
-1.6174
1.0050
0.0353
1.0670
-0.5726
-1.9350
3.0793
-0.0260
1.0733
1.3440
1.8616
1.5156
-1.2525
1.3573
-0.7410
1.1112
-0.7864
-2.3916
-0.3094
-1.5030
-0.3222
-0.3530
2.5768
2.0839
2.3435
1.6320
1.8801
1.3621
1.8155
1.5363
1.3984
2.3223
1.3712
1.2523
0.4813
1.6373
1.1922
1.4841
1.2769
0.4822
1.2037
0.8182
0.2794
0.7349
0.7746
0.2027
0.8817
0.9915
0.7168
0.3840
0.3239
0.6590
0.3331
0.2484
-0.0140
0.0792
0.4138
0.4036
0.6109
0.4184
0.5099
0.6670
0.0746
0.4766
0.4496
0.4708
0.1421
0.3748
0.2192
0.0415
-0.3267
0.3719
0.1258
0.3962
-0.2941
-0.4666
0.0803
0.2106
0.3102
0.2315
0.4651
0.2858
0.4364
-0.0354
0.2697
0.3364
0.2555
0.0525
-0.1086
0.5470
0.0332
0.4291
0.5490
0.7420
2.5390
-3.0840
2.6334
0.6227
-0.0022
-0.6126
-0.7917
-1.0966
-0.4213
-0.0303
1.7455
0.3007
-4.1901
-0.7762
-2.0803
-1.4280
-4.0260
0.0760
0.0851
0.1293
-1.8846
-0.4717
2.6210
0.1735
-0.0411
0.6236
-0.8432
-0.4528
0.1372
-0.0788
-5.1727
-1.5482
-1.4859
-2.4522
-1.6002
2.6450
0.5848
-6.0349
-2.2660
2.2348
-2.1396
1.1620
1.3087
-2.3847
0.0960
-2.7588
2.4893
3.7416
2.5901
2.8078
0.0182
-2.4646
1.5890
0.4498
-0.6360
-4.4315
-0.6074
1.7101
2.5805
-0.6517
-0.9336
2.6286
1.7908
-1.7107
-5.0307
-0.4917
-1.4931
1.5273
-1.8300
0.5990
0.6343
-0.5169
0.9459
-0.0227
-0.0079
0.4509
0.5202
0.8412
-0.7404
0.0355
0.7896
0.2768
0.5170
0.3160
2.1828
-1.1356
-0.3051
-0.5530
-0.2753
-0.1051
0.1295
-0.2466
-0.0302
1.2824
0.2118
-0.8219
-1.2173
-1.1455
-0.0988
-0.7490
0.0539
-1.2167
-0.6810
0.7552
0.6688
-0.2190
0.5346
-0.3253
0.3888
0.1404
0.6424
0.8886
0.8033
-0.5564
0.3472
0.5301
0.3722
-0.3554
-0.0110
0.0870
0.4265
0.1901
0.2505
0.2079
0.0452
0.4693
0.2618
0.0669
0.2153
0.2577
0.1100
0.1118
-0.0214
0.4240
0.1913
0.0989
0.2593
0.0750
0.1102
0.1298
-0.0040
0.1376
0.1358
-0.0024
0.4014
0.1201
0.2402
0.0290
0.2098
-0.0683
0.0949
0.1089
0.0703
-0.0844
0.1050
-0.0230
0.0674
0.0774
0.1628
-0.0200
0.2958
-0.1729
-0.0456
-0.0265
0.2622
0.0999
0.1407
0.0558
0.0696
-0.0119
0.1978
0.0941
0.0788
-0.0512
0.0334
-0.0379
0.0021
0.0689
0.1486
-0.1822
-0.5510
4.5585
-1.7200
0.3595
0.6411
-1.1279
-0.6387
-1.3879
0.0874
-0.8776
-3.5806
1.7344
-1.9538
-1.1935
-0.4672
0.4584
0.3895
4.8154
-3.1448
1.1584
0.1038
-2.9513
-1.9605
-3.0655
1.4123
2.6453
0.2268
-2.4635
-5.3634
-0.5811
-0.1379
-2.5875
1.0935
-3.0275
-2.2840
-0.7400
-1.3473
3.1702
-5.4148
8.1393
-1.7313
-2.7438
-0.9697
0.2318
-2.8339
0.3272
-2.2693
-0.4033
-0.9523
-2.9505
-3.1980
3.9817
-1.4428
-2.2263
-1.7329
-2.1053
-1.6897
0.8863
-1.6255
-3.4701
0.0618
-0.5777
-0.7981
-2.3478
-1.9060
1.8028
2.9742
-0.5669
-1.3444
-0.1922
-2.0342
0.5608
1.7212
-1.6858
-0.2235
-0.2008
0.5262
-1.6298
-0.5154
-1.6483
-1.0984
-0.8285
1.2980
-1.6124
0.1164
-0.5001
-0.4899
-2.2068
-0.0779
-1.4984
0.2388
-0.8711
-0.0905
0.8096
-0.4762
1.2174
-0.5559
-1.0435
1.1724
-0.7086
-0.0584
-0.3041
-0.6254
-0.5949
0.7173
-2.1691
0.8191
0.1379
-0.6317
0.1126
0.1510
0.1567
0.1785
-0.1200
-0.5697
0.0912
0.3223
0.4584
-0.3403
-1.2426
0.3843
0.3399
-1.1722
-0.0733
0.1054
-0.9236
0.2081
-0.0415
0.5036
0.1270
0.0029
0.2460
-0.1901
-0.4898
-0.0208
0.0497
-0.3118
-0.3165
-0.2206
-0.1831
-0.1338
-0.3474
-0.5020
-0.0838
-0.0084
0.1122
0.1445
-0.1134
0.0084
-0.2118
-0.3854
0.1314
0.3453
0.2584
-0.2919
-0.0538
-0.0428
-0.2185
-0.1217
0.0573
0.1041
0.1319
-0.1169
-0.2144
-0.0664
0.0868
-0.1001
0.0087
0.0012
-0.0882
0.1284
0.0985
0.1817
-0.0608
0.1470
0.0143
-0.1448
-0.0118
-0.0465
0.0958
0.1128
0.3759
2.2064
-2.0487
2.1765
-0.5947
1.3440
-0.6382
0.0123
-1.7129
-2.1709
0.5365
-7.3106
0.2958
-0.5662
1.4434
-1.5547
0.9395
-6.2928
0.1429
-1.8299
-4.0360
0.4166
-2.4243
-0.0931
3.9320
1.5256
0.4102
-0.6579
-2.4609
-0.5196
0.2412
-2.0487
-0.5789
0.8013
-1.0646
-1.2665
3.6426
2.6504
-1.8840
-0.2897
0.2853
-1.0033
-0.1078
-1.1685
0.0982
-1.6740
1.2548
2.6582
-0.3444
-4.7716
-1.5214
-2.2040
-1.2369
-3.1785
0.4150
0.1259
-0.0018
-2.1003
-0.4130
-2.1364
1.2115
-2.2345
-0.7177
1.7729
-0.6485
1.0299
0.1359
-2.6293
-0.6028
-0.2499
0.4294
-0.4863
3.5123
-0.4410
-0.4062
1.7790
-0.0068
-0.4769
0.9557
-0.4899
-1.1735
0.1179
0.2564
0.7174
-0.3624
-0.4489
-0.3066
-0.1811
0.4391
0.0668
0.0217
-0.2864
-0.6318
-0.3069
0.1151
2.1150
-0.0653
0.2486
-0.6096
0.7176
0.0241
0.8125
-0.5653
-0.2676
-0.5160
-1.8178
0.8606
-0.3994
-0.5340
0.0767
0.3041
0.0516
-0.0673
0.0946
-0.3334
0.0392
-0.1186
-0.0524
0.4665
-0.2495
-0.0732
0.0146
0.6123
-0.1313
-0.1236
0.4173
0.0077
-0.0357
-0.1809
-0.1224
0.0560
-0.0483
0.0052
-0.0175
0.1481
-0.2552
0.0005
0.0358
-0.3102
-0.0473
-0.0199
0.2443
-0.0316
-0.1558
-0.0893
-0.0326
-0.1937
-0.1584
0.0052
-0.0270
0.1313
-0.0293
0.0244
0.1956
-0.1072
-0.0442
0.0456
0.0163
-0.0571
0.1043
0.1284
-0.1806
0.0572
-0.0605
-0.0520
-0.0447
0.0856
-0.0190
-0.1042
-0.0347
-0.0437
-0.0418
-0.1711
-0.1182
0.1031
-0.1112
-0.0804
0.0946
0.1646
-0.0061
-0.1732
0.1314
1.7487
-0.7252
2.1186
-1.0175
-0.3297
2.7608
-1.0850
1.1980
-3.4448
-1.1731
-2.3033
-0.3960
-0.0845
-3.4597
-2.4777
-0.4121
1.3317
0.8544
-1.9566
-2.5488
0.7651
-1.3926
-1.5463
2.5423
-0.1558
-1.4796
-1.4146
-3.7214
-1.4403
-0.1363
-5.5375
-4.7064
-7.4112
-3.6781
-5.7298
0.1100
-2.3995
1.2281
-0.9077
-1.5311
-1.0989
3.1658
2.5362
-2.7060
5.4683
-3.1923
3.5710
-0.0030
1.3772
-3.1931
-0.6204
1.3100
2.8182
3.5860
-2.2948
5.8991
-2.4954
-2.3074
0.5993
0.7530
1.1936
-1.3820
0.1042
-3.9549
0.7424
1.9545
3.4143
-0.4021
-1.9979
3.0753
1.6060
-2.1345
-2.2750
2.2012
1.8799
-0.0636
-1.4541
2.6879
-1.5932
2.0443
-2.0863
-1.2999
-1.2695
-1.9109
-0.4982
-1.3207
-1.0605
-0.4325
-1.4277
1.3461
-0.1775
-0.7344
-1.0841
-1.2683
-1.5079
-1.2662
-0.5719
-1.1708
-1.3876
-1.9156
-0.1851
-0.0067
-1.6407
0.1496
-1.9883
-1.9338
-1.0872
-0.8008
-0.8401
-0.6015
-0.5024
-2.6997
-0.1580
-1.0150
-0.1993
0.1471
0.0236
-1.0301
-1.2758
0.0860
-0.0189
-0.5585
-0.4336
0.0016
-0.6816
-0.1249
-0.4833
-0.0612
-0.1398
-0.4173
-0.4824
-0.5023
-0.5763
-0.2064
-0.2994
-0.5373
-0.2137
-0.5580
-0.1188
-0.4700
-0.1913
-0.2906
-0.3776
-0.2603
-0.0231
0.1772
0.0634
-0.1779
-0.1115
-0.1645
-0.1056
-0.1373
0.0603
-0.2645
-0.2073
-0.2699
-0.4486
-0.1062
-0.2178
0.1804
-0.2120
-0.2355
-0.0745
-0.2657
-0.1650
-0.0840
-0.0418
-0.0836
0.1970
-0.0373
-0.1192
-0.1571
-0.1608
-0.0463
-0.2416
-0.2150
-0.2521
0.0709
-0.1177
-0.1858
-0.2282
-0.4390
1.5549
0.8737
-1.8463
1.2281
0.1986
-0.4375
0.1445
0.6135
-0.6080
-1.6876
-1.6608
3.1187
-0.2024
-2.1555
1.3718
1.3689
-0.9825
1.4301
-1.0214
0.6066
0.3458
0.5481
-0.9709
-0.8971
-1.8665
1.7225
-2.0872
0.3937
-0.0125
-2.0006
-6.4987
-1.2012
-3.1986
-4.3057
-0.3162
-2.0505
-0.3884
-2.1524
0.2138
-0.6958
0.0902
-1.5034
-4.2335
2.1811
0.2371
1.8783
-1.3669
-5.0227
0.8707
3.1304
-2.4971
0.1342
0.6478
1.6161
-0.7562
0.0660
1.0148
-2.4865
0.4424
2.8259
-0.2370
0.0746
0.7436
2.4422
1.5084
0.5927
1.3565
1.1519
0.1897
1.3555
2.0194
-0.2167
0.6410
0.8979
0.3140
-0.4552
-0.5858
1.1781
1.0531
0.0736
-0.0337
0.7215
-0.9795
-1.6321
-0.6035
-1.1018
0.9099
-1.7814
0.6859
0.0635
-1.2254
0.5965
-0.3055
-0.2990
-0.3706
-1.6085
0.1636
-1.2940
-0.4918
-0.5221
-0.7222
-1.0057
-1.5378
-0.9120
-0.2936
-0.3617
0.0597
0.7386
0.6302
0.2517
-0.1149
0.5089
-0.0966
0.1296
0.4657
0.3975
-0.7932
-0.2368
0.4805
0.2992
0.1347
0.4856
0.3727
0.6189
0.4304
-0.1690
0.1786
0.3757
0.0840
0.3843
0.1533
0.0344
0.2663
0.2699
0.1146
0.0335
0.3103
0.2886
0.1254
0.0297
-0.1183
0.1869
0.1409
0.1968
0.2267
0.0889
0.2596
0.3319
-0.0903
-0.0412
0.2622
0.2796
0.1623
-0.0097
0.1259
-0.0928
0.0016
0.1488
0.0905
0.2287
-0.0405
-0.1463
-0.3097
0.0998
0.1975
-0.1724
0.0863
0.2420
0.1499
0.1287
-0.0887
-0.0222
0.0692
0.1701
-0.0935
0.0312
-0.1193
0.0667
0.1012
-1.0805
2.9000
-0.7561
-1.1322
0.2706
-0.4828
0.6821
3.0342
-0.0601
3.3816
-3.0564
-3.5735
-0.6745
1.8572
0.7350
-1.9917
1.4157
1.1413
-0.8519
-2.0629
1.7277
-2.1563
0.5556
-2.0006
-0.4469
0.5906
-0.2590
-1.7050
-1.9877
-2.7461
-0.1470
-2.4730
-3.1137
-2.2317
-4.7331
-2.9959
13.1046
1.6073
1.2669
3.2553
0.6620
-0.7131
0.9118
0.1982
-4.0346
-0.2055
1.8213
2.0395
0.3126
2.2851
0.8862
2.4056
-3.1343
0.1523
-0.3981
-1.0020
1.2570
-1.8854
-2.0745
-3.9337
1.3191
1.3715
0.6566
-0.5243
-1.2968
-2.2684
0.0671
-1.5649
0.0256
-2.6549
-1.3463
1.0878
-0.7174
-1.6208
-0.0936
0.2882
-1.6549
-0.7461
-0.1938
-0.6617
-0.4787
-0.0502
-0.9690
-2.5171
1.0072
0.2042
-1.3146
0.1101
0.0038
-0.2054
0.2301
-1.3434
-2.6017
-1.6251
-0.3653
-0.1464
-0.1914
-0.7774
-2.1919
-0.3610
0.7402
0.1119
-0.2583
0.7037
-0.2019
-2.0365
0.0731
1.0963
-2.3738
0.5272
-0.1629
-0.6906
-0.7578
-0.7617
-1.6401
-1.1197
-0.6953
-1.0737
0.0996
-0.3950
-0.9439
-1.2264
0.4020
-1.0786
-0.8827
-1.4397
-0.9400
-0.9704
-0.9664
-0.9310
-0.9957
-0.7854
-0.9685
-0.5788
-0.1376
-0.7592
-0.2582
-0.2921
-0.4895
-0.2253
-0.6406
-0.3096
-0.4793
-0.5491
-0.1051
-0.1982
-0.4837
-0.0816
-0.0132
-0.5786
-0.1050
-0.3827
-0.4307
-0.4487
-0.2658
0.0223
-0.1557
-0.2376
-0.0757
-0.3294
0.0714
-0.2634
-0.2436
-0.0799
-0.0828
-0.1925
-0.5186
-0.3731
-0.2752
-0.2672
-0.3231
-0.0510
-0.2371
-0.3151
0.0494
-0.0092
-0.0790
-0.3249
-0.0835
-0.3370
-0.3271
0.9432
-2.1103
-5.5415
0.6982
-0.6843
0.7759
1.2319
0.5400
0.0696
-1.4348
-0.4589
-2.2030
-3.1416
-3.7620
-2.2694
-4.2848
-1.0140
-1.0332
0.8532
-5.8853
-2.4259
1.2975
-1.7087
4.2057
2.3241
-0.5172
0.7370
0.8103
-3.8828
-1.1937
0.0950
13.6363
-0.7681
-2.3125
-2.6423
-0.6231
-1.2367
-3.7855
-3.7296
-0.5494
-1.5263
-0.2999
-0.4539
0.0697
-4.2180
1.0563
0.8662
-2.8311
-2.7440
-2.1332
-1.3838
1.4480
6.1095
-0.7820
-2.0641
-0.1919
-0.2999
0.8158
0.1206
1.4398
-0.1307
-0.6714
0.7021
-1.2457
-0.0549
-0.4323
-0.4233
0.8294
-0.1834
0.2303
2.2517
-1.5078
-1.8700
-0.7909
-0.6897
0.0676
-0.7967
-1.0560
0.7169
-0.7505
-1.4137
-0.0100
-1.6969
1.7447
-0.1000
-1.6863
1.3204
-1.2828
0.9380
-1.1093
-0.0926
-0.7306
-0.7518
-0.7790
-1.5547
-1.0578
-0.0485
-0.6456
-1.1339
-0.1978
-0.5592
-0.4425
-0.6293
-0.5459
-0.7157
2.2316
-0.8781
-0.2432
-0.2582
0.2028
-0.3286
-0.3769
-0.8856
-0.5694
-1.3589
-0.5737
-0.7348
-0.7725
0.2110
-1.1226
-0.6252
-0.7037
0.1543
-0.4378
-0.5736
-0.6749
-0.6728
-0.6616
-0.4728
-0.4325
-0.5359
-0.4324
-0.2457
-0.8577
-0.5670
-0.4464
-0.5258
-0.1217
-0.3605
-0.0668
-0.5279
-0.1390
-0.4186
-0.2031
-0.1079
-0.2634
-0.4489
-0.2334
0.0677
-0.4585
-0.1185
-0.2634
-0.1025
-0.3317
-0.1278
-0.1218
-0.0985
-0.1043
0.0244
-0.0665
-0.0947
-0.2748
0.2916
0.3505
0.0899
-0.1147
-0.0643
0.0045
-0.2281
-0.3418
-0.3425
0.1175
-0.1252
-0.1018
0.0786
-0.0257
-0.2846
-0.0569
-0.2071
-0.1252
0.0834
-1.8061
2.0491
-3.0174
3.2039
-0.4435
0.3993
-0.5241
-1.7947
0.2250
-3.1104
-1.9990
-1.2108
-3.4142
-2.7617
1.7107
0.1057
-0.7224
2.4794
-0.5493
0.5728
-0.5607
-1.6209
-2.8578
0.8004
-0.1412
1.2770
0.2282
-1.8700
-1.4388
-0.5198
-0.1367
-7.5044
-2.9113
-4.0013
-3.5854
-4.0066
-1.2255
0.5109
0.5258
-0.9746
0.3306
10.2766
-0.7654
-1.4946
-1.4160
-0.8765
1.8595
-0.7906
-0.2090
0.8984
-0.6169
-0.3126
0.1304
-1.1588
-1.9840
-0.8850
0.1251
0.5592
-3.9205
-1.6169
-0.5675
-1.0163
-1.3578
0.1297
-4.2048
1.0264
-0.8476
-1.2980
0.3020
-3.6675
-1.7785
-1.5962
-0.9101
-2.4600
-0.6244
-1.7147
-0.7847
-0.0639
-0.3532
-0.8848
-0.7919
-1.6851
-0.8940
-2.0602
-2.8555
-1.1334
-2.0295
-1.5118
-0.0829
-0.6855
-0.3711
-0.2454
-1.7983
-2.3906
0.4236
-1.6156
-0.1230
-0.8432
-1.1557
-0.3721
-1.4734
-1.7050
-0.9709
-0.6714
-0.8463
-0.4011
-0.7901
-0.7074
-0.3023
-1.3478
-0.6873
-0.3658
-0.9428
0.0454
-0.6223
0.0954
-0.0425
0.0879
-0.6892
-0.2431
-0.0782
0.2522
-0.3912
-0.0930
0.0917
-0.1235
0.1336
-0.3090
0.0021
0.0212
-0.1717
-0.1435
-0.2422
-0.3121
-0.3617
0.0023
-0.2135
-0.1746
-0.3749
-0.1369
-0.1310
0.0034
-0.0561
-0.0817
-0.2674
-0.0930
0.0631
-0.1149
0.0332
0.0392
-0.2186
0.1005
-0.0964
0.1398
0.0073
-0.1745
0.0283
0.0507
0.0759
0.1123
0.0372
-0.0883
-0.0987
-0.2479
-0.2097
-0.0552
-0.1724
0.1929
0.0224
-0.0747
0.0083
-0.0166
0.1565
-0.1216
0.0131
-0.0428
-0.3103
-0.0582
0.0121
0.0255
-0.1465
-1.5705
3.5160
0.0800
0.7115
2.1288
-0.5102
0.2928
-1.8791
-1.2648
-0.8887
-2.2719
-0.6037
-1.0301
0.7383
1.2078
0.4407
0.0834
1.1468
-3.9081
-0.6200
0.9822
-2.9121
-1.3689
-0.4800
-0.0441
-0.0750
0.1872
-0.0560
-1.8631
2.1918
-0.2575
-5.2791
-0.4663
-5.1021
-6.3870
-4.7678
0.1648
-0.6451
-4.1024
3.5268
-2.8739
-0.0380
-1.1447
-1.0637
-1.0656
-3.4019
1.4220
-1.4455
-2.3395
1.7248
-1.5218
-0.2516
-1.6667
0.4947
1.1827
2.5100
-1.6220
2.7813
0.6621
-1.7142
3.7094
-0.8899
1.7398
2.3436
1.9156
3.9752
0.6379
1.6365
-0.5099
2.1200
-0.6024
0.9484
0.2844
2.3082
1.4013
-0.1302
1.4744
2.5741
0.7822
-3.3347
-1.2480
-1.7536
1.0916
0.0821
-2.1228
-1.7789
-1.6427
-1.1979
-0.2301
-0.5883
-3.9971
1.0790
-1.5835
-0.5916
0.3574
-0.8283
-1.5227
-1.7104
-4.1679
-1.0428
-0.1948
-0.6679
0.4268
-1.7076
-0.6341
0.7576
0.4235
-0.4908
-0.2040
-1.0961
0.9630
2.1962
0.3966
1.2075
0.2276
0.8274
1.6927
0.7565
-0.0297
0.6203
1.2061
0.6847
0.5616
0.4214
1.1751
-1.0695
1.2846
-0.1252
0.4858
0.5583
0.3364
-0.2388
0.0842
-0.0925
0.3244
0.6735
0.4031
0.2979
0.2747
0.3244
0.0922
0.3157
0.2857
0.3310
0.0897
0.2532
0.1806
0.3429
0.3050
0.1585
0.1142
0.2613
0.2863
0.3423
0.1600
0.1897
0.2331
-0.0470
-0.2370
0.3045
0.0465
0.3234
-0.0168
-0.1418
-0.0110
0.0482
0.1537
0.1244
0.3348
0.2368
0.2983
0.2588
0.0084
-0.1139
0.0557
0.2174
-0.1870
0.0390
0.0762
0.2500
-0.0257
-0.1291
-0.3828
0.3769
0.5806
1.6645
-1.6641
0.7685
-0.6248
0.3927
-1.4739
0.4441
-0.3486
0.7682
-3.2743
3.8207
-2.5198
1.2287
0.5413
-0.8999
0.8502
0.1453
0.3533
1.1092
0.8143
-1.7309
-0.6375
-0.0458
0.7414
-1.4962
-2.2372
0.0160
-3.1978
1.9658
-0.6256
-3.8997
-1.9892
0.0969
-1.8587
-3.2354
-0.0094
0.2981
-3.5261
2.0153
0.5331
-5.1039
-1.3012
6.3878
1.7597
0.1801
-2.5318
-2.4546
0.7826
-1.1834
-1.6510
0.7097
0.4839
-2.9824
-1.3954
-1.6972
-1.5012
-0.2541
-1.1336
-1.3481
-0.4538
-1.5951
-2.0677
0.4673
-0.7992
-0.8421
-1.5310
1.2689
0.5586
-0.1471
0.3270
1.3011
-1.3578
0.9166
0.4837
0.2632
0.4187
-0.2641
-0.3550
2.3120
-0.8865
-1.4634
-1.3518
-1.3632
-0.9505
-0.0066
-1.0701
-2.1714
1.9931
-0.1080
-1.6249
2.5928
-0.8296
0.7814
-0.8593
-0.8377
-0.3497
-1.1248
0.2190
-0.3651
-0.4751
-0.9910
-0.2194
-0.5092
-0.2787
-1.1332
-0.9564
0.5826
1.0151
1.5371
0.4685
-0.2083
0.7287
0.9323
0.6338
1.4562
0.1369
0.5829
0.3612
1.1783
0.1064
0.3253
0.0046
0.1468
-0.0597
0.0922
0.1111
0.0315
0.2707
0.0621
0.1397
0.3310
0.2303
0.0533
-0.0817
-0.0907
0.1587
-0.0659
0.1771
-0.0775
0.2577
0.1478
-0.0153
0.0698
0.0630
0.1618
0.0940
-0.0620
-0.0880
0.0857
0.0527
0.0947
-0.0547
0.0619
-0.0296
-0.1945
0.1456
-0.1649
-0.0696
-0.0746
-0.1112
-0.2065
-0.0369
0.1536
-0.0768
0.1151
-0.0965
-0.0259
-0.0558
0.0594
-0.0468
0.1680
0.1425
0.1257
0.0371
0.0238
-0.1614
0.0814
2.4833
1.8133
-2.6633
0.7419
-2.3376
0.8836
-3.8850
0.2580
0.7852
-1.0769
-0.7353
0.5481
0.9046
-1.0188
-1.3718
-0.5433
-3.0388
3.4655
-2.5983
0.8506
-3.4002
0.1903
1.3627
-4.0175
1.3202
0.3937
-2.1504
1.0894
-3.2349
-0.6008
-0.1425
-4.1658
1.2795
-1.3801
0.2535
-3.6950
0.9804
3.8167
-3.9184
-2.4524
-2.6544
-1.0275
-1.9355
-3.8114
-1.4917
-3.2793
-1.6206
-4.1180
0.6330
1.3669
2.3098
0.0296
-0.5648
-2.1049
0.5539
-2.1909
2.1261
5.5401
0.2047
-1.7219
-0.0334
1.5822
-3.1715
-0.8070
0.3786
0.2343
-1.5582
1.9213
-0.8811
-3.3495
2.0370
1.4826
1.5648
1.0509
-1.5697
0.4463
0.7676
0.1048
-0.9208
0.5847
-0.4724
-0.4549
0.1694
1.0562
0.5939
-0.4167
-0.5094
0.4009
0.4298
-0.4217
1.1890
-0.6029
0.1943
0.1300
-1.0050
1.3749
-0.1920
0.0053
0.2122
0.3862
-0.0386
0.4794
-0.3312
-0.4781
0.1987
-1.1395
0.0822
0.2508
0.2392
-0.2688
0.0671
0.0717
0.2357
0.1609
-0.1156
0.3133
0.1437
0.4194
-0.7492
-0.8559
0.3426
0.2244
-0.4838
0.4759
0.2863
0.7006
0.2095
-0.0681
0.2520
0.2017
0.2198
0.2291
-0.0204
-0.0280
0.0205
0.2874
0.1740
-0.1020
-0.0108
0.1319
0.0258
0.1180
0.0031
-0.0304
0.0960
-0.0185
0.2234
0.0417
0.1855
0.0289
-0.2351
-0.0059
0.2253
0.0119
0.0878
-0.0459
0.3111
-0.0998
-0.0065
0.2341
-0.0176
0.0141
0.0708
0.0017
-0.0953
-0.0793
0.1099
-0.0274
0.0253
0.2024
-0.0500
0.0648
-0.0161
-0.1032
0.0553
0.0006
-0.0544
0.1456
-0.0145
0.1575
0.0394
-0.3938
-4.4277
-0.9576
1.4290
-3.2215
1.3005
-2.3130
0.1700
-0.8951
-2.1145
0.6529
2.6214
0.6593
-2.4756
0.6362
-0.3779
2.6815
-1.5068
0.8461
-2.0790
-3.5486
-1.0356
-5.1944
-1.4657
-1.0532
2.1582
-1.4152
-0.9318
-2.3880
-1.7100
-0.0195
-4.6804
1.4085
-3.0727
-1.2639
-1.8901
-1.9208
1.5234
4.6781
-2.7615
1.1318
-2.9010
-4.3487
-1.1603
1.9538
-2.8768
-1.7727
0.1030
-1.2864
3.5621
5.5795
-0.2636
1.8255
-2.7741
-2.4892
4.4570
0.2582
0.7780
-0.6874
0.2522
-0.5154
-0.1484
0.0337
-1.1016
-1.2690
-0.7605
-0.7797
-2.0363
-1.5577
0.0307
-1.7558
-0.8750
-0.0941
-1.7145
-1.7656
-0.6803
0.9574
-0.9457
-0.2484
-1.2997
-1.4273
-1.4127
-0.0761
0.3057
-0.2932
-0.0449
-0.4882
-0.9834
-0.3640
-1.0161
-0.1425
-0.6664
1.5517
0.2438
0.1878
0.5689
-0.7497
-0.5120
1.9574
-0.7906
0.2443
-0.7358
-0.0816
-0.7094
-0.0884
-1.0398
0.0763
0.0688
0.4502
-0.5867
-0.0710
0.1916
0.0086
0.3846
0.4059
0.0875
0.4001
0.4956
-0.1729
1.3165
0.6966
0.3754
-1.1696
0.3804
0.5152
0.7802
0.3592
0.2067
0.1625
0.1656
0.1611
0.3511
0.2175
-0.0161
0.0206
0.0085
0.7320
0.0403
0.1041
0.0274
0.0152
-0.1110
-0.1802
-0.0768
-0.0407
-0.0084
0.3248
-0.0625
-0.0373
0.2229
-0.1139
-0.0137
0.0370
0.0441
-0.0412
-0.0785
0.0850
0.0015
0.2091
0.1789
0.0577
-0.0610
0.0647
-0.0725
0.0758
0.0872
0.2503
0.0482
0.1476
0.1556
0.0207
0.0399
0.1457
0.0860
0.0167
-0.1238
-0.1831
0.1519
0.0556
0.0048
0.2912
-0.6701
-5.4571
-1.8480
-0.3599
-3.8427
2.4348
0.0475
2.3199
-0.3552
0.7451
0.6230
0.1911
-4.2963
2.6569
-2.4762
-1.4827
-4.6968
-0.0547
-1.0080
-4.5016
-1.5767
0.6565
-2.2307
-0.3715
0.1401
-0.1901
-1.8137
-0.1652
-5.9011
0.6070
-0.0785
-4.8040
-6.1348
0.6649
-1.8087
-0.1285
-3.1808
-1.9931
-2.3520
4.4330
-6.0755
-1.5203
-3.9691
-1.2440
-0.9127
-3.1228
4.9000
-3.0569
-1.7113
-0.6012
-0.6132
0.3021
-0.0891
0.0579
3.8461
0.8802
5.0566
-0.5422
-0.3710
0.1174
0.2788
3.4404
-0.2786
-1.1470
1.1421
-2.3577
0.8833
-0.4821
-1.5854
-0.4751
-1.4053
-0.2821
-1.0442
-0.1132
-0.2888
-0.6765
-0.0796
-0.0157
-0.9217
-0.0962
-0.5878
-0.7242
-0.4073
-0.6460
-0.5217
-0.8201
-0.2216
0.5549
0.2405
-0.1965
-0.0716
0.2770
-0.0723
-0.2500
-0.1035
-0.3872
0.1858
0.0472
1.2235
-0.0587
-0.7054
0.0501
-0.4883
0.1006
-0.2503
-0.0024
-0.0422
0.2885
-0.7009
-0.3308
-0.0590
-0.3676
0.1284
-0.1125
-0.1559
0.2482
-0.0187
0.2740
-0.1766
-0.5059
0.0514
-0.0187
-0.1879
-0.0830
0.1760
-0.1222
0.0027
-0.1572
-0.0463
0.1805
0.1985
-0.0633
0.1055
-0.0042
-0.0943
-0.0798
-0.1443
-0.2046
-0.0986
-0.0907
0.0465
-0.0370
0.0916
-0.0691
-0.1110
0.0416
0.1852
0.0640
-0.0455
-0.1381
-0.1668
0.0794
-0.0017
-0.0752
0.0776
-0.0521
-0.0030
-0.0607
0.0066
-0.1802
-0.1053
-0.0808
-0.1163
-0.0012
0.2151
0.1042
0.0271
-0.1145
0.0148
-0.1662
-0.0117
-0.1306
-0.0473
0.0166
-0.0956
0.0714
0.0305
-0.1355
-0.0210
-0.0974
0.1525
-1.0418
0.9672
0.7767
0.2615
-6.4107
2.0290
-0.3904
-0.8611
-0.7651
1.8140
-1.7625
-1.2299
2.3717
3.0557
-1.4589
0.4942
-0.7894
1.3307
-3.9290
-4.2802
-3.5143
0.2563
-2.7561
-1.7589
-2.0251
-2.5240
2.5666
0.7584
1.1400
-4.5424
-0.1919
-3.9391
-4.5580
-2.2221
-0.5922
0.3377
-2.1618
2.9319
-1.7221
-2.0559
1.8263
1.7150
-4.2371
-1.1692
-2.8838
-3.2172
3.9024
-0.4336
-2.6101
-1.7176
0.2741
3.0215
0.6350
-2.1937
-0.6611
-0.8285
0.6042
-2.2995
-2.0907
1.2595
-0.3754
-2.2338
0.5730
-1.3193
-0.4513
-2.4155
-1.1556
-0.0768
-0.9096
0.7541
0.0933
0.2814
-2.3821
-0.9649
0.5948
-1.5486
-0.0122
-0.2581
-0.4272
-0.8614
-0.7842
-0.4131
-0.5939
-1.1564
-1.7324
-1.8128
1.3508
0.7816
-1.2083
-0.5200
1.5422
-0.1571
-1.9149
-0.6769
-0.4852
0.5441
0.1431
-0.2987
0.5668
0.2537
-0.1858
-0.5838
-0.3759
0.2127
0.0781
-0.1694
0.3290
-1.1106
-0.0543
-0.6110
-0.8690
-0.5147
-0.0815
-0.2503
-0.3070
-0.1124
-0.3840
-0.1490
-0.3075
-0.1718
-0.0908
0.0595
-0.1906
-0.1405
-0.0213
-0.0432
0.1214
-0.2437
-0.0377
0.1147
-0.1521
0.1326
-0.0807
-0.0349
-0.1613
0.0674
-0.0591
-0.1827
-0.0489
-0.0811
0.0304
0.0100
-0.0057
-0.0290
-0.1280
-0.0707
0.2234
-0.1035
-0.0060
-0.1357
-0.0375
-0.0345
-0.1895
-0.0453
-0.0092
0.0111
-0.0696
-0.1005
-0.1137
-0.0239
-0.0751
0.0535
0.1275
0.2206
0.1577
0.0740
-0.0794
0.0642
0.0707
-0.0980
0.2079
0.2129
-0.0525
0.1949
0.0613
-0.0637
0.0256
0.0032
0.0180
0.1612
0.0569
0.3392
-3.3835
1.3123
2.1958
-1.6212
0.7992
1.5371
0.9050
-0.0515
1.2461
-1.6455
-2.4351
-0.8134
2.5016
-0.1974
-0.6936
-0.3189
0.9315
-2.1210
-2.7092
-3.4482
0.6182
-0.7358
-2.8958
-0.6192
-0.1564
-0.1064
-2.3925
0.5896
-0.8752
0.0048
0.4645
-1.9576
1.6471
-5.0558
-3.3860
-1.1091
-2.0653
0.7895
-1.9340
-1.2246
-0.4412
-0.9704
-1.9437
1.1817
-2.1352
-1.6963
-1.8693
-1.5096
3.2268
-0.0433
1.6197
-1.2294
-1.7373
0.3445
0.4851
-0.8294
0.9832
-1.9240
-2.0068
0.4072
-1.9625
0.2674
-2.3876
1.3549
2.6385
-0.5181
0.2588
0.6292
-1.1859
-0.4580
-0.3217
-0.7455
-0.4136
-0.5545
0.1928
-0.8314
-0.2999
-0.8295
-1.8297
-0.8647
-1.3407
-0.2365
0.8667
0.8121
-1.3659
-0.6552
-0.6980
0.0078
-0.7997
0.8175
-0.6991
-0.7990
-0.4237
-0.9512
-0.1368
0.1809
-0.9080
-0.5500
0.1070
-0.3737
-0.8811
-0.9364
-0.7646
-0.0490
-0.9149
-0.3314
-0.3342
-0.7336
-0.2696
-0.3526
-0.1653
-0.4243
-0.3026
-0.4316
-0.5697
-0.6021
-0.3654
-0.6503
0.0011
-0.5933
-0.3450
-0.2370
-0.0162
-0.4239
0.0933
-0.2297
-0.1440
-0.2428
-0.2479
-0.2100
-0.1198
-0.0469
-0.0663
-0.1104
-0.1601
-0.0960
-0.1231
-0.1767
-0.1322
-0.0389
-0.0509
0.0220
-0.0088
-0.1157
0.0445
-0.3006
-0.1788
0.0468
-0.0998
-0.1259
0.1319
-0.2299
-0.0362
-0.0551
0.0791
-0.1330
0.1428
-0.1044
-0.2279
0.1213
-0.2148
0.1765
0.1731
0.0846
0.0472
-0.0561
-0.1207
-0.1122
-0.2176
-0.3774
0.0277
0.0469
-0.0701
0.0457
-0.0038
0.0500
0.1127
-0.0735
-0.1778
-0.0361
-1.7519
-1.6023
-0.8191
-0.2830
-4.2832
-1.8704
1.9596
0.4742
-1.9083
-0.3425
1.2328
-1.9550
-2.4066
1.2225
3.9363
-1.6855
-4.6274
1.2884
0.8235
1.5143
-0.5282
2.7340
-0.2771
0.6501
-2.1018
0.9327
1.6482
2.6507
-3.4439
-6.5707
0.0045
-5.4295
-4.6261
-2.5356
-1.4621
-3.0197
1.3057
1.6119
-1.8251
-1.5089
4.7067
-1.3933
2.2842
-0.7865
-2.1854
0.1270
1.7645
-3.1678
-4.3679
-3.5178
-0.5289
-1.7194
-1.5350
-2.1787
-1.3388
-0.3591
1.2349
-1.6073
-1.2282
-0.7944
-0.4149
3.6887
3.0280
0.0480
-0.8328
-2.3279
-0.1725
1.7493
-0.7733
-0.1277
-1.3615
2.5026
-0.4662
0.4996
1.2548
-0.9137
-0.1066
-0.3672
0.1662
-1.6134
0.9628
-0.8467
-1.1312
-0.9032
-1.4312
-1.2841
0.0068
-0.5155
-0.3151
-0.7836
0.0148
0.1989
0.4185
-0.3198
-0.4149
0.1282
-0.7436
-0.1931
-0.6366
-0.6334
-0.4608
-0.2607
-0.5392
-0.8884
-0.3139
-0.4899
-0.1647
-0.6318
-0.4198
-0.3395
-0.3059
-0.1950
-0.0462
-0.0791
-0.2978
-0.1666
-0.3532
-0.0629
-0.5393
-0.0559
0.0363
-0.0609
0.1919
0.0494
-0.1082
0.3153
-0.0418
-0.1689
0.0345
0.1516
0.0024
-0.1491
0.0064
-0.1711
-0.1538
-0.0817
0.0179
-0.2081
0.0282
0.0089
-0.0738
0.0362
-0.0877
-0.1921
0.0209
-0.0681
-0.0371
-0.0848
-0.0382
-0.2334
0.0177
0.0418
-0.1597
-0.0316
-0.1184
0.0070
0.0235
-0.0678
0.0358
-0.1202
-0.1462
0.0374
0.1344
-0.0421
0.1269
-0.2273
0.0140
-0.0534
0.0494
-0.0316
0.1849
-0.2017
0.0167
-0.0180
-0.1257
0.0475
-0.0556
-0.1483
-0.2283
-0.0152
0.0471
1.2225
-1.2398
1.8660
-0.2771
1.1303
-1.3799
-2.1787
0.1538
0.8258
0.8290
-0.9570
-2.8880
1.2926
-1.3275
3.7122
-2.1629
-3.0194
1.2987
-0.5764
0.5244
0.3771
0.3249
-1.6189
-5.5755
-2.0796
-1.3498
-2.2314
-1.8478
-0.1267
-3.5923
-0.3363
-4.4519
4.0866
4.5889
6.1427
5.3181
-0.9568
-0.9967
-0.2252
-0.6744
-1.6386
-1.6540
-1.9089
-2.1330
5.0991
-1.4874
-2.1505
-0.7087
-1.3998
-3.8793
-2.8929
-2.8232
-1.3208
-3.0423
0.5508
-3.0451
-3.4190
-0.4663
-0.4823
-1.2193
-0.9676
-0.5482
-2.8992
-1.1511
-0.9006
-2.8742
-2.7979
-1.8369
-0.9863
-0.6147
-1.7934
-1.5944
-3.1049
-2.9535
-1.8724
-2.0058
-0.0710
-2.4268
-1.8262
-2.9343
-1.6584
-2.2432
0.0630
-1.4355
-0.0879
-1.6370
-0.6524
-2.3717
-0.7667
-2.1777
-0.8555
-1.2660
-0.9891
-1.5844
-2.4637
-2.4880
-2.3488
-2.7361
-2.0793
-2.5448
-0.9547
-2.4987
-1.8042
-2.8480
-1.8502
-2.5908
-2.1262
-1.5722
-2.1582
-1.1868
0.0143
-0.0222
-0.5057
0.3246
-1.8103
-0.0254
0.9477
0.7047
-1.5997
-1.9823
0.4150
0.3900
-1.4976
-0.1002
0.6157
-2.5637
0.6659
-0.7688
0.5383
-0.1388
-0.6300
-0.5000
-0.5746
-1.2737
0.5070
0.4478
-0.3456
-0.3097
-0.8343
0.2281
-0.2785
-0.0804
-0.9135
-0.1741
0.0798
0.1995
0.2309
0.1136
0.2077
0.1382
-0.5672
0.2527
0.4015
0.2279
-0.2920
0.2285
0.1150
-0.4396
-0.6445
0.0450
0.0911
0.1875
-0.4421
0.1321
0.1862
0.2087
0.3431
0.1213
0.0073
0.2349
0.2112
0.1569
0.1263
0.1636
0.1201
0.0898
-0.4363
0.1806
0.4134
0.2234
0.1200
0.1005
-0.7604
-0.4197
1.0799
0.5867
-0.4875
0.7511
-0.0006
0.2393
0.1263
-0.4314
-0.4699
0.5592
0.1735
0.7736
-1.5547
-1.8864
-1.9981
0.7497
0.3636
-0.5240
-0.2396
-0.3668
0.2996
0.2490
-0.2411
-0.4055
0.4238
0.8361
-0.5912
-0.4487
-0.3414
-0.7756
-3.5790
-3.5033
-2.7414
0.2132
0.0036
-0.4832
-0.6261
1.1465
-1.8852
-0.5419
-0.8979
-4.9595
1.5687
-0.0246
0.3492
0.4165
-0.3777
-4.8053
-0.6778
-3.3058
0.3591
-1.3915
-1.1386
0.2545
-3.7471
-3.0636
-2.9265
-0.9317
-2.3325
-0.1369
-1.4221
-4.6301
-4.2639
-1.8685
-2.4873
-1.8168
-2.5122
-0.7068
-2.1584
-0.0489
-0.5199
-1.9137
-0.5162
-1.1346
-1.3250
-1.9471
-2.9980
-1.4747
-1.7119
-1.6494
-2.4579
-2.0822
-0.9833
-3.0370
-2.2057
-1.2360
-1.8282
-1.4162
-1.3211
-1.8539
-2.8693
-2.0855
-1.2377
-2.4725
-2.6585
-0.7672
-2.0957
-1.3826
-2.3816
-1.2063
-2.1406
-2.1026
-0.6056
-1.3847
-1.8698
-2.0082
-1.3150
-1.5754
-1.1641
-0.8484
-0.8544
-1.0578
-0.3452
-0.2459
-0.0620
-0.7765
-1.4259
-0.2131
-0.4920
-0.8823
-0.3478
-0.1381
-1.1493
-0.1814
-0.7933
0.1396
-0.2852
-0.8368
-0.3154
-0.7618
-1.0540
-0.1991
0.1315
-0.5421
-0.1520
-0.8193
0.1128
-0.4977
-0.0952
-0.6489
-0.3992
-0.0202
0.1199
-0.0141
-0.1504
-0.0974
-0.0835
-0.3475
0.0535
0.0825
-0.0494
-0.2665
-0.2115
0.1358
-0.1584
-0.1482
0.0214
-0.0924
-0.0055
-0.4241
-0.0027
-0.2495
-0.1189
-0.0599
-0.0535
0.0169
-0.0847
-0.2036
-0.1685
0.1137
0.0132
-0.0090
-0.0172
-0.4721
0.0643
0.4589
-0.0581
0.1410
-0.6354
0.0260
0.0443
-0.9487
-0.2782
-0.4654
-1.4678
-1.4158
0.0200
0.9080
-0.0920
-0.3008
0.1314
1.8666
-0.8423
1.1874
-0.8410
0.6557
0.0298
0.2505
-0.0197
-0.0418
-0.2339
-0.6746
-0.4799
-0.1949
0.8171
-1.3754
2.6666
-0.0338


Weights 1->2:
-0.6998
-0.4160
-0.3121
-0.7173
-0.6271
-0.8279
-0.4811
-0.5001
-0.7511
-0.8512
-0.6212
-0.5960
-0.6378
-0.5464
-0.2276
-0.7269
-0.7063
-0.4500
-2.1970
-0.7398
-0.6939
-0.5360
-0.6237
-0.4312
-0.3290
-0.5750
-0.5362
-0.3980
-1.3280
-1.2612
2.9877
-1.4251
-0.5477
-2.5502
3.6668
-2.9834
0.1582
-2.9267
2.6957
3.2306
0.9660
3.4591
2.5660
1.6199
-0.5249
-0.0305
2.7888
-0.6875
-1.8386
1.1141
3.6914
2.0703
0.9377
0.0377
-1.6887
0.5325
-0.4664
-1.0646
5.0593
3.4635
1.8408
3.9792
0.4432
0.6726
-0.9975
0.7030
0.6639
-2.1715
-2.0739
0.7652
-0.3608
0.0728
0.0744
2.7092
-1.5256
3.9598
-0.6265
3.5971
1.3062
3.9176
-1.9409
-1.5028
-2.6009
-0.6836
2.3929
0.9594
2.0450
1.1533
2.8990
4.4159
-3.7287
1.3452
1.3058
0.8489
-2.3595
0.1848
2.8420
-1.7825
0.3204
0.9393
0.6234
-1.2342
-2.3058
3.8176
-0.9992
3.0100
-3.0773
4.1620
-0.0281
5.5122
-1.7151
2.0353
0.9633
0.8928
-0.3151
-1.0029
3.3117
1.2518
4.3243
3.2760
-2.6098
2.2917
2.3466
2.2175
0.8006
-0.5452
1.3356
1.0729
-0.7961
0.4474
0.1736
-0.6001
-2.6549
2.6073
-1.2346
3.6001
-1.2933
3.9012
1.8411
4.5023
0.7045
0.9152
-1.2032
-0.1383
-2.1056
1.2214
-0.5691
-0.5317
4.1719
4.0181
-3.2858
2.6663
1.0835
1.0564
-1.5008
1.2892
-0.4118
0.2923
-2.3869
0.1782
0.7342
-0.2161
-0.6636
3.1296
1.0343
4.9284
-1.8706
2.7851
0.8549
3.1453
0.3001
-0.7224
-2.0311
0.6103
-1.1329
0.8995
2.1209
0.3844
3.9077
4.2362
1.6058
-1.7868
-1.0342
2.8367
1.5880
2.7269
-1.5183
-1.2650
-0.3276
-0.8851
0.5066
-1.2744
1.5268
-0.6800
-3.9268
-1.5306
-2.5498
3.5555
1.2239
0.2612
3.3181
-0.9165
3.1833
2.0294
0.0297
2.3743
-0.5636
2.9410
5.1217
3.4138
1.1403
1.3222
0.2058
-1.8208
-1.7125
1.8051
-2.1629
-2.9859
1.1888
2.5604
0.0896
-3.5169
0.4801
-0.2474
3.3026
-2.2981
2.6248
-3.7309
1.7729
-0.4777
0.1552
-0.6203
1.7332
3.7750
-0.3555
0.6870
2.9705
-0.1595
6.4123
2.8192
0.6857
0.9059
0.3479
1.5232
1.4346
1.4143
-1.2235
-0.0318
-1.2145
3.5891
-0.7425
-3.2711
-0.1338
-1.1270
1.6601
3.2393
-0.0986
3.7240
2.0403
-0.5200
-1.3607
0.3742
-0.1259
-2.6369
-0.3734
2.6041
-0.4871
-1.1823
6.1738
1.6073
0.9327
0.6209
2.5897
-0.5729
1.5009
0.9646
-1.6218
-2.7917
-1.1113
2.5870
-1.3488
-5.5596
1.9472
3.5011
-0.2819
1.6826
-1.2891
-0.8528
2.1377
0.4340
-1.0519
-1.8979
2.0677
0.4175
2.3135
-1.8236
2.0238
-1.6328
5.9598
3.1946
0.2816
-2.6459
-0.1734
0.9662
1.5365
1.1883
-0.2855
-1.1194
-0.0001
0.8011
-0.6267
0.2883
-0.3532
1.3519
0.1393
0.6150
0.1851
-1.9512
2.8390
0.3855
-0.9773
0.6684
0.4488
0.6722
0.0678
2.2120
1.4922
2.2759
5.6379
2.7082
1.1880
-0.0024
-1.2217
0.7373
1.2992
1.7453
0.2462
-1.7477
0.6297
1.0387
0.0429
-1.8433
-0.4656
0.4574
1.1129
-2.5225
-1.0874
-0.0692
2.6036
2.0636
1.8717
1.8299
-1.6126
2.9509
0.2357
2.8056
-0.2170
1.9906
4.1532
2.9163
1.6146
-3.2450
1.4882
1.7337
-0.0118
1.8128
-1.1028
-0.7614
1.2398
-0.7024
-0.5016
-2.2832
0.9213
0.3466
1.7112
2.2307
-1.5698
0.0604
2.8474
-1.2046
0.1659
0.0004
0.6312
0.1504
1.9768
-2.2880
0.6640
4.5682
3.9169
2.4208
0.2637
1.1559
-0.0722
0.6536
0.6294
0.1940
-0.1316
-1.2944
0.2147
0.4449
0.1572
-1.9972
-0.5115
0.5777
0.7851
1.2676
-0.5730
-0.4419
2.9007
0.3617
1.1911
0.2063
1.7875
-0.2470
-0.3492
2.2035
-0.2376
0.1495
4.6530
2.7788
1.1013
1.9580
3.0348
2.6672
-2.0616
0.7650
-0.5415
0.6761
-1.2169
1.2835
-1.0090
-0.7338
-2.2382
2.7309
1.9174
1.8038
-0.6955
2.4982
0.7341
3.2196
0.4035
0.9431
-0.7201
0.3623
-0.4514
-0.7206
-0.1135
0.1536
2.2573
3.8342
0.7415
1.1124
1.5045
1.3164
0.5162
1.7905
-0.3827
-1.3935
0.4618
-0.9727
0.3450
-1.5983
1.5380
1.5600
-1.8942
1.3098
1.0789
-0.4305
2.7654
-1.8756
0.1658
0.3826
0.0467
1.6761
0.3016
-0.4626
1.1283
1.2663
5.2452
1.9113
3.2993
-2.0710
-2.3306
0.4742
2.2741
-0.2554
0.2498
-1.1945
0.6871
2.0274
2.3385
3.0915
-0.1088
-0.0669
2.6387
-0.3286
1.7087
1.6163
1.5787
-0.5273
2.4962
3.4300
-1.3415
-1.9986
-2.9586
1.6598
-2.3109
-3.3501
1.4294
2.1302
1.2136
1.3585
-0.3896
1.9063
-1.1607
1.5851
1.0064
-1.2757
0.9583
-1.6586
-0.4494
-0.6904
-0.7176
-0.2331
0.7719
-0.6077
2.2592
0.8140
1.5825
0.4497
-0.4386
1.9244
0.9293
-0.1015
3.6152
0.9398
-2.8013
-1.0784
4.1735
2.7193
0.9870
1.9014
-0.1851
1.8396
-0.7852
3.4167
-0.0831
-0.0705
1.0912
1.4725
-0.7776
-2.3709
0.8470
0.9836
0.7767
-0.6729
-0.2190
-0.4640
1.8578
-0.7764
0.8643
-0.9767
0.7494
0.3283
-0.1491
1.6267
-1.0784
-1.4184
4.6951
2.2224
1.2811
1.3520
3.8346
-1.0661
-0.1984
0.7871
1.5979
0.2429
-0.3668
2.7564
-0.9790
-0.5827
-2.0000
-1.1251
0.5990
0.0613
0.4681
2.3374
3.4593
5.1764
-1.2282
-1.0610
-0.7427
-2.0588
-1.1005
-0.7229
2.0157
1.2629
1.3244
0.7971
-1.2304
-1.7603
-2.3609
-3.7067
-2.1602
-2.1526
-1.2088
-1.4221
-0.9726
-2.2890
5.9887
4.6563
3.1800
-2.6956
-1.1415
-3.5591
2.5795
3.0518
-2.8846
-1.5464
-1.6444
-0.3972
-0.0968
6.2869
5.1745
-2.2752
7.7876
0.3520
-0.2388
-3.9380
2.9326
-1.5506
-1.0144
1.5137
-0.1120
0.1143
2.4404
-0.8152
1.5148
0.7915
6.9351
-1.5840
0.7357
-0.2972
-1.2013
-0.2002
3.1817
-1.0026
3.6451
-0.4908
1.1700
-1.9587
1.2836
3.1683
0.2844
-0.3390
-0.8409
-0.3263
-3.8484
-0.3456
-1.3240
-0.8901
-1.9049
1.6804
-1.0394
0.4612
2.1368
1.1222
1.2697
-0.6661
4.0173
-1.3874
-1.6348
-1.6669
0.2286
0.4744
0.3847
-1.3325
3.7660
1.5339
-0.1058
-1.5187
-1.0113
-2.9455
-0.5633
-0.4572
0.7457
-1.4832
-2.2139
0.5763
0.5440
-1.7492
-0.8513
3.1184
-0.4390
1.3200
0.8692
-1.7884
1.5287
1.4441
-0.2828
-0.8266
0.4056
1.0334
1.0312
0.1988
-1.2541
-1.3954
1.6817
-0.8485
1.7438
0.2844
1.2351
1.6376
0.1921
1.3892
-2.2561
-0.9917
3.2963
3.0451
-0.1968
-0.2077
2.8036
0.6623
-1.3390
1.5648
-0.3483
-0.3216
1.2553
-1.1451
-0.6079
1.4456
0.0744
-1.6931
0.1967
1.6389
-1.2595
-1.7316
1.6329
0.6953
0.4080
-0.0640
0.6749
2.7201
3.1034
-1.5935
-0.5190
0.8812
4.3636
1.9918
2.5134
-1.6901
-1.6563
-3.6784
4.0939
-1.3172
-0.6765
-1.5813
0.5713
2.1336
2.3028
1.4889
0.7089
0.1769
-0.4388
0.6418
1.2594
0.2465
1.2569
0.5758
2.1730
3.3621
0.3968
0.0165
-2.0887
-1.5296
1.7174
3.6753
1.4866
0.8857
0.6281
1.7086
-1.3495
-0.8179
3.7545
1.6075
-1.1308
-0.8957
0.0174
-2.8340
0.9591
-1.4937
1.0615
-1.1331
-3.3682
2.4129
-0.3228
-2.5452
-0.0281
-0.0017
-0.4358
0.7541
3.9202
-2.4543
0.3762
2.7292
-3.8077
1.0189
4.9066
0.7022
1.3354
0.4708
0.2695
0.8248
-0.0189
-0.2042
2.3907
2.2380
-0.0940
0.7032
2.6087
-1.0929
-0.8855
1.3699
0.1076
2.5811
2.1960
1.1620
3.2591
1.1164
1.7771
-1.3818
0.4836
-1.7004
0.8100
-0.6623
-0.3137
1.4945
-1.9330
-0.8321
-0.4317
0.5426
0.8451
0.0351
1.0905
-0.5144
3.0579
1.3545
0.5093
0.1287
1.6372
-1.4248
-0.4665
0.8457
-0.1730
1.6481
2.6096
1.5621
2.7573
1.6945
1.3707
-0.8792
1.2214
-0.7591
0.3601
-0.2522
-0.4684
0.6348
0.0996
-0.5723
-1.3004
-0.2507
-0.5881
2.9650
-1.3691
-1.2970
-0.3167
3.8274
-1.0413
-0.5445
-0.0392
-1.2090
0.6731
-0.3572
0.4063
-1.6111
-1.8649
-0.8280
4.4760
-0.9064
-1.2070
-0.3913
-0.7325
-1.4361
-0.0366
1.6100
-0.0934
-0.0329
-2.7703
-0.6789
2.6501
-1.2965
-1.3856
-1.6663
3.4177
-1.3447
-1.2587
-2.0219
0.9616
1.7613
2.1029
1.7264
1.9690
0.6677
0.0515
-0.2440
1.7207
-0.7438
-1.5241
0.3131
2.3125
2.5849
0.0297
-0.8763
-1.8676
0.0044
0.0989
-0.2350
2.4067
1.5816
-0.4340
0.2374
0.4325
0.2478
0.3178
3.0497
0.7414
1.4068
1.1694
0.6109
-0.2705
-0.5728
-0.5756
0.5606
1.9229
0.5113
0.9230
-0.9826
3.1034
-0.2840
1.2952
-0.2105
0.2522
2.0174
1.6857
-0.1322
0.2272
0.9633
1.1465
-1.0838
1.9989
0.0328
0.2686
-0.9550
0.4522
1.0105
0.5027
1.1630
0.5803
0.0344
0.9934
0.0350
1.4439
-0.0542
1.2903
0.2356
2.0850
-1.8976
3.6763
-0.4062
1.9632
-0.3943
0.6319
0.5950
0.7634
1.8302
0.6555
1.6736
-0.4154
-1.3104
0.0027
3.3931
0.7735
-1.3700
-0.5815
1.3894
1.0264
0.5481
-0.6021
0.2358
0.3379
0.1278
2.3610
0.7672
-1.4885
1.1787
2.1518
0.0186
2.5810
-1.0277
2.2844
-0.7972
1.6515
-0.5409
0.1621
-0.5332
0.4810
1.6501
1.3506
-0.9461
0.1401
1.1017
1.1906
-0.1684
-0.5467
-1.2103
2.6055
1.9079
0.1441
0.6566
0.8359
-0.8938
-0.2638
1.4371
-0.7093
1.9051
2.9292
2.3646
1.8727
1.1385
1.3813
-0.6446
1.3949
-1.5679
-1.4043
-0.2137
-0.8967
1.1842
-0.3310
-0.9717
1.3346
3.0220
0.9303
0.0266
3.5455
-0.1182
-2.1232
0.1509
0.6665
1.6841
-0.9537
0.6895
-0.7408
5.2970
1.4064
0.2507
0.2793
2.5125
1.7604
2.7794
-0.0489
-1.9368
-3.9452
-1.3535
-2.2316
-0.3076
0.0286
-1.9156
2.4039
-0.2882
1.1895
-1.1991
1.9213
-0.4029
0.0689
-0.1958
0.4761
-0.3801
1.1499
1.7594
0.6101
-2.0126
0.7375
1.3350
-0.2882
0.7966
3.2834
-0.8229
3.4406
-0.6531
1.1447
-0.6782
1.2753
0.8327
-0.2471
0.1787
0.5946
1.1029
0.3993
-1.2682
1.2213
1.3919
0.8914
0.2188
-0.0039
0.9034
0.4378
0.5291
0.0966
1.5973
0.9762
-0.8813
0.4647
-1.3566
0.7379
0.9237
3.0671
0.1341
2.9366
-1.8182
2.5319
0.2345
0.7911
0.2131
-0.1676
0.8406
-0.2094
-0.7567
-0.0349
-0.4572
0.9283
-0.1848
0.6972
-0.0739
0.8325
1.0420
1.1343
1.8646
0.6907
0.3022
0.7713
-0.7686
0.1229
-0.0156
-0.7373
0.7300
1.8148
0.1728
3.1800
0.7020
1.6349
0.0500
0.9818
-0.0043
0.5739
0.3398
-0.0578
2.2725
0.2770
-0.6752
-0.4032
0.3719
0.1885
-1.1360
-0.3088
-0.3148
2.0680
1.9627
0.3922
-0.1712
1.5754
-0.7518
0.0649
1.5519
1.5401
2.4370
1.8698
1.6334
2.9588
1.8761
1.6748
-1.4683
0.5149
-1.3177
0.2324
0.0706
-0.4343
1.4759
-0.9792
-1.7895
0.1467
0.7073
-0.1227
0.5602
0.7560
1.5089
1.5103
1.3537
1.7507
0.7228
0.7652
-0.0206
1.2324
0.7844
-0.6172
0.0175
1.7540
-0.5971
3.3324
-1.0969
1.1118
0.0054
0.1232
0.7835
1.3064
0.3892
-0.1997
0.7411
0.8096
-0.9197
1.4737
0.6059
0.7799
-0.8718
-0.0072
1.2631
-0.2278
-0.1788
2.0913
-0.1668
0.7067
-0.5200
0.6295
-0.4038
0.6149
-0.2125
3.0467
-0.7251
3.0210
-1.1213
2.3246
0.6830
1.4939
1.0515
-0.4529
1.6144
1.1233
0.5877
-0.1820
-1.4128
1.1256
1.0765
0.2522
-0.0102
0.2171
1.6288
-0.5925
-0.9758
1.2291
0.8475
-1.5381
0.6795
0.3412
0.6962
-0.0645
-0.2152
1.0623
0.5790
1.7887
0.0392
0.2235
1.7483
0.6426
-0.0495
0.9215
2.1425
-0.7672
-0.3948
1.4576
1.7014
3.0496
-0.8202
-1.5947
2.1653
3.8776
-1.1827
-2.3379
-1.1350
-0.2595
3.6016
1.8259
1.9058
2.0387
0.3335
-0.5578
-2.6027
1.4559
-0.8896
-0.3313
-0.7728
2.6367
1.3841
0.5727
-2.0974
-2.9551
-0.0789
-2.1649
-2.8523
1.0244
2.2527
0.4056
1.4234
0.4514
1.2927
1.5204
0.2459
0.8033
1.9170
0.5579
0.3346
1.0635
1.5006
0.5303
0.2148
-0.0508
0.8257
2.0710
-1.0665
2.9014
1.0729
0.3880
0.2435
1.5981
1.1368
0.6235
-0.1945
-0.1838
1.1926
-0.1746
-1.1618
0.1552
0.1451
0.7517
0.3698
0.0450
1.2851
1.0811
0.8052
0.6666
0.4480
1.2001
-0.6045
0.5646
-0.2220
1.0061
0.9494
0.9906
-0.9711
2.5643
0.0726
1.2616
-0.1771
0.7865
0.9338
1.3056
0.6264
0.2782
0.6474
0.0633
-0.2455
-0.4454
-0.3794
-1.3257
1.9260
-1.2734
1.7261
-2.4000
0.1570
-3.1309
-0.6889
0.8612
3.4965
-1.4354
-0.9230
-0.6255
1.7196
0.2069
-1.6716
1.1656
-1.2072
0.9494
0.5247
-0.1162
1.8102
0.4866
-0.6556
3.4536
-0.2673
-2.2091
2.8835
2.6723
-0.5036
-1.5139
0.6599
4.3969
-1.1583
-2.1839
-1.7826
1.0314
2.1523
2.2153
1.7954
1.6272
-0.1885
-0.3404
-1.1942
0.4495
-0.4506
-0.2711
0.8257
2.5355
2.2999
0.2801
-1.1177
-2.7517
-0.0283
-0.7795
-1.2547
1.3141
1.2680
0.5967
1.0712
0.4053
-0.1705
-0.0715
1.0244
1.2471
0.4310
1.0708
0.4043
0.3540
-0.5053
0.4680
-1.0119
1.3011
0.2461
2.2215
-0.3258
2.1842
-0.0470
1.5514
0.3610
0.5245
1.0806
3.0907
0.7118
-0.0483
-0.2028
-0.3646
-0.8017
0.8292
0.1207
0.7973
0.8688
-0.1158
1.9266
1.2942
0.8386
0.9622
0.6913
0.5249
3.4262
1.8035
-0.2261
-1.2204
0.1608
0.7915
-0.0202
1.1160
-0.2729
0.3311
1.0881
0.5650
0.5684
1.4071
-0.0723
0.3068
-0.1111
-0.5359
0.4440
0.2159
-0.0994
0.7079
1.6855
0.4157
1.3299
1.5698
1.3116
1.3217
0.4481
0.3700
0.1779
-0.0524
-0.1573
0.3140
0.7439
1.2127
-0.8851
2.3886
-0.5694
0.2551
0.7896
0.6957
0.4027
0.1146
0.9063
-0.3364
0.5812
0.3992
-0.9442
2.0122
0.2398
0.5624
-0.2231
-0.8380
0.9056
1.0996
2.4271
0.7093
0.7809
-0.3289
4.4906
1.3625
0.5912
-0.0249
0.4657
0.4183
1.5100
-0.3763
-0.0522
0.3702
0.1189
0.3214
0.5530
2.1977
-0.2720
-0.6837
-0.2777
-0.9561
-0.0837
-2.8272
2.6634
-1.1087
-0.7273
-0.7918
-0.7868
-2.2871
-2.0871
-0.4328
-2.2436
1.0622
-3.0583
-2.1108
-1.9331
-0.0528
0.7923
-2.7131
4.6852
-4.8983
3.2010
0.1152
0.4813
-2.9541
-0.1177
-1.0792
-2.1518
0.6457
-1.0916
2.1919
4.3176
0.9468
0.3358
1.0032
0.8038
0.4242
0.9828
1.6959
1.0186
0.5374
0.6033
1.0649
-0.6949
-0.1675
1.3472
1.3167
0.7605
2.0815
0.6791
1.5548
0.4545
0.9926
-0.1452
0.3697
-0.2639
0.2568
-0.6696
0.0377
1.3984
-0.4336
-0.6914
0.4647
1.2381
1.5166
-0.5146
-0.4325
-0.0294
1.4456
0.9372
0.0077
-0.6659
0.3323
0.1054
1.5425
0.8711
-1.1450
2.2840
-0.3234
2.0157
-1.3763
2.7645
-0.1363
-1.5020
-0.3168
-0.5837
1.7207
0.3224
-0.8287
0.7534
1.4113
1.3158
0.1622
1.2806
0.2147
0.9776
0.6727
1.0377
1.1821
0.9610
0.0521
0.0132
0.5307
-0.6930
0.3101
-1.1620
1.1820
-0.2119
-0.0272
-0.2505
-0.5364
1.9687
1.4710
0.3261
1.0872
-0.0693
1.3119
1.9547
0.6734
0.4797
1.5284
1.0811
0.6878
-1.3153
-0.3078
0.8947
-0.8253
0.5170
1.8052
1.2114
1.8876
0.9996
0.2974
2.8243
0.8632
2.4066
-1.4441
1.5523
0.6344
2.3090
0.7171
-1.0606
-1.1286
0.8429
0.2750
-0.4230
0.5942
0.5942
0.9700
-1.3273
-0.1644
0.1030
0.7966
-0.4783
0.2965
0.3272
-0.2105
1.7601
1.1793
2.1777
1.0375
1.5041
0.3743
2.8348
0.4618
-0.2784
0.1027
-0.2699
1.2453
-0.9322
0.6015
0.0082
-0.4580
0.4830
1.6886
0.8126
1.4368
-0.0783
0.0765
-0.3719
-0.4768
0.9496
-0.0635
0.2132
1.7309
-0.8698
-0.1396
-0.3209
1.8427
1.0827
0.3749
0.6167
0.0507
-0.7185
1.2898
-0.0996
1.0776
0.2940
2.9191
0.3665
1.0748
-0.1109
0.6052
0.4788
0.7199
0.1302
0.1971
0.2165
0.0701
-0.1538
0.1027
-0.0762
1.3871
0.9595
0.3496
0.5675
1.2756
1.3255
0.9025
0.7780
1.0134
0.8597
0.5566
2.9882
0.3068
-0.4742
0.6756
0.4677
1.2608
-1.2543
0.4541
0.2456
0.1044
0.8890
1.1223
0.8932
1.1661
-0.0823
0.1648
0.4424
-0.8823
0.3954
0.8460
0.5893
-0.1490
-0.0041
0.4914
1.3993
0.4069
1.1122
1.3661
1.0052
0.4804
-0.0165
1.1661
-0.7104
2.6775
0.7107
0.6004
1.7603
-0.6586
-0.5696
0.0935
-0.2490
1.0433
-0.4279
1.8203
0.4094
0.0852
0.3097
1.4166
0.1235
-0.3820
-0.1040
-0.3654
0.7493
-0.6033
-0.5650
0.4816
0.0387
-0.9486
-0.4051
0.6664
-0.3442
-0.6775
-0.5900
-0.0506
-1.4991
-0.8733
-0.4546
2.5356
-1.0548
-0.5230
-0.5849
-0.5254
-0.8989
-0.3131
-0.0623
-0.5986
-0.3767
-1.8028
0.4674
-0.0255
-0.3482
1.1706
0.4819
1.0012
0.3702
1.1330
0.3471
1.0458
0.7680
-0.2439
0.4499
1.3139
0.5568
0.4374
1.0620
0.8059
-0.8621
0.9038
-0.4527
-1.0186
-0.0717
0.0738
1.3013
0.6986
1.3368
-0.0703
0.0165
1.8118
-0.0713
1.0132
-0.1509
-0.6198
0.0718
1.7758
0.5430
1.1984
0.5437
0.3568
0.1929
1.3915
0.9237
1.5695
0.5865
0.8703
0.9580
-0.2247
-0.3248
-0.9739
0.6671
-0.0874
-0.5371
-0.2637
0.7943
0.1286
1.3370
0.3343
0.9291
1.6110
0.6091
1.8363
0.8113
-0.5925
1.3387
3.9972
-1.5869
-0.7015
-0.6388
0.0582
-0.0744
1.5997
4.0825
1.7879
-0.6451
-0.4081
-1.6283
-0.1006
-0.0700
-1.2969
1.6272
1.8779
2.6801
-1.3167
0.9182
-0.9468
-0.1160
-1.2278
1.1443
0.3378
-0.2971
0.7345
-0.7895
1.0163
-0.0935
0.4065
0.9135
1.0868
2.5723
0.7895
0.6780
0.7330
0.5520
0.1750
0.5923
-0.2605
0.6470
0.6529
-0.5867
1.4589
1.0182
0.0192
0.7937
0.5829
0.3549
2.0697
1.0353
0.8032
0.0240
-1.2495
-0.8623
0.7634
-0.1483
0.7442
-0.2093
-0.4768
0.5066
1.3389
1.4708
1.2168
0.9417
0.4248
3.1850
1.0732
-1.3999
0.5101
0.4389
1.3288
0.0535
-0.0374
-0.0529
-0.4457
-0.1741
0.8361
-0.0636
1.8696
0.9340
-0.1667
-0.2272
-0.7670
0.3368
0.6080
0.2837
0.5519
0.0887
0.9059
1.0951
0.6419
1.1188
1.4247
0.8874
1.0605
2.8628
0.5699
0.5059
0.4970
0.8827
1.3925
-0.2582
-0.5611
0.1383
-0.2397
1.3065
1.1794
0.1251
0.5969
0.4174
-0.1104
0.1146
-0.6340
-0.1939
0.9259
0.3027
-0.4891
1.5589
2.8971
-1.4929
-0.3878
0.4749
0.1938
-0.2583
-0.0041
3.7584
-0.7093
-0.1986
0.2038
-1.7992
0.4153
-0.1141
1.5256
-1.0713
0.0034
0.0233
-0.9184
1.3602
-0.3941
-0.6691
1.4664
-0.1941
-0.5028
0.8159
2.0920
0.2120
0.7949
0.4278
1.2386
1.3142
0.9612
1.5615
1.7767
0.2365
0.7217
1.9891
0.8724
-1.1348
-0.0398
0.9743
0.8159
-0.2974
0.0782
0.5130
0.0672
0.3559
1.1044
-0.3958
1.2604
0.3288
-0.2181
-0.3567
-0.9917
-0.2745
0.3020
0.4303
0.6427
-0.1316
-0.0702
0.8261
1.2749
1.4667
0.7255
-0.1425
0.1076
0.3352
1.0990
0.0198
0.3531
1.6015
0.6680
-0.4544
-0.7255
0.6626
-0.4234
0.6210
0.7096
0.7488
1.4524
1.4682
-0.3031
0.2621
0.1977
0.2629
0.7385
-0.1142
0.3442
-0.3490
0.3663
0.9434
0.6313
0.9339
1.3537
0.6941
1.2915
2.6686
1.0807
-0.1744
0.9913
0.7495
1.3303
-0.3113
-0.2690
0.4689
0.0307
-0.3666
0.9894
0.1729
0.3981
1.1459
0.2526
0.1727
-0.7788
-0.4215
1.0013
-0.7296
1.7249
0.0539
-0.4751
1.0198
0.9442
1.9594
1.0180
0.2419
-0.4604
-0.2488
1.0756
0.9082
0.1359
0.4974
1.4511
-0.8302
-0.6468
0.0341
0.8923
0.2580
1.4362
0.9592
0.3748
0.6064
-0.6215
0.5882
-0.7403
-0.3503
0.6182
-0.7605
1.0565
-0.7126
-0.3470
0.8886
1.2741
1.7517
1.0934
0.8860
0.6345
2.5153
0.1726
0.6825
0.1773
0.7374
1.2532
0.2379
-0.0714
0.0483
-0.5241
0.8472
1.1232
0.6155
0.9737
0.1612
-0.1509
-0.5904
-0.7721
-0.0669
0.2472
-0.1293
0.8365
0.0850
0.4080
1.6136
0.8697
0.2872
0.9863
0.5667
0.0287
-0.7324
0.8864
-0.0533
0.2229
1.2113
0.7133
0.5316
-0.2910
-0.4040
0.6401
0.8560
1.1236
0.9595
0.9201
0.9415
0.7525
0.7569
-0.1424
-0.5497
-0.8080
0.9153
-0.7051
2.9313
0.6838
-0.8584
-0.7511
-0.1944
-0.3524
-0.6947
0.5500
2.8356
-0.4540
-0.6507
-0.0779
-1.7655
-0.6403
-0.2005
1.4598
0.6148
0.7937
-0.1451
-1.2536
1.1830
-0.5382
-0.5125
0.9745
-0.9002
-2.1139
0.9765
0.4658
-0.4972
0.8822
-0.5052
-0.1923
1.9333
1.2623
2.1801
0.3196
0.1456
0.1206
-0.3336
1.2051
-0.1098
0.3467
0.6064
0.8371
0.2269
-0.3511
0.3121
-0.6098
0.4290
1.0985
0.3642
0.9912
1.6669
0.2662
0.7965
-0.4050
-0.4148
0.5652
-0.4340
1.2899
0.4666
-0.3244
0.9145
1.2560
2.2714
0.5782
-0.5997
0.5321
0.4291
1.4533
0.8748
0.5192
1.4971
0.6048
0.0366
-0.7957
0.5024
0.5112
0.6760
0.1719
0.7402
1.5829
0.8190
-0.0566
1.0555
-0.7838
-1.3244
-0.1698
-0.3419
0.9233
0.2141
-0.2564
1.8053
1.3066
1.5307
0.8275
0.0106
0.0028
0.3316
0.8307
0.3557
0.2578
0.9295
1.3525
-0.6499
-0.4315
0.6568
-0.4492
0.7150
1.1418
1.2705
0.9199
0.7551
0.5342
0.4715
-0.3816
-1.0477
0.5198
-0.0695
1.0109
0.0306
-0.1020
1.4268
1.1539
1.3900
0.9098
0.7663
0.2744
-0.0968
0.7725
0.6048
0.1850
0.4737
1.4960
-0.3049
-0.2139
0.6703
0.1324
0.4705
0.7847
0.1857
1.4462
0.5435
0.7805
0.3204
-0.9912
-0.5878
-3.0963
-1.2679
-0.0615
-1.4801
-1.3291
-0.5621
-1.0601
4.8210
-0.9828
0.0911
-4.5856
-0.7303
-4.5187
-1.6244
-0.2305
-0.5666
-1.6326
-0.2207
-3.9347
0.9331
-1.4820
4.2227
-1.2421
-1.1142
-0.3647
0.3035
1.0536
-0.3233
0.7193
2.9252
-3.8879
1.8580
-0.8041
-0.9484
1.9176
-1.6305
-1.0606
0.8525
-2.5828
-1.9462
-0.6008
-1.6679
-0.0426
-1.5347
-0.6536
0.5902
-0.5866
0.8030
-3.5035
2.3514
-1.4426
-0.0640
-1.1173
1.9890
2.2306
0.6964
2.6768
0.0140
3.0186
1.5784
-1.0672
-0.1290
1.8089
-0.2847
-0.8041
-0.8595
-1.3698
-0.8069
-1.6042
0.1745
-0.5833
3.0405
-0.8400
2.1502
1.0790
0.2923
-1.8947
2.0895
-2.6805
0.9623
0.2341
-0.8626
-3.2411
0.3718
-1.1508
3.3026
-0.6349
0.3911
-2.6327
2.0203
-1.3477
0.3171
-0.8789
1.3264
-1.3212
-1.1990
-1.2170
0.1008
-0.9742
-1.6148
-1.3709
1.7921
1.7786
0.3101
0.5525
1.4461
-2.2287
-0.9391
-1.1931
-1.3607
-1.6786
-0.1828
1.0014
3.6943
-0.8386
-0.4808
3.6332
-0.8088
-2.3286
1.6917
-0.3517
0.3818
-0.4501
0.8589
1.2261
-0.7452
-0.4855
-0.5488
-0.1788
-0.4448
-0.0160
4.1536
-0.1228
-0.7423
-0.2528
-1.2442
-0.8554
-0.6308
0.8038
-0.0368
1.8327
-0.6362
-0.2557
0.9842
-0.6300
-0.8591
0.1007
-0.7369
-1.1025
0.5385
-0.7234
-0.3503
-0.6584
1.0430
-0.8436
0.1918
-0.4348
0.3676
-0.1754
-0.8614
-0.2963
-0.8168
-0.5580
-0.7612
-0.1637
-1.2071
-0.6404
-0.5572
1.7948
-0.6600
-0.8356
-0.3364
-0.4897
-0.6933
-0.2901
-0.6859
-0.6729
-0.3638
-1.6284
-0.9296
0.0594
-0.0919
-0.6290
1.8864
-0.0121
-0.8337
-0.1932
-0.2775
0.9549
-0.0499
-0.3281
0.8248
-0.0617
-0.1815
0.1949
-0.6946
-0.2582
1.7075
0.1213
0.0821
1.2081
0.4710
-0.4685
-0.3307
-0.4001
0.5651
0.1013
0.2612
0.3366
-0.2031
-0.8903
-0.5854
-0.5748
0.1330
-0.6567
-0.6177
-0.5342
-0.0985
-0.4530
-0.6955
-0.3839
-0.7460
-0.4977
-0.4825
-0.4070
-0.9705
-0.9183
-0.4711
0.7580
-0.7601
-0.8081
-0.4098
-0.5964
-0.6258
-0.5295
-0.4502
0.1338
-0.5773
-1.4798
0.2647
0.2476
-0.0190
-0.3913
0.3692
-0.4258
-0.4340
0.2086
-0.4013
0.4201
-0.7997
-0.9971
4.4819
1.3105
-0.3387
0.1316
-0.5042
-0.5625
0.3194
-1.6078
-0.3260
0.5384
0.2376
-0.1633
0.1485
-0.1166
-0.2269
1.0844
-0.4063
-1.3147
-1.1441
0.4141
0.0563
-0.3713
-0.0902
0.0406
-0.7791
0.0795
-0.5437
0.2112
0.7536
0.3699
0.2786
1.2733
-0.3981
0.0193
-0.9134
-0.5728
-0.0302
0.0752
-0.7604
-0.3584
1.3243
-0.3872
-0.3590
0.1506
-0.5852
0.4749
0.0102
0.0312
-0.2704
-0.4615
-0.2040
-0.4386
-0.4132
-0.6334
0.1349
-0.1039
-0.5577
-0.7439
-0.7620
-0.5437
-0.4599
-0.5367
-0.6620
-0.2899
-0.7481
-1.1601
-0.3850
1.4172
-0.6480
-0.6662
-0.5552
-0.5853
-0.6194
-0.5451
-0.5651
-0.8899
-0.4324
-1.6528
-1.9734
-0.8092
-0.4486
-0.4967
0.2863
-0.5658
-0.2862
-0.5335
0.1212
-0.3723
-0.5489
-0.3313
-0.6387
-0.6273
-0.3040
-0.2829
-0.9521
-0.6840
-0.5965
0.7174
-0.7878
-0.8194
-0.3886
-0.5439
-0.5567
-0.6059
-0.6437
0.8721
-0.3363
-1.5239
-0.6319
-0.6488
-0.4327
-0.4934
-0.3314
-0.7118
-0.4421
-0.7757
-0.3454
-0.0604
-0.4812
0.2282
-0.7303
-0.7041
-0.3638
-0.2558
-0.9550
-0.9933
-0.5192
0.0373
-0.8119
-0.7736
-0.5431
-0.6189
-0.6513
-0.4701
-0.4619
-0.1360
-0.4673
-1.6222
0.4558
-0.6760
-0.4282
-0.3601
0.1512
-0.3234
0.0654
-0.3329
-0.3783
0.0980
-0.6322
-0.4136
-0.4871
-0.5703
-0.4330
-0.1323
-0.8599
-0.7651
-0.1972
0.3487
-0.6702
-0.5594
-0.4545
-0.3056
-0.2856
-0.7742
-0.5183
0.0899
-0.3403
-1.1378
0.0044
-0.7610
-0.4684
-0.5188
-0.0959
-0.7234
-0.4456
-0.0699
-0.2665
-0.5774
-0.7208
-0.9093
-0.3457
-0.5189
-0.5958
-0.1486
-0.4052
-0.3712
-0.4758
0.8087
-0.4920
-0.3197
-0.3352
-0.5082
-0.6650
-0.5987
-0.3940
0.6055
-0.6058
-1.4078
-1.8920
-0.7393
-0.4331
-0.5407
0.7043
-0.4011
0.0286
-0.1676
-0.1616
-0.2880
-0.7182
-0.6522
0.3221
0.2060
-0.5792
-0.2191
-0.7016
-0.9200
-0.3846
0.2645
-0.3853
-0.3297
-0.5548
-0.3102
-0.5721
-0.4609
-0.3125
-0.3580
-0.2773
-1.2530
-1.2343
-0.5926
-0.4900
-0.3902
0.5961
-0.7357
-0.5360
-0.6022
0.6780
-0.1142
-0.7058
-0.8916
-0.6587
-0.6416
-0.2041
-0.3392
-0.9255
-0.4320
-0.5481
0.4808
-0.5818
-0.7100
-0.2496
-0.3813
-0.5015
-0.4911
-0.4564
0.2149
-0.3872
-1.5677
-1.0237
-0.4712
-0.3525
-0.4398
-0.0001
-0.5213
-0.7748
-0.5069
-0.4907
-0.5691
-0.6023
-0.6864
-0.2165
-0.5251
-0.2525
-0.1683
-0.6051
-0.7541
-0.3010
-0.0918
-0.5680
-0.5592
-0.4432
-0.4230
-0.1916
-0.5971
-0.6982
-0.2669
-0.3681
-1.2214
-0.0692
-0.7486
-0.4321
-0.5020
-0.3495
-0.5967
-0.5704
0.0058
-0.4565
-0.5339
-0.6367
-0.3073
-0.7268
-0.5433
-0.6020
-0.2800
-0.8854
-0.8171
-0.6054
-0.0277
-0.6667
-0.7406
-0.4309
-0.5703
-0.4257
-0.6416
-0.5585
-0.4763
-0.4370
-1.4452
-0.4220
-0.8215
-0.4831
-0.4044
-0.2006
-0.6695
-0.8065
-0.7245
-0.2262
-0.7389
-0.7614
-0.6455
-0.6567
-0.7628
-0.5043
-0.1209
-0.9753
-0.5829
-0.5433
0.0222
-0.5431
-0.6587
-0.3003
-0.4239
-0.4946
-0.4516
-0.6482
-0.2408
-0.2579
-1.4635
-0.4047
-0.4495
-0.3057
-0.4770
-0.3595
-0.2584
-0.7661
-0.4838
-0.3664
-0.6246
-0.4780
-0.7497
-0.3670
-0.3948
-0.2658
-0.3130
-0.6065
-0.8834
-0.3114
-0.5518
-0.8330
-0.8723
-0.4139
-0.3259
-0.4793
-0.3825
-0.5843
-0.0445
-0.2328
-1.2665
-0.3561
-0.5764
-0.2047
-0.4091
-0.2482
-0.5073
-0.8073
-0.3791
-0.3155
-0.5904
-0.5810
-0.8740
-0.6988
-0.4979
-0.1871
0.0520
-0.8939
-0.7019
0.0780
-0.6932
-0.6496
-0.4952
-0.3872
-0.1640
-0.2908
-0.2772
-0.5944
-0.1678
-0.1298
-1.2968
-0.0881
-0.7915
-0.2682
-0.3881
-0.3217
-0.3186
-0.6792
-0.3764
-0.3979
-0.2873
-0.6474
-0.2780
-0.6128
-0.6173
-0.1849
-0.3611
-0.8059
-0.7770
-0.4811
-0.4193
-0.6431
-0.7378
-0.2434
-0.3476
-0.5297
-0.5996
-0.2230
-0.2805
-0.1315
-1.3300
-0.6819
-0.2117
-0.0562
-0.2026
0.0318
-0.1377
-0.8381
-0.0340
-0.4633
-0.3239
-0.3921
-0.7653
0.3217
-0.2658
0.0337
0.1297
-0.3905
-0.6879
0.3697
-1.3805
-0.0768
0.1306
-0.4505
-0.2366
-0.2411
-0.3465
-0.5209
0.0206
-0.3670
-0.8979
-0.8774
-0.5203
0.3635
-0.4827
-0.8218
-0.4676
-0.4430
-0.7539
-0.3985
0.2312
-0.5754
-0.1029
-0.3130
-0.6318
-0.5221
-0.3222
-0.0587
-0.7864
1.4249
-2.5626
-0.4390
-0.3125
-0.5188
-0.4334
-0.4491
-0.4507
-0.5194
-0.5884
0.0167
-0.6472
0.6167
-0.8444
-0.4167
-0.4660
-0.4512
-0.4457
-0.7882
-0.5335
-0.4480
-0.6302
-0.5325
-0.9375
-0.5295
-0.3880
-0.5294
-0.2628
-0.8935
-0.7961
-0.2571
-0.5636
-0.7866
-0.7153
-0.4001
-0.3481
-0.6067
-0.4117
-0.6232
-0.1450
-0.3256
-1.3720
-1.3402
-0.5199
-0.3719
-0.3858
-0.5129
-0.3795
-0.7128
-0.6525
-0.3440
-0.7417
-0.2711
-0.7575
0.2299
-0.3173
-0.3122
-0.0704
-0.7239
-0.8046
-0.2228
-1.3055
-0.7276
-0.8646
-0.5905
-0.0061
0.0222
-0.4688
-0.5821
-0.4801
-0.3576
-1.3391
-0.6324
-0.2989
-0.4269
-0.3663
-0.5723
-0.4067
-0.7843
-0.1087
-0.6073
-0.6853
-0.2388
-0.5341
0.1691
-0.4643
-0.3470
-0.1544
-0.5156
-0.9139
0.0771
-1.8165
-0.5254
-0.4779
-0.2716
-0.2086
-0.0895
-0.3649
-0.6523
-0.3482
-0.4646
-1.2255
-1.0235
-0.6789
-0.1414
-0.1977
-0.6034
-0.5324
-0.5814
-0.4126
-0.4697
-0.5114
-0.4185
-0.6903
-0.2727
-0.3884
-0.2480
-0.4340
-0.4668
-0.8544
-0.2261
-1.4827
-0.4431
-0.6285
-0.3929
-0.1981
-0.3149
-0.4914
-0.6964
-0.3118
-0.6113
-1.1044
-1.0452
-0.3657
-0.1031
-0.3491
-0.4786
-0.4010
-0.6012
0.3126
-0.2984
-0.5199
-0.3422
-0.8813
1.2605
-0.2857
-0.2515
0.0444
-0.6476
-0.5885
0.3008
-2.0897
-0.7599
-0.8219
-0.5017
0.1815
-0.0494
-0.5360
-0.5874
-0.3339
-0.3644
-1.4471
-1.3160
-0.6432
-0.5515
-0.4909
-0.3954
-0.5886
-0.6709
-0.7346
-0.4610
-0.4983
-0.7012
-0.6644
-0.4661
-0.6489
-0.4444
-0.2876
-0.9172
-0.9665
-0.4937
-1.1002
-0.6748
-0.5631
-0.4442
-0.5168
-0.5369
-0.5261
-0.6285
-0.1888
-0.6120
-1.3305
-0.4938
-0.7015
0.1207
-0.3442
-0.5619
-0.2140
-0.6520
-0.5321
-0.1949
-0.5920
-0.5951
-0.5432
-0.5853
-0.4929
-0.2299
-0.4090
-0.4608
-0.6770
-0.4813
-1.8603
-0.7651
-0.5546
-0.5091
-0.3472
-0.3336
-0.4349
-0.5865
-0.6422
-0.0781
-1.0073
-0.6458
-0.5753
-0.0695
-0.3173
-0.6085
-0.2940
-0.7549
-0.3596
-0.3587
-0.6080
-0.6275
-0.6666
-0.3872
-0.5530
-0.5022
-0.2012
-0.6464
-0.7912
0.0018
-1.3396
-0.6887
-0.6787
-0.5141
-0.3471
-0.2234
-0.4675
-0.5783
-0.5061
-0.3588
-1.2035
-1.1361
-0.5337
-0.3500
-0.4341
-0.2663
-0.4423
-0.6318
-0.4447
-0.4037
-0.5264
-0.6063
-0.6563
-0.3383
-0.5702
-0.1596
-0.1479
-0.6789
-0.8144
-0.1946
-1.3245
-0.6679
-0.8468
-0.3100
-0.3326
-0.3736
-0.3700
-0.7455
-0.5661
-0.2378
-1.1995
-0.9544
-0.8601
-0.2173
-0.3495
-0.7832
-0.7406
-0.7915
-0.6926
-0.2704
-0.4563
-0.6000
-0.6050
-0.4354
-0.5178
-0.0171
-0.2102
-0.3845
-0.9988
-0.4502
-2.1565
-0.7084
-0.5352
-0.4447
-0.4005
-0.4240
-0.5937
-0.2581
-0.6436
0.0058
-1.1991
-0.5513
-0.6792
-0.5223
-0.4048
-0.7021
-0.5074
-0.7716
-0.2654
-0.3055
-0.4830
-0.6416
-0.6675
-0.7410
-0.4291
-0.2552
-0.1509
-0.6398
-0.2748
-0.4058
-1.8124
-0.4892
-0.4692
-0.5128
-0.2233
-0.6187
-0.5893
-0.4648
-0.3854
-0.5014
-1.3534
-1.3251
-0.8504
-0.3751
-0.4198
-0.5382
-0.5579
-0.7072
-0.4530
-0.0751
-0.5219
-0.7696
-0.7857
-0.6217
-0.6346
-0.5273
-0.1973
-0.7481
-0.7846
-0.4179
-1.4713
-0.5595
-0.6576
-0.4600
-0.6200
-0.5929
-0.7264
-0.6663
-0.4502
-0.3123
-1.3505
-1.2936
-0.6153
-0.1350
-0.3588
-0.4623
-0.5759
-0.7265
-0.4403
-0.3902
-0.6104
-0.2123
-0.7041
-0.7858
-0.3412
-0.5778
0.0784
-0.4536
-0.6960
0.3395
-2.1607
0.1819
-0.6318
-0.3835
-0.2072
-0.5373
-0.5610
-0.6229
-0.3338
-0.4248
-1.3900
-0.9981
-0.7622
-0.3110
-0.4663
-0.8021
-0.5614
-0.8473
-0.4827
0.3568
-0.6561
-0.6176
-0.5648
-0.6535
-0.4888
-0.3728
-0.3163
-0.9192
-0.8526
-0.3302
-2.1979
-0.5798
-0.7675
0.5167
-0.2726
-0.2950
-0.5959
-0.6574
-0.4054
-0.4545
-0.7661
-0.6690
-0.7398
-0.5549
-0.4336
-0.6700
-0.5005
-0.5711
-0.4477
-0.5924
-0.5811
-0.6551
-0.7570
-0.7012
-0.5883
-0.4491
-0.2614
-0.6743
-0.9796
-0.4107
-1.4379
-0.6514
-0.7256
-0.2807
-0.4951
-0.4449
-0.3980
-0.4721
-0.3560
-0.3875
-1.3854
-1.1764
-0.5658
-0.3766
-0.3531
-0.8033
-0.3878
-0.7253
-0.3880
-0.3823
-0.5382
-0.6312
-0.7452
-0.2849
-0.6133
-0.2549
-0.2412
-0.6707
-0.8473
-0.2287
-1.7736
-0.5913
-0.8362
-0.4123
-0.2322
-0.3010
-0.4661
-0.6029
-0.4168
-0.5071
-1.1565
-1.0706
-0.8059
-0.3848
-0.3206
-0.5601
-0.5397
-0.7411
-0.6903
-0.4928
-0.2783
-0.5893
-0.8170
-0.4868
-0.4783
-0.3663
-0.1496
-0.5534
-0.7328
-0.5484
-1.7333
-0.4928
-0.5147
-0.5800
-0.5054
-0.4011
-0.5588
-0.6020
-0.4993
-0.4579
-1.2633
-0.9751
-0.5965
-0.3179
-0.4171
-0.5174
-0.6022
-0.8766
-0.5927
-0.4237
-0.6011
-0.6433
-0.7866
-0.5277
-0.5436
-0.5304
-0.3897
-0.8017
-0.7291
-0.5392
-1.4072
-0.5934
-0.7702
-0.4021
-0.5230
-0.5003
-0.4580
-0.6875
-0.5624
-0.4710
-1.4042
-0.9934
-0.6820
-0.2730
-0.4041
-0.5845
-0.4779
-0.7919
-0.4305
-0.3357
-0.4163
-0.7009
-0.7978
-0.5665
-0.6867
-0.6262
-0.3670
-0.8645
-0.8076
-0.3090
-1.3736
-0.5065
-0.5699
-0.3545
-0.2743
-0.7527
-0.4919
-0.6308
-0.4195
-0.4046
-1.4680
-1.2981
-0.5680
-0.1041
-0.3554
-0.4075
-0.5070
-0.6513
-0.5644
-0.3312
-0.4724
-0.6697
-0.7693
-0.3270
-0.7680
-0.1741
0.0249
-0.5243
-0.6099
-0.2715
-1.6635
-0.7522
-0.7431
-0.2205
-0.4134
-0.2592
-0.5943
-0.8075
-0.4323
-0.3598
-1.3095
-1.2420
-0.5517
-0.2862
-0.3301
-0.5836
-0.2615
-0.8840
-0.5837
-0.3156
-0.4930
-0.7286
-0.8688
-0.6394
-0.5869
-0.3241
-0.3442
-0.6856
-0.5311
-0.3869
-2.1802
-0.6689
-0.8651
-0.2722
-0.2812
-0.1262
-0.5197
-0.3874
-0.6478
-0.5672
-1.1569
-0.9519
-0.7789
-0.3032
-0.4350
-0.7015
-0.3983
-0.8055
-0.5571
-0.2881
-0.5112
-0.5937
-0.8803
-0.5603
-0.6252
-0.5972
-0.2886
-0.7551
-0.7936
-0.5353
-1.7610
-0.6838
-0.7491
-0.5162
-0.5335
-0.5335
-0.3109
-0.5344
-0.6912
-0.3109
-1.4384
-1.0562
-0.8104
-0.4804
-0.3750
-0.6657
-0.5967
-0.7209
-0.5303
-0.3977
-0.6062
-0.5735
-0.7643
-0.5974
-0.4539
-0.4885
-0.2474
-0.6169
-0.9160
-0.4936
-1.7602
-0.7783
-0.7393
-0.6204
-0.3878
-0.4595
-0.5754
-0.6157
-0.4785
-0.3638
-1.3036
-1.2689
-0.5155
-0.4617
-0.2486
-0.6604
-0.4117
-0.7748
-0.7165
-0.2910
-0.5310
-0.8573
-0.7448
-0.5673
-0.3738
-0.5623
-0.3877
-0.7647
-0.8632
-0.4251
-2.1608
-0.6300
-0.6855
-0.3960
-0.5002
-0.5116
-0.3938
-0.6287
-0.5842
-0.5145
-0.8858
-1.2907
-0.7356
-0.2858
-0.4123
-0.7135
-0.7900
-0.7154
-0.4760
-0.2731
-0.6398
-0.6856
-0.7416
-0.5341
-0.6198
-0.3060
-0.3041
-0.8276
-0.8704
-0.2794
-1.8077
-0.6387
-0.7119
-0.4302
-0.5259
-0.3984
-0.4919
-0.7827
-0.5378
-0.5326
-1.2939
-1.2989
-0.5057
-0.4097
-0.3871
-0.6670
-0.4273
-0.7341
-0.4926
-0.3967
-0.4821
-0.5524
-0.8033
-0.4929
-0.1916
-0.6004
-0.4084
-0.7301
-0.8027
-0.2802
-2.1027
-0.4813
-0.5286
-0.4400
-0.3784
-0.3124
-0.6254
-0.5251
-0.4780
-0.4966
-1.4513
-1.3533
-0.7525
-0.4944
-0.4902
-0.6473
-0.4169
-0.8482
-0.2956
-0.3529
-0.4261
-0.6442
-0.7291
-0.6789
-0.6408
-0.5320
-0.2616
-0.9574
-0.7964
-0.3640
-1.6913
-0.5179
-0.8559
-0.4121
-0.4392
-0.4436
-0.4829
-0.5766
-0.4894
-0.3511
-1.3791
-1.5335
-0.6630
-0.4072
-0.4280
-0.7359
-0.4783
-0.7513
-0.5240
-0.4231
-0.5561
-0.7127
-0.8153
-0.6036
-0.5811
-0.5000
-0.1107
-0.5753
-0.8932
-0.4745
-1.7236
-0.6658
-0.8827
-0.3802
-0.3172
-0.6348
-0.3863
-0.5372
-0.5889
-0.4368
-1.3875
-1.2197
-0.8110
-0.4460
-0.3865
-0.1400
-0.3696
-0.8443
-0.4761
-0.4444
-0.5701
-0.7359
-0.7238
-0.6644
-0.1214
-0.6685
-0.3254
-0.3868
-0.7986
-0.2913
-2.2496
-0.3064
-0.3658
-0.4576
-0.4237
-0.5149
-0.3092
-0.6453
-0.1652
-0.5343
-1.3922
-1.0977
-0.7867
-0.4785
-0.4574
-0.7345
-0.4993
-0.8758
-0.5970
-0.3711
-0.5852
-0.5313
-0.5942
-0.5933
-0.6163
-0.3253
-0.4005
-0.4308
-0.9326
-0.5794
-2.1049
-0.5744
-0.4381
-0.3988
-0.4943
-0.3840
-0.6725
-0.3968
-0.5910
-0.4349
-1.2523
-1.2427
-0.6981
-0.4192
-0.3296
-0.7040
-0.6313
-0.6370
-0.5630
-0.3500
-0.5503
-0.5956
-0.7193
-0.6527
-0.6850
-0.5212
-0.3973
-0.6707
-0.8270
-0.5421
-1.7628
-0.7127
-0.9158
-0.3637
-0.3659
-0.3126
-0.4782
-0.7073
-0.4568
-0.4364
-1.4629
-1.0116
-0.7480
-0.4237
-0.4743
-0.6672
-0.5141
-0.8237
-0.7509
-0.5212
-0.4236
-0.7748
-0.8040
-0.6354
-0.4935
-0.5664
-0.5191
-0.7084
-0.7690
-0.3907
-1.7868
-0.6905
-0.7454
-0.4942
-0.3664
-0.5765
-0.3887
-0.5843
-0.5017
-0.2889
-1.4114
-1.0123
-0.6938
-0.5064
-0.2777
-0.8215
-0.5237
-0.6199
-0.4517
-0.3705
-0.5667
-0.7512
-0.8814
-0.6777
-0.6573
-0.4572
-0.2971
-0.6923
-0.8841
-0.4393
-1.7678
-0.5306
-0.5630
-0.5732
-0.4073
-0.3743
-0.4350
-0.6794
-0.4380
-0.4505
-1.4140
-1.1473
-0.7014
-0.6095
-0.3295
-0.7039
-0.5628
-0.7233
-0.4632
-0.3828
-0.3965
-0.6721
-0.6529
-0.4358
-0.7023
-0.2702
-0.4051
-0.6573
-0.8422
-0.4997
-1.7155
-0.6280
-0.7332
-0.3569
-0.5447
-0.5424
-0.5148
-0.6248
-0.5449
-0.3192
-1.5336
-1.3878
-0.7711
-0.3853
-0.2451
-0.5298
-0.6630
-0.7449
-0.4951
-0.2558
-0.5211
-0.7013
-0.6513
-0.6446
-0.4546
-0.2379
-0.5438
-0.8020
-0.8407
-0.3790
-1.8319
-0.5841
-0.7898
-0.6076
-0.5480
-0.7194
-0.6545
-0.7874
-0.2796
-0.2233
-1.3155
-1.3237
-0.7323
-0.2976
-0.4719
-0.8251
-0.5619
-0.7510
-0.4543
-0.3985
-0.5797
-0.6757
-0.5930
-0.6534
-0.4258
-0.3626
-0.3702
-0.7555
-0.8985
-0.5237
-1.7270
-0.6963
-0.7642
-0.3374
-0.3251
-0.5727
-0.5660
-0.6545
-0.2242
-0.2879
-1.3522
-1.4394
-0.5797
-0.3959
-0.2991
-0.7243
-0.5741
-0.5219
-0.2385
-0.0705
-0.7425
-0.4674
-0.6890
-0.6292
-0.1587
-0.4105
-0.0904
-0.6379
-0.4623
-0.4501
-2.1388
-0.6170
-0.2855
-0.4035
-0.3445
-0.4657
-0.6199
-0.7190
-0.7179
-0.1365
-1.5049
-1.3134
-0.6750
-0.5840
-0.4552
-0.7722
-0.4766
-0.7427
-0.4920
-0.4907
-0.7208
-0.6837
-0.6789
-0.5539
-0.4942
-0.5912
-0.1508
-0.8985
-0.7866
-0.3129
-1.7794
-0.5684
-0.7660
-0.3686
-0.3575
-0.6883
-0.3867
-0.6207
-0.4956
-0.4354
-1.4496
-0.9921
-0.7154
-0.4002
-0.6229
-0.8811
-0.6734
-0.6949
-0.4228
-0.5997
-0.5710
-0.7136
-0.6391
-0.5604
-0.5735
-0.5590
-0.2196
-0.7125
-0.7657
-0.2273
-1.7373
-0.5215
-0.7361
-0.5718
-0.3309
-0.5698
-0.4167
-0.6340
-0.6126
-0.4582
-1.4039
-1.1575
-0.6387
-0.4142
-0.4645
-0.6630
-0.4546
-0.7206
-0.5023
-0.4626
-0.4146
-0.6518
-0.5984
-0.4719
-0.7454
-0.5390
-0.2259
-0.6523
-0.7611
-0.5015
-2.1384
-0.4949
-0.5761
-0.6109
-0.5490
-0.5026
-0.5823
-0.5479
-0.5774
-0.3460
-1.1916
-1.2361
-0.2405
-0.3668
-0.3292
-0.4567
-0.4745
-0.6877
-0.4616
-0.4296
-0.6540
-0.4423
-0.8423
-0.2821
-0.6211
-0.2133
-0.1777
-0.7094
-0.8166
-0.2414
-2.1594
-0.6467
-0.7125
-0.5168
-0.2829
-0.4744
-0.5446
-0.7079
-0.4331
-0.3484
-1.2802
-1.1265
-0.4972
-0.3227
-0.4954
-0.6714
-0.5284
-0.6632
-0.3922
-0.3911
-0.5198
-0.6078
-0.7094
-0.4420
-0.4026
-0.2255
-0.2576
-0.5782
-0.9413
-0.2718
-2.0802
-0.5219
-0.9328
-0.4420
-0.3032
-0.3631
-0.5485
-0.4334
-0.6118
-0.2227
-1.2514
-1.2657
-0.7521
-0.4005
-0.4290
-0.8601
-0.5585
-0.7745
-0.6438
-0.2919
-0.6651
-0.6004
-0.8251
-0.4757
-0.5981
-0.5339
-0.3511
-0.6552
-0.8764
-0.4372
-1.7204
-0.6920
-0.7123
-0.4640
-0.4260
-0.5352
-0.2631
-0.6518
-0.5071
-0.4832
-1.4136
-1.1969
-0.6579
-0.3883
-0.3809
-0.7089
-0.5576
-0.5181
-0.5928
-0.2884
-0.4221
-0.4739
-0.8490
-0.4994
-0.5673
-0.3964
-0.1054
-0.4955
-0.9567
-0.5418
-2.1933
-0.6967
-0.1591
-0.3641
-0.1044
-0.5410
-0.4394
-0.6908
-0.4603
-0.0365
-1.3319
-1.2717
-0.6210
-0.4543
-0.3786
-0.5779
-0.6965
-0.7988
-0.7052
-0.4892
-0.6938
-0.6873
-0.7090
-0.4838
-0.4934
-0.5224
-0.2116
-0.6546
-0.7187
-0.3679
-1.7646
-0.7525
-0.6915
-0.3445
-0.3979
-0.5542
-0.5460
-0.4670
-0.4741
-0.4162
-1.3804
-1.4635
-0.6097
-0.4034
-0.2691
-0.7555
-0.5233
-0.8348
-0.6498
-0.4139
-0.7468
-0.6117
-0.6007
-0.5858
-0.5302
-0.4783
-0.2526
-0.8055
-0.8947
-0.4122
-1.6940
-0.8487
-0.5249
-0.4630
-0.7023
-0.5268
-0.4671
-0.6226
-0.4461
-0.4501
-1.4557
-1.2261
-0.0442
0.0642
0.1687
-0.0804
-0.0472
-0.0110
-0.1230
0.0643
0.0229
-0.1367
-0.0786
0.0282
0.0755
-0.0204
0.0023
0.1017
0.0857
0.1743
-0.1339
-0.0416
-0.0747
0.0848
0.0815
0.1483
-0.0674
-0.0510
0.2699
0.2368
-0.1140
0.0504

Direct connections:
