version: 10
file format: 0

training data file: /tmp/train-lm-from-UD-corpus.sh.wXzIoUMcf.train
validation data file: /tmp/train-lm-from-UD-corpus.sh.wXzIoUMcf.valid

last probability of validation data: -188057.750072
number of finished iterations: 8
current position in training data: 0
current probability of training data: -187700.388509
save after processing # words: 0
# of training words: 809264
input layer size: 142
hidden layer size: 30
compression layer size: 0
output layer size: 113
direct connections: 0
direct order: 3
bptt: 0
bptt block: 10
vocabulary size: 112
class size: 1
old classes: 0
independent sentences mode: 0
starting learning rate: 0.100000
current learning rate: 0.006250
learning rate decrease: 1


Vocabulary:
     0	         0	</s>	0
     1	    131482	32	0
     2	     77797	97	0
     3	     73396	101	0
     4	     66224	111	0
     5	     49089	115	0
     6	     44123	114	0
     7	     41475	105	0
     8	     34027	100	0
     9	     33777	110	0
    10	     31054	116	0
    11	     25986	109	0
    12	     24265	117	0
    13	     22411	99	0
    14	     17385	108	0
    15	     17000	112	0
    16	     10270	44	0
    17	      8163	118	0
    18	      7426	103	0
    19	      6036	102	0
    20	      5730	113	0
    21	      5672	46	0
    22	      5502	98	0
    23	      5201	227	0
    24	      4676	104	0
    25	      4162	231	0
    26	      2976	225	0
    27	      2892	45	0
    28	      2606	233	0
    29	      2440	65	0
    30	      2219	122	0
    31	      2021	67	0
    32	      1961	80	0
    33	      1923	237	0
    34	      1858	171	0
    35	      1852	187	0
    36	      1698	106	0
    37	      1647	83	0
    38	      1644	120	0
    39	      1526	77	0
    40	      1516	69	0
    41	      1464	243	0
    42	      1462	79	0
    43	      1094	245	0
    44	      1040	234	0
    45	      1006	78	0
    46	       951	49	0
    47	       944	66	0
    48	       882	70	0
    49	       874	68	0
    50	       869	73	0
    51	       848	82	0
    52	       837	84	0
    53	       788	250	0
    54	       780	48	0
    55	       772	224	0
    56	       772	76	0
    57	       667	41	0
    58	       666	40	0
    59	       641	71	0
    60	       629	50	0
    61	       617	57	0
    62	       598	74	0
    63	       520	85	0
    64	       472	86	0
    65	       436	53	0
    66	       430	51	0
    67	       391	107	0
    68	       382	72	0
    69	       382	58	0
    70	       381	52	0
    71	       345	121	0
    72	       310	226	0
    73	       309	56	0
    74	       291	54	0
    75	       273	55	0
    76	       215	81	0
    77	       173	63	0
    78	       167	119	0
    79	       147	39	0
    80	       141	87	0
    81	       137	201	0
    82	       135	75	0
    83	        91	244	0
    84	        87	59	0
    85	        85	33	0
    86	        64	218	0
    87	        64	36	0
    88	        62	47	0
    89	        58	186	0
    90	        52	88	0
    91	        46	193	0
    92	        45	89	0
    93	        45	37	0
    94	        40	90	0
    95	        32	192	0
    96	        30	170	0
    97	        26	93	0
    98	        26	91	0
    99	        15	38	0
   100	        11	205	0
   101	        10	211	0
   102	         5	42	0
   103	         5	195	0
   104	         4	252	0
   105	         4	241	0
   106	         4	232	0
   107	         3	199	0
   108	         1	246	0
   109	         1	202	0
   110	         1	242	0
   111	         1	194	0

Hidden layer activation:
0.0001
0.0000
0.0042
0.0004
0.0001
0.0351
0.0009
0.0047
0.0001
0.0000
0.0001
0.8414
0.1035
0.1751
0.0003
0.0043
0.3241
0.0001
0.0000
0.0000
0.0000
0.0102
0.0000
0.0029
0.0025
0.9838
0.0000
0.0000
0.0013
0.0000

Weights 0->1:
0.1914
-3.4695
-5.3370
-6.1098
3.7065
-1.3745
-1.6485
-3.8105
-4.7289
-0.9579
-4.3248
0.8358
-2.3721
-1.9906
-1.8539
-4.3529
-0.6538
-3.0059
-0.9926
0.4617
10.1359
-0.1155
-0.8699
-0.6147
-0.3242
-0.3514
-2.4705
-3.0944
-2.8508
-0.4517
-1.5318
2.7499
-1.9314
-2.3532
-1.3499
0.0788
2.1034
-1.1583
-0.5179
0.1748
1.8505
-0.8417
3.1714
-4.3090
-3.4438
-1.3567
-1.5055
0.0031
-1.5027
-1.8691
-0.3418
-1.3162
-1.1158
-0.6208
0.7725
-0.6523
-0.2090
0.2243
-1.1246
1.0604
-0.3305
-0.1231
1.8832
-1.4952
-2.0839
1.7934
1.0592
-1.0171
-0.1414
0.3813
-0.1527
-0.1204
-0.6721
0.4427
0.7692
0.8613
6.0519
0.2218
-0.4095
-0.1811
-0.5310
1.6802
0.2462
-1.2016
0.0913
0.2444
-0.3580
-0.0033
-0.3969
0.1523
-0.7080
1.8829
0.1588
0.0035
1.0039
0.4974
0.0863
0.2889
0.4018
0.1889
-0.3694
0.6322
0.1010
0.1324
-0.2287
0.0120
0.0873
-0.0668
-0.1545
0.0161
0.2084
-0.1572
-2.2014
-1.9783
-2.3278
-2.9149
-1.4461
-1.5557
2.4145
-2.0918
-5.4720
-2.0310
-2.6419
-3.3880
-2.1780
-1.6907
3.2993
3.2804
1.0839
-2.6695
-1.9218
0.4827
0.7251
2.8417
0.3910
-2.4199
2.5782
-0.0414
-0.1147
-1.4580
-1.5872
0.1772
0.2325
-12.0579
-3.7473
-6.6945
-2.7632
-1.6309
-3.2548
-2.3471
-4.1917
-6.5576
-6.5476
-6.8631
-1.9496
-7.4296
-6.5162
-7.3151
6.1039
-3.0315
-6.8030
-7.1166
4.1077
7.7365
-6.3062
-4.5434
-4.3184
-0.0307
-1.1637
4.5280
-4.4324
-2.3522
-2.4204
-0.1114
0.0462
-2.0591
-2.4995
0.1938
-1.4274
1.1340
-3.9279
-1.0525
-0.2794
-3.5058
0.2049
-1.1620
0.8314
2.9725
1.4521
0.6456
0.0540
-0.6315
1.2839
-0.1479
-0.1984
2.7315
1.4512
0.9049
-1.0637
2.1254
0.5089
0.4641
0.9435
1.4379
-0.1394
0.2795
-1.1359
1.2129
0.7317
-3.7122
-1.1318
1.7941
1.0418
-2.2714
-0.2295
0.7249
1.1645
0.7715
2.9190
1.2083
-1.5709
0.5069
0.2354
0.1869
-0.0432
-0.9964
0.9032
1.7488
3.2902
0.8058
0.7229
1.4538
0.3743
-0.2508
0.1781
1.2111
-0.8807
0.6597
1.1026
1.9277
0.8798
1.3728
0.2148
0.0547
0.2684
-0.4535
0.1008
-0.1431
-0.4077
-0.1102
-0.0328
0.0128
0.1480
-0.1019
-0.3726
0.1430
-4.2612
-1.9519
-2.5301
1.2172
-2.3877
-1.8305
1.3627
1.6016
2.5935
-0.3142
-0.6156
-0.7444
-4.9941
-0.5239
-1.2348
0.6401
-0.9283
0.1056
2.1183
1.0814
-2.6163
1.3017
-0.0500
-0.2461
-1.3361
0.8101
2.3311
5.0262
-0.4659
-5.6096
-6.1513
-3.2317
-6.0015
4.1522
-0.3855
-3.6946
-3.3394
-0.4729
-2.3690
1.5541
1.1075
-0.5224
-2.3055
-2.0447
-4.0049
-3.6887
-4.3477
-0.4001
-2.8952
-3.2600
-5.9264
-2.6743
-4.6721
-4.6449
-3.0149
-3.1171
-3.4454
-2.2587
-0.1771
-3.0278
-3.9799
-1.9587
-2.9511
-3.6774
-1.0183
0.4550
0.3692
-1.3924
-3.7053
-2.9784
-2.4550
-0.1366
-3.4964
-3.4880
-0.1120
-3.7432
-1.5307
-4.0278
-3.4217
-2.6235
-3.7896
-2.2446
2.4057
1.8553
-3.0854
-2.3000
-2.3891
-2.7911
-0.3786
-2.5054
-1.0434
-4.3346
-1.1059
0.6768
0.5732
-1.4115
-0.9575
1.5749
0.2927
-1.7377
-1.9268
-1.4659
-0.0013
-0.6601
-2.1321
-0.8771
-0.1232
-0.8278
-0.1764
0.1785
-0.8564
-0.7795
1.3381
-1.0096
-1.5491
0.4697
-4.5213
0.7054
-1.4191
-1.4246
-0.1988
-0.0510
-0.3232
0.1462
0.6404
-0.1593
-0.2744
-0.5328
-0.6584
-0.1267
0.4954
-1.0628
-0.2719
-0.3794
-0.3844
-1.5415
0.0604
-0.5458
0.0709
-0.0303
1.6822
0.7762
-2.0422
-0.7933
-1.8846
2.3507
-0.7154
2.4296
-0.4116
-0.4774
1.1068
0.1153
0.5391
-0.5735
2.4545
-0.0549
0.4417
-2.6959
-0.8932
-1.3720
-1.0450
0.2310
1.3105
0.0554
-1.7140
-1.1899
0.5582
-1.7758
-0.6003
-0.5923
0.0114
-4.1505
-0.5849
1.3875
-1.4836
0.8484
-0.8781
-2.9112
-5.6271
-1.6049
0.3207
-5.1707
-0.8800
5.0130
3.4320
2.5421
-2.1559
-0.7796
1.6998
0.9569
-2.1337
-1.6666
4.2605
-1.6801
-1.0757
-0.7234
1.8573
-3.6712
-2.7482
0.3315
-4.7258
2.2523
1.2764
-0.2424
-1.1366
-1.2467
-2.0480
-1.3854
-1.4283
-2.5466
1.5602
-2.5308
-0.2517
-0.4206
3.7013
-2.0513
-2.0467
-0.0321
-0.8907
-2.7058
-1.3983
-2.7383
-1.0546
4.2024
-0.7073
1.7124
-1.4220
-0.8632
-1.6738
-0.6102
-1.3188
-1.7743
-1.6827
0.8500
-1.5894
-1.1155
-1.3181
-0.5204
-1.0944
-0.7088
-0.7576
0.0578
1.0972
-1.2934
-1.8651
-1.4767
-0.9132
-0.7661
1.6477
-0.0258
1.5999
-0.6542
0.7235
0.3068
-0.3693
-0.2781
0.3081
-0.3317
-0.4714
-0.8193
-0.9483
0.1251
0.5130
-0.5786
1.2067
0.6477
-0.4750
-0.4530
-0.3732
-0.1436
0.6768
0.1181
-0.2879
-0.0401
-0.0667
-0.1194
-0.0168
0.0257
-0.1059
0.3421
0.0377
-0.0192
0.6627
1.0721
-2.6185
-1.4738
-7.8957
-2.1497
3.0751
-0.3321
-2.7012
-1.4487
0.1243
-0.3964
-0.4107
-0.4528
2.2640
-0.6923
-1.3860
-2.6247
-0.3284
-3.6262
-1.0573
-1.9499
2.4979
0.3602
0.6465
-0.6689
-2.2373
-0.7533
0.7717
2.6682
-0.4535
-7.6469
-3.8470
-3.1551
-4.8965
-0.8952
-2.3221
-8.2478
0.7801
-6.2671
3.8339
-0.9142
-4.5251
3.5045
-3.6325
3.8247
-2.3133
6.1505
4.3401
3.1632
5.7599
-1.7266
1.7249
2.4165
-0.8847
-3.2798
-2.7352
-4.2255
-3.5156
-1.3947
-0.6641
0.9656
0.2381
-4.0459
-3.8259
-3.5439
1.5084
-2.0805
-0.0173
-1.2363
-3.5445
-4.8438
-1.6556
4.8834
-3.9740
-1.5156
-1.6967
1.2245
1.4768
0.1722
-3.1859
-0.8169
-0.0720
-3.0712
-1.5033
-3.2273
-0.5427
-2.5936
-3.6903
1.6351
-2.2528
-2.0714
-0.0307
-2.8272
-0.2877
-1.7667
-2.2790
-0.5309
-0.5366
-1.2220
-2.1837
-2.7776
-1.9951
-1.1673
-2.3404
-1.4989
0.2562
-2.0698
-1.8804
-2.5008
0.3853
-2.3349
0.8351
-2.5341
-1.1155
-2.0406
-0.4944
-0.3615
-0.5131
-1.6221
-1.6914
-1.6886
-1.1879
-1.2108
-0.3578
-2.1799
-0.6860
-1.5851
-1.2888
-1.2547
-0.9306
-1.5201
-0.8269
-0.6631
-0.2915
0.4058
-0.6997
-0.6727
0.2070
-0.1348
-0.0940
-0.3619
0.0010
0.0941
0.9288
1.2692
-4.7983
-1.0286
0.6647
-1.3242
1.5041
0.4998
0.8027
0.5730
-0.2109
0.0799
0.3251
-1.2355
0.4459
-0.7017
0.9228
-0.4460
-0.5726
-0.3956
0.5930
-2.3959
1.3223
-0.1563
-0.4944
-0.0412
-0.9202
0.1781
-0.5714
-4.2481
1.2046
0.4366
0.7665
-3.7251
-3.1497
-0.7840
-5.2388
-2.7176
-3.5480
-5.7497
-0.5353
-2.9986
-2.3165
-4.2968
0.4353
-5.5942
-2.6650
-2.9797
-1.0439
-0.5644
-7.4270
-1.0269
-1.4794
-5.9574
0.0162
-1.2255
1.3472
-0.9237
-1.9873
-3.6018
-2.2093
-1.3188
-2.9088
-1.9442
-5.6236
-2.5237
-3.5075
-2.2523
-1.4275
0.1450
-1.0837
-4.4217
3.4301
-2.1591
-4.3572
-4.1827
-3.3210
-2.1622
-2.6062
-2.8891
-2.8488
4.1154
-4.0877
2.6769
-2.4912
-2.5271
-5.2795
-2.3287
-3.5798
-2.0776
-2.7947
-2.1797
-2.6873
-3.8696
-3.8308
-1.9071
-4.7341
2.8198
-3.7889
-0.9317
2.3312
-3.5104
-3.5489
-3.7285
-3.0123
-0.8422
-1.4990
-2.0205
-2.5168
-0.5554
-2.2827
2.3544
2.2764
-2.0298
-3.2423
1.7786
-3.3786
-0.7212
-3.2940
-1.6255
-0.5197
-0.3144
-2.7768
2.0525
0.2423
-1.5184
0.1278
-1.5637
0.0487
0.4998
1.0538
-2.0956
0.7294
-0.3421
0.2650
-1.9415
-0.4240
-0.7667
-0.2335
0.2166
-0.4757
-0.0605
0.7413
-0.7435
0.6836
0.0362
0.3978
-1.0023
-0.3161
0.2751
-0.8623
0.3042
-0.0572
0.1843
-0.0232
0.2858
0.3640
0.3479
0.0697
0.3955
0.5632
-0.9578
-0.6784
-0.5268
-0.0458
0.2346
-0.4772
0.1510
0.4020
0.4563
-0.0381
-4.5524
-0.2535
-2.5633
-1.8985
-5.0159
-4.9557
-2.2370
-3.8824
-2.0287
2.5226
3.6292
-5.7152
2.5202
0.9543
1.8503
-0.3544
-2.2004
3.4491
2.8984
9.2259
-1.3317
-0.5784
2.1257
0.2807
-0.3101
-0.5624
-1.6905
-1.6863
-0.7798
-2.8079
-1.4815
-1.6903
-2.7199
-0.7219
-0.9278
1.4536
-0.4015
3.0811
0.0363
-1.1921
-1.8266
-0.1114
0.1904
-0.8891
1.4504
-0.4699
-0.6715
-0.5703
-0.9232
-0.5629
-0.9421
-0.7766
2.9557
0.0656
-0.3951
-0.7462
-0.3079
-0.4479
-0.3790
-0.3817
-0.6953
0.2135
0.3726
-0.3239
-0.3000
0.0699
-0.9671
-0.0589
-0.2330
-0.1187
-0.5343
2.5806
-0.2707
-0.1727
0.0301
2.6833
-0.3086
-1.8566
-0.4036
-0.1016
-0.0711
0.2051
-1.0378
-0.2735
-0.4794
-0.7019
-0.1588
0.3115
-0.4384
-0.2980
0.0918
-0.1592
-0.1216
0.1019
-0.2834
-0.3281
-0.1241
-0.0873
0.0750
0.0279
-0.0768
-0.0818
-0.0889
0.1717
0.2718
0.0031
0.0733
-0.0124
-0.0329
0.0471
-0.0590
0.6579
-1.1842
-2.8126
1.1378
-0.5797
-0.1812
-0.3289
-2.7830
-0.8968
-1.5048
-1.9670
-0.1871
-0.8179
-2.1661
-0.6478
-1.4771
-0.9870
0.2293
-1.8668
-3.3377
0.1442
-0.7641
2.7148
1.9221
-2.3919
-1.8406
-1.6421
-0.8058
1.2224
3.1976
0.1417
-3.0012
-5.3355
-0.7168
-4.5268
-4.0532
-4.1237
-2.5376
-6.2364
-4.8518
-2.6062
-1.1380
1.5243
-1.8538
0.9738
-5.4042
2.1164
-0.4199
-3.9179
-0.5470
1.1386
1.6330
-3.0717
1.9561
0.2265
-1.8048
-3.3658
1.4687
1.0750
-2.7667
-2.6104
-1.3036
-1.9772
-2.0805
-3.0864
0.4136
-1.1654
-1.8927
-1.0509
-1.3869
-0.3051
4.4191
-2.3396
-1.0410
8.0108
-1.8122
6.0011
-1.9656
-1.3088
-0.7371
-3.1822
-0.3792
-0.9873
-1.5570
4.8958
1.4853
1.5599
0.8889
-2.2655
-1.1114
4.9400
4.7797
-0.9324
1.3467
2.6515
4.2325
4.5085
-0.9655
-1.3963
0.6672
3.9122
-0.9755
4.8459
4.5173
4.0012
4.0692
0.9738
0.2196
0.3316
0.0882
1.7723
0.8127
0.6664
0.1589
-0.0522
-0.2341
-0.3655
0.4383
3.3981
1.8339
1.3262
-1.6320
-0.2143
1.5481
0.7839
1.1860
1.0805
1.7259
1.3795
0.9489
0.4546
0.4688
0.2934
0.4734
0.1893
-0.1377
-0.3448
0.1772
-0.0652
-0.1266
-0.1826
0.2880
-0.1594
0.2766
-1.0346
1.6095
-2.7883
-4.6753
-1.9880
1.5973
-1.2338
-1.4398
0.2647
-0.1406
1.3009
-0.6555
0.0814
-1.1893
1.0974
-2.0095
-1.5745
0.7047
1.4013
-1.8691
-1.4314
-3.1642
-5.8825
1.0924
-1.2138
-0.7511
0.2248
-0.0515
-0.0174
-2.6140
-4.2821
-1.1174
0.3519
1.3850
0.3183
-2.4303
-3.6573
-1.5108
0.1671
-1.0567
0.7281
-5.1230
-0.9322
-3.8089
-1.4944
-3.8695
-1.3002
-2.9993
3.1849
-3.8861
-3.5066
-5.2056
-2.1542
1.5812
-3.3661
-4.6302
-2.5026
-4.3501
-3.9170
-4.9590
-2.8666
-2.3899
-3.8453
-0.2643
-5.0980
-2.9940
0.0747
-3.0839
0.5970
-0.9202
-0.8713
8.6910
1.5302
-2.1722
-0.0982
-1.8216
-2.3313
-0.8913
-3.8707
-1.3856
-0.1163
-3.3818
-1.2355
0.9151
-0.0215
-0.0328
-4.3738
-1.8899
-2.7364
-0.4473
-2.3412
0.3063
-1.0294
-1.4887
-2.2821
0.4057
-3.5209
-0.1660
-1.6377
-0.3349
1.1594
-0.8255
-2.3063
-1.5230
1.9199
0.1039
-0.2175
-0.4116
-1.7998
-1.4864
-1.9897
-0.1349
0.2887
-0.2852
-1.0680
0.1581
1.2540
0.1694
-0.3085
-1.6400
-2.1059
0.2096
-1.4865
0.0136
0.0851
-1.3305
0.2124
0.1828
-0.6633
-0.1855
-0.1349
-0.3408
-0.1829
-0.0602
0.0207
-0.2050
-0.0528
-0.2730
-0.0961
-0.2003
1.8850
1.1775
-5.0323
-4.8553
-1.8549
-5.2166
5.1532
2.4075
-0.1947
-0.6897
-1.1526
1.0398
-0.8966
0.7305
-0.6135
-0.7897
0.5491
-0.8238
-0.3657
3.4991
-7.0596
2.1998
-1.9395
-2.1011
-5.6213
0.4870
-1.0206
-0.9128
-7.7528
-2.3505
-0.0933
-7.7777
5.5265
-1.8751
-5.6398
-2.6533
-4.3888
-1.3741
-4.4098
0.6122
-2.0822
-3.6360
1.7490
0.5796
-0.1626
-1.7946
-4.8585
1.0268
-2.7924
4.8748
-2.4097
-4.8031
-4.6968
1.1901
1.3899
-7.0094
0.3747
-5.1345
-1.7792
-0.7132
-1.5379
-0.4544
0.4873
-0.3366
-0.9662
6.8868
-2.9257
-0.5407
-2.1070
-0.1343
-1.0378
-0.7787
-0.9862
4.3572
-0.7108
-1.5733
-0.5940
-0.0560
0.1367
-0.5890
-0.9919
-0.0546
-0.8000
1.8266
-1.6924
0.2214
-1.0799
4.4513
0.0045
-0.4884
0.2807
-1.1036
-0.5328
-0.5259
0.0544
-0.4591
-1.2452
-1.7357
-0.2048
0.0018
-0.7440
-1.0280
1.3459
-0.5080
-0.2529
-0.2700
-0.4279
-0.5752
-0.8713
-1.1476
0.0722
-0.0417
0.0727
0.3896
-0.0780
-0.5723
-0.2621
0.0565
-2.4558
0.0844
-0.0348
-0.0816
-0.2149
-0.1637
-0.0735
0.0102
0.1244
-0.0769
0.0841
-0.0936
-0.0660
-0.1097
-0.0167
-0.2717
0.0169
-0.1355
0.0254
-0.0364
-0.0236
-0.0197
0.3477
0.0744
-0.9720
-2.6350
-0.8024
-1.2525
-1.0205
1.6257
-0.8271
-5.3006
1.3671
2.3956
-1.2600
-1.1279
-3.7201
-5.3396
-2.0445
0.6391
-0.2391
1.0752
-0.9860
-0.4022
1.2657
0.3220
-0.7909
-1.4910
-0.8446
-3.0477
-0.0593
-0.0935
0.9168
-1.2981
-0.0171
-7.4027
-7.3846
0.4221
-0.3940
2.1878
-5.3812
-4.3256
0.1362
0.7741
-9.3433
-0.2015
-7.8354
-1.1792
-5.5758
0.6893
-3.3269
-2.7785
1.1390
-2.4653
0.5940
-3.0211
-3.0551
2.3734
-6.1277
-7.1616
-1.2182
-2.5242
0.2225
-0.2516
-1.7417
-1.0553
-1.3224
2.5690
-1.4105
2.7296
-0.4101
0.9604
5.3314
0.1740
-1.1389
-1.0545
1.2026
-2.1070
-3.6253
-1.2758
-0.6796
-0.1610
0.4602
0.6946
-0.8985
0.1135
-0.3061
-3.8983
-1.4255
2.2070
1.0385
1.3430
-1.1354
-0.1480
-0.8656
-1.4262
-0.3398
0.0647
0.0510
-1.0826
-0.1997
0.0401
-0.0709
-0.3448
-0.1431
-1.1969
-2.0385
-0.8275
-0.6009
-1.1034
0.1887
-0.1742
0.3190
0.2848
-0.1145
-0.2684
-0.3440
-1.5237
-0.2197
-0.1063
-0.2331
0.1726
-0.6184
-0.3312
-0.2974
0.6756
0.1483
0.2353
-0.1262
0.4390
-0.2090
-0.0417
-0.0210
0.0448
-0.0279
0.0230
0.0731
-0.0398
0.2491
-0.1226
-0.0391
0.0154
0.0394
0.1068
0.1099
0.0047
0.2248
-2.0160
1.4792
-1.6869
-2.7349
-3.2095
-2.2005
0.8048
6.5485
-0.7647
-1.4522
1.7443
-2.7773
1.7343
-2.0688
-0.4425
2.2365
2.5090
-9.5869
1.9588
-0.6394
2.6271
1.2829
-1.7639
1.5362
-5.2093
1.5960
-3.5613
-4.0542
-2.4886
-0.0372
-4.5143
-4.0231
-2.2041
-4.0668
-1.0214
-5.1264
-1.6876
-0.7157
-4.9099
1.5839
-3.9683
-4.4481
-3.6861
-0.5031
-5.4211
0.0314
-3.7461
-2.6107
-3.6873
0.5089
5.0624
-0.4128
9.0597
-2.8698
0.7704
5.7197
-3.0401
-3.9469
2.7368
-2.7678
0.1280
-1.7400
-1.3889
4.1140
0.4005
-1.1320
1.0220
0.3945
2.3408
-0.8153
-4.0152
-0.4226
-2.3541
-3.4712
-0.4642
-0.7254
2.0750
-0.7336
-0.5454
-0.8215
0.1952
-1.4786
0.1313
1.9985
0.3207
1.3618
1.1978
-0.8463
1.6278
-1.0362
-1.0911
2.0197
0.5788
1.0728
-0.1586
-0.0682
-2.6202
1.2171
1.0565
-0.3035
-1.8254
0.1666
-0.6088
-0.8161
-0.9614
0.2299
1.1660
-0.4393
1.2982
1.2484
0.7954
0.3223
-0.1148
0.6418
1.4803
1.8480
0.8854
-0.5173
0.6228
0.5991
0.0608
0.1131
0.3032
0.0746
-0.3949
0.6172
0.2230
0.1457
0.4044
-0.0570
0.3602
-0.0557
1.0714
-0.1747
-0.1829
-0.2093
0.3773
-0.0848
-0.0810
0.1842
0.1149
-0.9099
1.9372
-1.6351
-1.4723
1.6269
-1.2232
-0.4996
-5.0800
1.9126
-6.3989
-1.0350
2.3752
0.7675
-7.5142
-1.6009
2.3312
-7.5654
0.5882
3.5981
3.2144
1.5126
-0.5793
-0.0468
0.6780
-1.0258
1.9100
-2.9510
-3.8881
-2.1038
-1.0926
-0.0474
-3.0629
-7.7803
-4.2355
-7.7092
-1.2158
2.0199
2.9349
-1.4748
-0.4164
-2.9522
1.9918
1.8475
-3.7892
1.4007
-4.8016
-4.2055
-0.7741
-3.3334
-1.4679
0.5752
0.1298
-4.9747
-1.8826
1.4793
4.8379
-4.7798
-5.6168
-5.5834
-3.0776
-0.6687
-3.9963
-5.3592
0.3013
-3.1319
-2.3611
6.4908
-3.5270
1.4511
0.5099
0.1311
-0.8261
-3.4417
3.5770
-4.2052
1.5660
-2.3060
-3.9461
-4.3449
-2.6501
-0.9918
-1.4110
-4.5884
-0.5028
-1.0094
-3.5576
1.0515
-1.5267
-3.1671
-2.6780
-1.8607
-1.5381
-0.8069
-1.0626
0.2069
-0.7152
-1.6374
-3.8306
0.2091
-2.1704
-2.0577
-3.7124
3.9950
-2.0346
-2.0939
-2.4315
0.9848
-2.4813
2.1079
-2.7960
-1.2340
-1.4126
-1.3133
-0.6373
-2.0173
-1.8331
-0.1539
-0.9467
-2.8050
-1.3742
-1.2355
-1.1542
0.4206
-1.6309
-1.2949
-1.8490
-0.6089
-1.5052
-2.1124
-2.1389
0.4675
-1.3452
-1.0584
-0.4899
0.0175
0.0426
-0.0765
-0.1819
-0.0077
0.0179
0.0175
-0.0312
1.3510
1.3690
0.3119
-0.3477
0.5141
-4.6890
0.9386
-3.1144
-1.4582
-2.3561
-1.0020
-0.9386
-1.2930
0.0760
0.9927
0.3442
0.9075
1.1115
1.1840
1.2547
0.7116
-0.7091
-1.6267
1.0950
-1.3618
0.4626
-0.4937
-2.2214
-0.8622
1.7928
0.0485
12.6233
-6.1622
-4.3755
-2.6714
0.6518
-8.1072
-3.8683
-2.0372
11.8359
-5.5788
-4.2112
-2.6520
-2.7172
-5.3548
-6.9915
-0.9314
-4.2246
-5.8119
-4.9671
1.2192
-2.3515
1.1586
-1.9191
-2.7907
-3.7203
-9.1160
4.7517
2.8223
-2.2449
-5.5487
-2.1908
-3.2904
4.4817
3.3965
-3.2431
0.8308
-4.6982
-1.4064
-3.2940
-2.8267
-7.0021
-1.5976
0.8062
-0.2219
-2.2571
-1.2471
-1.4620
-2.5287
-2.5219
-2.8827
-2.8832
-2.3312
3.1238
-2.2862
0.0898
-1.2835
-1.8720
4.5414
-2.0609
-1.5617
-2.3799
-1.2774
-2.0098
-2.8493
-1.1600
-1.0872
-3.0099
-0.7079
-0.7954
-1.4822
-2.3538
3.3479
-1.6313
-1.2571
-1.6520
0.1555
-1.6745
-1.4128
-1.3019
-1.3271
0.3050
0.3344
3.1704
-0.4503
-1.2965
1.4894
-0.5893
-0.2212
-1.1136
-1.1731
1.2299
-0.2632
-0.6042
-0.3365
0.0465
-0.7739
-0.6293
-0.2078
-0.4399
0.1438
0.1380
-0.1022
-0.2018
0.4323
0.1653
0.2036
-0.0088
0.1277
0.1597
-0.0973
0.0224
-1.1334
-8.0719
-1.8933
3.4652
-1.1101
-1.0924
-3.6847
-1.8159
-0.5116
-0.6875
0.4579
-2.4232
-0.7716
-0.7728
-0.3083
-0.9451
-0.6881
-0.1289
-0.6291
-0.7038
-1.4976
1.3074
2.4914
3.1623
-0.0736
-2.6630
-0.4237
1.1894
2.3325
6.4443
0.0440
-1.4000
0.8964
-9.0747
-1.1889
-2.6978
1.5471
-6.4274
-0.6419
-3.9638
3.5426
-1.9874
5.2343
-3.9930
-1.8859
-0.4872
0.3341
4.5056
-0.4907
1.4357
-2.1963
-2.5136
-2.7319
-3.3534
-1.9508
-1.1333
7.1133
3.4931
0.6406
-1.8706
-1.6789
-1.1211
0.0205
-2.9095
-1.1274
-1.8966
-0.7425
1.6995
4.1240
0.3306
-2.4753
-6.6996
-1.7480
1.0253
-0.1246
0.7881
-1.4995
1.7486
-0.7618
-1.0904
-0.9465
-1.3030
-0.6741
7.0770
1.1014
-1.1276
0.2438
-1.0023
-0.2167
-0.9446
-0.6309
0.1485
-1.2766
2.1493
0.6745
-1.5046
-0.9638
1.8683
0.0377
-0.6376
-0.0903
0.9804
0.0274
-0.8451
0.0432
-0.2362
-1.3066
-0.2610
-0.3816
-1.0483
1.1556
-0.7633
0.3691
-0.5577
-0.5771
0.1295
-0.0551
-1.0002
0.0323
-0.7984
-0.6067
1.0101
-0.3122
-0.5569
-0.2507
-0.3649
-0.6161
-0.3506
-0.4894
-0.3675
0.1874
-0.1674
-0.0033
-0.1051
-0.0882
-0.0878
-0.0754
0.0986
0.0584
-0.0655
0.0960
-0.0396
-3.8818
1.3834
-2.2304
-0.4266
-3.2064
-3.7204
2.0173
-3.8258
5.3291
-0.5484
0.7555
0.3874
-2.5456
-1.7980
0.4838
-2.6035
0.1366
-1.8787
2.9682
-1.3559
-1.4676
-1.7547
3.5074
-1.1841
-0.1693
-0.6561
-2.6372
-1.5068
-0.3730
0.3226
-0.2165
-3.9760
-3.1195
0.5524
-2.3454
-4.1661
0.4600
-2.0695
0.2196
-5.5483
-3.3482
-0.3756
-1.5954
-6.1457
0.8985
-4.9916
-3.3547
-4.5896
-6.0513
-3.4251
-2.3292
-1.6674
-2.7687
4.8101
-2.1056
1.2475
0.0572
-4.3316
-2.2031
-1.8103
-3.4662
-1.0512
-1.8284
-1.5464
-1.2117
-1.2333
-0.2996
-1.7048
-2.4691
-1.1303
-2.1590
2.3053
-1.9897
-2.4741
-2.4361
-1.1935
-1.6410
-0.4571
-0.6238
-0.6445
-1.6619
-0.9110
-1.4915
0.7741
-3.5351
-0.4346
-1.9730
-0.9957
-0.8268
-0.9235
-0.6206
-1.4019
0.8979
-1.3606
-1.0285
-1.8659
-1.7772
-1.5717
-0.3464
0.3942
-1.5514
-1.4339
-0.2716
-1.3934
-1.0211
-1.1518
-0.6497
-0.1869
-0.4889
-1.5490
-0.3445
-0.2924
-0.0439
0.9967
-0.2007
-1.4355
-0.8235
0.1106
-1.4605
-0.1575
-0.1579
-0.6798
0.2352
-0.2156
-0.1576
-0.3147
0.2162
-0.0868
-0.1348
-0.8249
-0.0428
-0.1253
-0.0063
-0.3940
0.0161
0.3469
0.2101
-0.2921
-0.0375
-0.3143
0.0141
-0.1204
-5.2099
-0.8515
0.3662
-4.1937
-0.6682
2.2653
-0.2462
1.5017
3.6333
-1.4784
-0.1948
-0.5281
-1.7684
-0.9308
1.5611
1.8732
-2.7725
0.8768
-5.3287
-0.0911
1.1579
1.6986
-0.0477
-1.5770
-0.3175
-2.7394
-0.2901
-1.9888
1.6163
-0.5918
0.1309
1.2057
-0.8084
-1.5595
-4.4163
-4.3458
-0.4675
0.4472
-2.4929
-4.3353
-4.9945
-1.5671
-1.0662
-0.9550
-4.0530
2.9798
-1.6190
-2.5372
-0.2017
-3.6432
-1.8673
-3.6388
0.2316
-3.8091
-1.1653
0.6222
0.4830
2.2759
-1.0659
-3.0530
1.8054
-2.9529
-0.2500
0.4390
-0.9920
-1.9308
-2.8114
-0.4921
-1.0862
-0.3758
-1.9049
-0.2199
-2.4810
5.7010
4.4096
-2.5887
-2.6711
-1.4950
-2.3255
-0.1540
0.3129
0.3916
-0.0303
-0.9940
-0.6028
1.0927
-2.8944
-2.1720
-0.9340
-1.2856
-2.3619
-1.5073
-1.8242
-0.8134
-1.2004
-1.3675
-1.4902
-1.4122
-0.8989
-0.7001
-1.2277
0.2128
4.4655
-1.2758
0.9258
0.3748
-1.4777
-0.5419
0.2211
-0.3045
0.5460
0.5227
-0.3638
0.7020
-0.5024
0.0178
-0.2365
-0.0579
-0.3980
-0.2799
0.8425
-0.2416
-0.7695
-0.1384
-0.4473
0.3240
0.0815
-0.2353
-0.4700
-0.2397
0.4289
0.5422
-0.0999
0.0987
-0.1065
-0.0853
-0.0517
0.1131
0.1635
0.1018
0.1234
0.2569
0.0011
-0.3582
-0.4815
-0.0393
-1.3666
-1.9904
-2.6289
-0.0569
-0.8400
1.6101
0.7559
0.5901
-2.1703
-1.2839
-5.4861
-0.5947
0.4916
0.8487
-0.1561
-0.7541
-1.1481
0.8073
-0.8365
-1.4034
1.4116
0.6240
-1.5231
-6.4541
0.3224
-1.0906
-0.1624
-7.4873
-6.3731
-5.4324
-4.5507
-6.9342
1.7432
-8.1801
3.7790
1.2584
-3.2979
0.1310
-9.3560
0.3182
10.7777
-5.6234
3.8158
7.1701
-3.8205
-2.0952
-1.1344
2.4374
-5.2692
-1.7707
1.4322
7.6449
-1.5257
-5.3399
-5.4341
-3.2944
3.0720
3.6686
-2.2022
-4.1583
-3.1587
-2.3171
4.9305
1.6451
1.5367
-0.7703
-2.8269
-6.9888
-3.3041
3.0826
-5.6562
1.0849
-2.7494
-2.8047
-2.3881
0.2181
-2.6165
0.6369
-0.9705
-5.0207
-0.0183
-2.3352
-0.5904
-0.7630
-2.1715
-1.0814
-2.0442
-1.7351
0.2789
-1.4132
0.6544
-2.1100
-1.7615
-0.5958
-1.0873
0.9222
-1.6307
-1.1724
-5.5619
-0.8910
-1.3796
-0.7504
-1.5529
0.7436
0.2397
-2.6846
2.5005
-0.2735
-0.1180
-4.2666
0.9669
-0.1785
-1.7441
0.4950
-1.3516
-0.0318
-1.1933
-1.5907
1.1838
0.2956
0.9788
-1.8078
-0.0295
0.1304
0.1071
-1.2332
-1.2714
-1.2638
-0.1521
-0.5019
-0.5123
0.1589
-0.9327
-0.1803
0.1458
-0.2941
0.0281
-0.2472
2.0281
-2.0317
1.3865
-1.6626
0.9214
-4.1869
-1.2888
-7.1231
-1.8863
1.6803
-0.2997
1.0000
0.2639
0.0226
-0.9079
-0.0777
-0.6303
1.1838
-5.4803
0.6353
-0.4791
0.5272
-0.8716
-0.5347
0.1037
-1.2442
0.2660
-0.6230
0.5647
5.6511
-0.0888
-3.1398
2.5742
-6.5201
2.3558
4.4536
0.6193
-0.5837
-2.2172
-3.6520
-3.7954
-5.0259
-2.3653
-0.3211
3.4853
-4.8105
3.5267
0.1088
-2.7863
-2.8097
2.1999
-0.2916
-4.1154
10.5890
-3.1661
0.8716
0.4826
-3.8325
-2.9475
-0.0061
0.6047
-0.6445
-2.8538
-1.3499
-0.8968
-0.5461
0.3719
2.9478
-0.0258
-2.1422
-2.0858
-1.1543
0.4970
2.4661
-1.0053
0.8267
-0.2695
-1.9051
-1.7675
-0.0401
0.1629
1.5523
-2.5320
2.2082
-1.4091
-1.5976
0.6163
-0.6017
-1.9644
-0.6463
-2.1206
0.1370
0.0695
0.9466
-1.3908
-1.0008
-2.4814
1.2924
-0.5254
-0.0013
-0.9809
0.1194
-0.5095
-1.4460
-2.0754
-1.0802
1.5016
-0.1711
0.2135
-1.2773
-0.2858
-0.8209
-0.2649
-0.1238
-0.0177
-0.1131
0.2605
-0.2975
-0.6345
-0.7540
-0.5138
-0.2068
0.8291
-0.8548
-0.1163
-0.3367
-0.6551
-0.9586
-0.4163
-0.5830
1.0855
0.1053
-0.1896
0.0152
0.0725
0.2345
-0.0851
0.1715
0.1734
-0.1478
0.0284
0.1008
-3.8328
0.0715
-0.8915
-2.7210
-6.5460
-4.7151
0.7874
0.8651
4.3633
-7.4675
-0.9230
0.6629
-1.1873
-0.9012
2.8807
0.2903
0.7654
-2.3656
1.6092
1.6623
-1.8941
-5.8643
0.2160
-3.5055
-4.2106
-0.3285
1.1948
-1.7569
-1.6096
-2.6833
0.1273
-6.0769
-2.8287
-3.5883
-4.5833
0.9921
-0.8055
2.3750
-0.2884
2.4537
-1.1486
-1.3999
-4.0737
-4.8791
-3.7031
0.1065
-2.5173
-1.9413
-0.6815
-0.9335
-1.7025
-0.6499
-1.7736
9.5152
0.6676
0.2039
0.8510
1.9223
-3.1975
-1.1944
2.0881
-1.2375
-0.8885
2.1643
-0.5113
1.1023
-2.2840
-1.2998
-0.0463
-1.2212
-1.9191
-2.5367
0.1098
3.3635
-2.2450
-0.2904
0.3628
-1.0538
-1.0279
-1.1299
-1.3966
-0.9691
-0.6430
-1.7916
1.1709
0.6175
-1.3270
1.6780
0.7613
-0.7985
-1.7644
0.5178
0.0215
-0.8781
-0.8498
0.6966
-0.4563
-0.7215
0.0299
0.6958
-0.2801
0.5781
-1.5642
-0.8764
-0.0422
-0.2476
-0.9835
0.2115
-0.2732
0.2322
-0.2394
0.1987
0.1978
-1.9034
0.3770
0.1476
-0.2742
0.5710
-0.1669
0.8465
-0.3538
-0.1786
0.6274
0.4828
-0.2114
0.3295
0.9838
0.2700
0.2536
0.3086
-0.1729
0.0658
0.3242
0.1939
-0.0166
-0.0204
0.0684
0.0475
-0.0467
-0.0987
-0.0789
-0.1043
0.0143
-0.0575
1.4937
-1.8706
-1.7841
-2.5866
1.4817
3.1834
-3.1003
3.5987
0.4803
0.4835
-1.9677
-0.6495
-0.7810
-1.5371
2.7249
0.6754
-0.7553
-1.5473
-3.7063
-1.0522
1.1996
-0.3933
-0.4374
-2.8911
0.8394
-1.4657
-6.4533
-2.3170
-0.0046
-12.5318
-3.6724
-8.1820
-4.5731
-1.5961
-8.6073
-3.6830
-8.1336
-3.2773
-3.9975
4.7332
2.3651
-6.6487
-8.9179
-3.8964
7.3742
-1.3514
-5.3449
-1.3680
-5.6931
4.8469
-0.6590
8.9900
-0.0513
-3.6113
0.2365
-6.4226
-5.3889
0.7168
-1.4074
2.3916
4.2781
-3.9086
0.7979
4.9130
2.4616
2.6243
-0.1019
1.7408
1.6984
-0.8300
0.4104
4.5846
-2.6929
1.8012
-0.6104
4.5251
1.2957
2.3030
2.4508
2.5133
1.1368
2.5028
-0.5329
-0.0433
2.0169
2.4476
-0.6245
-0.3939
4.5479
1.0398
0.7950
0.6234
2.1090
2.1845
0.0178
-1.3773
-0.0582
3.2479
0.8615
-1.4889
-2.9532
1.2156
0.9384
0.5153
-0.5709
2.6268
0.1563
-0.4118
1.0069
-0.0196
-0.1498
-0.7571
2.4394
2.1650
0.1847
1.6891
-1.6650
1.5405
1.4022
-0.4717
0.3773
0.4517
0.0407
0.1372
1.2618
0.3457
0.3618
-0.2261
-0.1716
0.0720
0.0863
0.0724
-0.1105
-0.2494
-0.2959
-0.0911
-0.1102
-0.1635
0.1807
-0.0037
-0.1137
3.7027
0.4667
2.1909
-3.7570
2.9067
0.5842
-0.8850
0.1281
-3.9963
-1.0481
-2.6909
-5.0666
-5.2816
1.9125
-1.1357
-1.8239
0.2301
1.0210
0.5161
-0.7964
-0.4639
0.9960
-0.0287
0.8904
-0.4598
-1.1635
-0.5680
3.7140
4.7388
-0.0594
-5.0050
-7.0660
0.3669
-2.8482
-2.5885
-4.9248
0.9823
-3.0068
2.4891
-1.0252
-7.0719
-3.6740
-0.5094
-7.5163
-2.3033
-4.0772
-0.2485
-6.1326
-0.8604
5.5303
-3.5895
-2.5476
10.8769
3.9792
11.6041
-0.1724
-4.3258
-0.3328
-1.5285
-1.2025
1.0052
-1.6958
-3.0570
-0.7407
-2.1554
1.5468
0.5296
1.5132
0.4266
-1.1861
-0.6375
0.2374
-3.6237
8.5141
-0.2881
-1.1836
-0.2301
-1.1672
-0.1251
0.4403
-1.2491
-0.1654
-1.5015
-0.4958
-0.7544
-0.2659
-0.3759
-0.4657
0.5636
-0.8392
-2.1793
1.2427
-1.7260
0.0132
-0.7690
-0.7223
-1.3447
0.8878
-1.7441
-0.1403
-0.9528
1.1305
-0.5448
-0.5495
-0.2317
0.7242
-1.3269
-0.5044
0.9105
0.5520
-0.6889
1.0766
-0.7607
-1.0521
-0.7577
-0.4411
-0.2167
-0.8991
-0.3588
-0.3458
-0.0431
0.1134
-0.0466
0.2038
-0.3487
-0.3711
-0.4482
-0.4233
-0.2117
-0.0919
-0.0743
-0.4818
0.3085
-0.0823
0.3978
-0.1568
0.0026
-0.0562
-0.0487
-0.0786
0.0641
0.5723
-1.4064
-1.9231
-2.1075
-4.5623
2.2470
0.4406
-2.0156
-6.3898
0.3475
-2.1887
-1.1454
-1.7197
-2.8120
-2.6683
1.3187
-1.2120
-0.4490
0.5780
3.5458
2.0352
-1.1159
-1.7526
-2.5108
-2.1233
-0.0851
-0.5874
-1.8566
0.3287
-0.1074
-0.0784
-5.0394
0.2186
-0.5911
-0.3565
-2.7749
-1.8595
-3.4327
0.5526
2.2871
1.8185
-5.2992
1.2912
-2.1048
-6.2049
-0.6304
-1.7367
-1.2812
-1.5333
-1.8430
-0.5413
-1.7136
1.3884
0.0851
-5.5843
-0.2275
-3.5082
-4.3795
-0.1232
-2.3054
0.5484
-4.0167
-3.4786
-1.1223
-1.0793
-1.0151
-0.6916
0.1374
-0.6312
-1.6809
-3.3816
-3.8182
-3.8440
-0.3049
-2.6372
-1.1390
-1.1847
-1.5842
-2.6663
-3.2432
-2.3913
-2.1363
-3.6629
-1.4993
-2.7542
0.0230
-0.3512
-1.4055
-0.1525
-0.1360
-1.2314
-0.0881
-2.0493
1.4782
-2.2652
-0.7748
-0.9162
-0.4247
-1.0938
-0.5830
-0.5612
-0.0820
3.7952
-2.6058
-0.3776
-1.9192
-0.2049
-0.2727
0.2964
0.7614
-0.3995
0.1834
-0.0479
-1.2693
-0.1265
-0.1394
1.9631
-0.7257
0.8267
-1.6196
-0.6395
-0.0268
-0.2063
-0.3754
-0.1600
-0.2523
-1.3460
-0.0607
-0.0827
-0.1422
0.1065
-0.1869
-0.0034
0.0866
0.0560
0.0760
0.0646
-0.0734
0.0969
-0.0878
-0.0388
0.2146
-0.3031
-1.3017
-0.7889
0.8250
0.9360
-3.0105
-0.2267
4.8167
-2.9246
-0.0771
-1.4019
-4.0708
-1.4795
-7.2584
0.2727
-4.8036
2.0104
-1.2749
-1.9605
-3.9039
1.0040
-4.2024
-0.7542
-0.0909
-7.0535
0.2907
0.5716
-4.3195
0.0531
2.3684
0.0621
-0.0753
0.6974
0.0916
2.2931
-4.6204
3.9835
2.4507
-2.4290
-3.9731
-0.5162
-4.3164
1.2079
-2.9434
-2.6135
-4.4720
-0.3296
-1.9283
0.6398
-2.4664
-0.2471
-3.7580
-2.6392
0.3524
2.1107
1.4837
1.3616
2.9094
-0.3463
-0.1244
-2.5466
-2.0923
-1.7225
3.1209
-2.1819
-0.7054
2.0128
-3.8750
3.1391
-3.1896
0.0240
-1.6282
0.9881
1.9130
2.0133
-2.8160
-1.0697
-2.5357
-1.7894
-1.6257
2.4362
-1.5086
-1.4834
-1.8959
-1.3249
-1.1869
-2.0947
-0.4842
-2.1354
-1.4592
-1.5492
-1.9910
-0.9649
5.9414
-1.8873
-1.1272
-0.3959
1.0483
0.2312
-0.0894
-1.0530
-0.6814
2.9823
-1.0878
0.2179
0.3887
-1.1094
-0.0150
-0.2334
1.0813
-1.7954
1.0818
-1.0427
-0.0962
-0.1847
-0.1435
-0.0379
0.0647
1.6947
0.3742
-0.0354
-0.0619
0.1034
0.8836
-1.0478
-1.1100
0.3142
-0.8279
0.7368
1.0200
1.7502
-0.0074
0.5717
-0.0967
0.0979
0.0804
-0.0593
-0.0672
-0.0943
-0.0594
0.1080
0.0565
1.0947
1.6969
-7.7731
-1.9331
-2.7611
-4.1798
1.7263
-2.3107
-2.1087
-1.3392
-1.0100
0.9213
0.2967
0.8785
-1.1620
0.2996
1.2408
-6.2862
1.3413
0.6416
-3.9950
-0.7528
1.9328
0.9373
-1.6575
-1.0960
-1.0523
-2.5838
-2.6199
-1.0769
0.0283
-6.0303
-5.9032
-1.2216
1.9797
0.4916
-3.0640
-5.6323
-0.9269
-1.6477
1.9027
-2.1946
-1.7265
-1.1701
-5.4757
-3.7812
-5.3287
1.6089
6.1890
-1.9631
-1.1890
-5.4185
1.0622
-4.3172
0.3163
-3.6909
-5.9556
-6.4854
2.1409
-4.1311
-1.1151
-1.5789
0.8078
-4.0381
-2.7943
5.7502
-1.6276
-2.3283
-2.5862
-1.6330
-3.1177
-5.2362
-2.3386
-2.5051
3.3848
-1.9050
-1.0506
1.4619
0.0932
-1.3236
-1.5005
-1.4229
-2.0762
-3.6919
-4.0992
-0.1994
-2.1970
6.1253
-1.5881
-1.1287
-1.1334
-0.6907
-0.6702
1.4944
-1.2154
-2.0584
-3.6540
-0.5494
-1.5370
0.4040
-1.9048
1.5390
5.2748
-1.0569
-2.3240
-1.4889
-1.0316
-0.0110
-1.6644
-1.4000
-0.8885
-1.3042
-0.1633
1.8790
0.3164
0.2031
-1.6128
0.0519
-3.2067
0.4758
-0.3653
-1.7236
0.0831
0.4343
-0.4941
-0.2522
0.2656
0.6949
0.1292
-0.7837
-0.4279
-0.7289
-0.1756
-0.8143
0.0386
0.1360
-0.1933
-0.7075
-0.0084
-0.3169
0.0415
-0.0465
-0.6629
-0.4311
0.4310
0.2936
-0.0005
-0.2149
0.4674
-1.0492
-10.5819
-1.4500
-0.1670
-0.5737
-2.1321
-3.2629
-1.2435
0.8957
-2.1410
-0.8770
0.3845
2.9432
1.2379
1.0687
-2.6107
1.0176
2.3296
0.3515
-0.9866
-1.2760
-0.3010
0.4740
0.0064
4.7896
-5.4634
-4.9465
-6.8617
-3.6948
-2.5337
-5.9640
-1.3355
-7.8523
-3.5560
-0.7403
-5.3889
-3.1168
-3.6527
-2.0977
-4.3709
-6.4206
-4.0449
1.0370
-1.4229
-0.6179
2.0031
1.2359
-3.3463
-8.4156
-7.8531
4.8488
-8.8981
-2.9871
-1.8676
2.2368
1.8942
-4.6551
0.9421
-3.5275
-2.8223
1.1157
0.5272
2.5304
-3.4893
-1.7286
-3.6096
2.6090
-4.7374
2.1703
-2.9555
1.2689
2.5601
2.0344
-0.8730
1.3144
-0.4028
-4.4254
-5.3072
-2.8105
0.9225
-2.8026
1.0814
1.6248
-3.3059
-3.6260
1.4847
3.3787
2.3199
-4.1997
-3.2724
-2.4504
2.0616
-1.8270
-3.3467
-3.7571
-4.0877
-3.2757
-2.7953
-3.4748
1.0550
-2.3909
0.0741
-0.8309
1.3209
-2.5050
0.8544
-1.7671
-1.3047
-2.3389
-2.4683
-1.1441
-1.3278
-1.3617
1.0878
-2.1073
0.4339
-1.0375
-0.1171
-0.4000
-0.9852
-1.4052
-0.8884
-0.7151
0.1350
0.0704
-0.6775
0.8801
-0.2695
0.1062
-0.1762
0.1616
0.0452
0.2794
-0.1763
0.0549
0.7053
-0.2283
-2.0262
1.4247
1.2071
-1.5165
0.7025
-0.6544
1.1014
2.2846
-0.1495
0.4669
2.9234
-1.0555
-1.1902
-0.6365
2.1035
-1.3145
-2.1031
-0.7718
-0.0884
-0.0784
-0.0816
-0.7954
-0.9931
1.2248
0.8702
1.3824
0.4642
2.5266
-0.2320
-8.8512
-3.3093
1.0167
-4.0979
-1.5338
0.1352
-0.0023
-1.8720
-4.9757
-1.9148
-4.4351
0.4586
-2.4516
-0.9739
-3.4714
-4.1934
-3.1311
-2.6845
-2.3838
4.8594
-2.5159
4.6927
-3.5050
-3.9442
-3.9224
0.2204
-2.7493
-1.9023
-2.1006
-5.4138
-4.3590
-4.1493
-1.8884
-3.0880
-1.1824
2.9272
-1.1835
-1.6550
-1.7760
-1.2183
6.8445
-2.4574
-0.5504
1.9048
-2.8273
-3.0140
-1.5373
-2.9347
-2.7697
-1.7376
-2.3464
-4.0189
-1.3511
-2.0812
-0.2750
-1.8104
-0.1526
-3.3368
-3.4525
-2.6600
-2.8601
-1.6137
-3.4627
-2.1975
-2.2424
-2.5774
-0.9873
-0.7874
0.7830
-2.7164
-1.7855
1.4894
-2.0423
-2.3909
-2.4307
0.4635
-0.7990
-1.6692
-1.7913
-1.9701
0.1758
-1.2509
0.1303
0.3939
-0.5028
-1.4572
0.1665
-2.2349
-0.6902
-1.3537
-0.1632
-1.6861
-0.4024
-1.8394
-0.3595
-0.3013
-0.6009
-0.2091
-0.7773
0.5401
0.1389
0.2134
-0.5707
0.1578
-0.1076
-0.0109
-0.7634
0.0982
-0.0723
-0.1395
-0.0238
-2.5267
-2.6753
-1.0606
-2.1966
-3.9842
-0.3350
4.4343
1.1200
-0.7912
-0.9503
1.4847
1.5359
-1.8230
1.6887
0.8619
-0.7362
-2.4110
0.6960
1.6600
1.9820
-0.9116
-6.2310
-3.7201
-0.3961
-0.4307
-0.6576
-0.7219
0.9544
1.5082
2.0758
-0.0088
-4.6328
-4.0994
-3.7067
-4.4139
-2.8581
-6.9423
-3.7104
0.0038
2.8222
2.5786
3.0420
1.4242
-2.3691
-2.7119
-0.7211
1.9594
0.9292
-0.1783
-1.1806
-1.0606
-0.1341
-0.1163
-3.9366
-6.6801
-0.1371
-3.4258
-2.3605
-2.1938
-1.5440
-0.2202
-0.0642
-2.1032
-3.3753
-2.4582
-1.2776
-0.0872
-1.5563
-2.3545
2.9013
-2.7000
-3.2438
1.3813
-0.7405
-3.6699
-1.2446
-1.2183
-0.0683
-0.8785
-2.0801
-1.4639
-0.3589
-2.3518
2.7661
-0.7322
0.4912
1.8143
-0.3399
-1.1033
-1.1937
-1.4058
-1.8911
-0.7770
-2.0911
1.5080
-1.0148
-1.5033
-0.5984
-0.9577
1.1103
-1.3373
-2.2664
-2.4522
-0.2451
-0.5686
-0.9041
-0.4819
-0.2525
-0.2556
-2.0437
0.1780
0.8708
0.0740
-0.0841
0.3273
0.0003
-0.9676
0.6883
-0.5094
0.2693
0.4265
-0.2768
-0.0813
0.2183
-0.0201
-0.1218
0.3069
-0.1025
0.1860
-0.0456
-0.2052
0.0927
-0.1863
0.0242
-0.3113
0.0565
-0.3694
-0.0437
-0.2529
0.0369
-0.2796
0.0748
-8.2155
-7.2626
-0.8286
-0.2028
1.9174
-7.2190
-0.0731
-0.4391
4.6190
-5.8678
0.8012
-2.2597
-0.5040
-8.5553
-1.7784
-2.2352
1.7890
3.2406
2.4901
-4.3040
-1.4416
-4.9469
-1.7563
1.1726
-6.1433
1.8400
-0.0117
-2.6886
1.1051
-3.8414
-0.0413
-2.8662
0.0275
0.2472
-1.0734
0.1250
-3.7412
8.1103
-4.2911
0.0592
-0.4336
-3.6158
4.5979
-1.9431
-5.5543
0.9442
-1.9871
-4.6078
-0.8257
-4.2821
-2.4216
-2.5046
0.5503
0.3151
-3.1044
-1.0864
12.8213
-2.6156
0.7600
0.4879
-2.6771
-0.6789
-1.5616
5.7870
-2.3933
-1.4132
3.0279
-2.6344
-4.3146
-2.6303
0.8095
8.2273
0.0950
-0.7298
0.7012
-2.6701
-1.0393
-0.4264
-1.9516
-2.6051
1.9520
-2.4025
0.0598
-2.3132
-2.3252
2.2366
-0.1781
-0.8606
-1.4446
-0.8884
-1.8592
0.5830
-0.6819
-0.2203
-1.1153
-2.4072
-1.5392
-1.3731
-0.8541
0.1383
-1.7763
0.5611
2.4998
-1.0885
-1.7455
-0.9556
-0.0847
-0.2397
-0.6099
-0.5497
-0.2109
0.1776
0.3992
1.7974
0.1131
-0.4623
-0.8756
-0.1449
-0.2820
-0.4547
-0.8967
1.3599
0.2523
-0.2252
-0.4045
1.1682
-0.1896
-0.4794
-0.0745
-0.2251
0.1524
0.5032
0.0681
-0.2945
0.1183
0.0325
0.0394
-0.1421
-0.0503
-0.0756
-0.0224
0.1478
0.8392
-1.4679
-1.8849
0.5933
-0.2654
-0.9107
-0.7814
-0.3060
0.0231
-2.2189
-0.3182
-0.3612
-3.8212
-1.8463
-0.2655
-2.5337
-0.0658
-0.4122
0.4315
-0.6672
0.0724
-1.6286
-1.0771
1.6518
-4.7349
-0.3803
-0.0661
-2.0409
0.7870
0.3885
-0.0154
-7.5338
-0.3617
-5.2040
-2.8218
0.6933
-0.0900
-6.0252
-2.9569
0.7130
0.5129
0.9045
-5.1345
0.0693
0.7399
-1.2702
4.5067
-0.7401
-1.5322
-0.5668
0.8816
-3.3037
3.4017
1.2104
-0.3274
3.5038
-1.5744
-0.2379
3.3857
-3.8453
0.8004
-2.8589
-0.7371
-2.9203
-5.3689
-2.1306
2.2659
-1.1287
-0.0887
-0.8764
-5.8605
2.4045
-3.6104
-0.8454
-2.8019
-0.8082
-3.8189
-1.4498
-2.2690
-1.4755
-4.2659
-0.3430
-0.8375
-4.4969
-1.7180
0.8871
1.5911
-1.4461
-3.8165
-1.3307
-2.4424
-0.5721
1.3349
-5.8910
1.6531
-1.5674
-2.1198
-2.7349
-0.1309
0.8331
-1.4718
0.1004
-2.5236
-1.1633
-1.7130
-0.6161
-0.4557
0.5686
1.9287
-0.1697
0.7597
-0.8355
-0.9162
-1.3685
0.7105
-0.6560
-1.5801
1.1462
0.8140
0.2589
0.0203
-2.2056
1.0905
1.1330
1.1128
-0.2167
-0.0227
-0.6429
0.5923
0.0793
-2.2505
-0.3870
0.0746
-0.4661
-0.2483
-0.0194
0.0467
0.0356
0.0385
0.0659
-0.0564
-0.6782
-3.4106
0.1783
-0.4154
1.2848
-0.9533
-4.4753
-3.2598
-3.3540
-1.3679
-1.4169
0.1389
0.2853
-1.2649
-1.1618
-2.6798
0.9608
0.4424
-8.6020
1.9146
-0.9959
0.6038
0.3102
-6.0831
-2.3522
-0.8382
2.1288
-7.1143
0.8166
1.0657
2.6722


Weights 1->2:
-0.4078
-0.8568
-1.0735
-0.6938
-0.8643
-2.0864
-0.4385
-0.5833
-0.5731
-0.6404
-0.4702
-0.4283
-0.6717
-2.4099
-0.6467
-0.8303
-1.2735
-0.9113
-0.6250
-0.2882
-0.7826
-0.7580
-0.4659
-0.5431
-0.9176
-2.6778
-1.0438
-0.5211
-0.8009
-0.5851
-0.3223
2.2506
4.7532
-0.4875
1.8110
8.0426
0.1397
1.2976
0.8821
2.9564
0.7827
1.5951
-2.5598
-0.7581
-3.2767
1.6377
-1.8264
3.7348
-1.5491
2.0912
2.9778
-1.4245
-2.0357
4.1545
3.0786
-1.4314
1.5661
3.4784
1.7178
1.7226
-1.2162
-2.1036
3.9826
0.9803
5.4470
3.8462
0.2467
-4.5259
1.7569
-1.3854
-1.3578
-3.0603
4.1064
1.7112
1.2935
3.7491
1.3447
3.6341
0.0653
1.3287
-0.6891
3.4720
-1.1406
-0.9112
3.3665
2.2276
0.5804
2.6248
1.5762
2.5854
-2.2369
-3.7063
3.8449
-0.6511
6.4481
3.0345
0.6545
-4.3247
3.8098
0.3620
-1.8444
-1.8078
3.7910
2.1472
0.4258
2.2807
1.9777
4.2657
1.4754
1.1971
0.7652
0.4479
0.9860
-0.1403
2.2996
1.5689
1.6526
-0.0517
-0.0952
1.4308
-1.0524
-2.1514
2.2015
0.7294
6.7822
3.2396
0.7425
-4.7770
0.8570
-1.0597
-1.3229
-2.1449
3.9646
2.1693
-0.6189
4.2828
0.2702
3.2759
2.0662
2.0276
0.2080
2.9746
0.8392
0.5680
1.9630
1.3609
-0.8381
0.2525
1.3073
3.5629
0.3796
0.7371
3.5371
3.7469
-1.4364
7.6047
-0.2200
-0.9500
1.3566
1.9570
1.8212
-1.0570
-0.0042
2.0151
-1.1812
1.0873
0.5509
-1.1384
-0.0702
-0.1989
-0.8185
1.3948
-0.4954
1.3001
1.9539
1.7803
1.7050
2.2829
3.8381
-0.6967
0.4374
-0.3624
0.8289
1.2489
6.7093
7.1112
-1.6622
-2.5770
1.7743
1.8150
-0.7746
-1.9765
-0.0280
2.2117
1.8949
3.8912
0.8670
0.1438
-3.0377
-1.4099
-0.9984
0.7051
1.5053
1.7689
2.2092
0.5306
1.7263
-0.2276
4.4193
0.6948
-2.0355
-4.0405
4.6912
-0.2333
5.8232
5.8946
0.2773
-1.0033
2.1940
1.2774
0.1665
-1.9996
3.4397
1.7514
0.8412
2.3502
0.9307
3.4926
0.2455
-1.3293
-0.5414
1.4926
2.9480
-0.9146
2.5864
0.7903
3.3164
1.1122
-2.4694
0.8516
1.9546
-2.9041
3.8867
1.2682
-2.5619
6.9509
-0.1587
0.3822
-2.7620
2.5640
-2.0680
-1.5024
2.1839
4.8871
0.9433
1.6772
3.1258
0.8900
-0.3934
-0.6425
-2.3309
-0.0460
0.8828
0.8842
-2.0465
-1.0788
2.4334
-0.7042
2.0402
-1.3007
-1.8132
-0.7545
1.5270
0.4614
1.2898
7.0042
2.1660
-0.0318
-0.7794
1.7552
-1.1533
-2.3513
3.2727
2.8222
0.3583
3.4228
1.7207
-2.7207
2.2750
-2.4031
-2.0005
1.9069
1.5731
3.1415
3.1715
0.1526
3.1523
-1.0248
1.9317
-4.9842
0.3257
-0.8941
4.9963
2.5852
0.4067
5.3113
0.8135
-0.5183
-2.1753
2.1403
2.0874
-1.2794
1.6075
2.8635
1.3150
0.6629
0.5421
0.4161
1.5245
-1.6769
-3.4785
2.1848
0.6276
0.9438
1.0296
0.3487
2.5812
0.8564
3.8543
-0.5672
-4.1146
-0.9447
2.5488
0.0087
0.9148
6.3147
1.9442
1.3402
1.5343
2.1311
-0.4761
-1.3901
1.8447
4.3014
1.0011
2.7585
0.5387
0.6956
1.2309
-1.5549
-2.8499
-2.3119
0.6636
2.3650
3.5162
-0.8569
3.1497
-1.7564
2.6967
-4.9267
1.1947
-1.8207
2.2572
-0.9122
5.4191
5.0434
3.0908
-3.0816
2.7469
-0.3135
0.0121
-1.7580
3.0849
2.3673
-1.0688
1.3147
0.0958
2.3541
1.8437
-1.2314
-2.2665
2.0511
1.0413
-0.9793
1.7086
0.6052
3.2551
1.2029
0.5458
2.1360
0.7205
-2.6583
4.6728
1.2370
-0.7213
6.6857
1.1824
-2.0590
-0.4706
-0.4886
0.6462
-1.3880
0.9755
3.5566
1.7062
0.9454
0.6571
-0.1309
0.8050
1.0048
-2.5386
0.3803
0.1379
0.1976
-0.0861
0.5351
2.7437
0.5986
2.8173
-0.1462
-0.2932
0.0288
0.3770
3.6370
4.3029
6.4783
-1.6923
0.1994
-0.8468
2.2156
0.2480
-3.2925
1.5595
2.0052
1.3142
2.6142
-0.2839
-0.1342
0.8427
-2.9303
-1.6585
-0.0315
1.5102
1.2562
1.7223
0.6622
1.3905
-0.1839
4.1989
-1.8903
1.9787
-2.0512
3.6882
0.0636
-0.9420
4.5068
4.7772
-0.5617
-0.6864
-0.3101
0.6580
-1.8687
0.2570
2.5587
1.1778
0.8449
1.3714
-1.7500
2.8833
-0.7766
-1.7268
-4.9390
-0.6679
-0.1517
-0.1262
1.3522
2.8593
2.5909
3.4690
0.3089
-0.0740
1.4033
3.1901
-0.2233
0.8144
4.3958
-0.5089
2.5997
0.3164
4.0058
1.2419
1.1532
-0.6964
-1.1678
-2.3209
1.6554
-0.4018
2.1984
-1.3174
1.2730
1.6501
-0.5230
-1.1981
1.1592
4.1547
-0.4099
1.1913
-0.2374
0.8003
0.0200
1.9315
-0.2877
2.3852
1.3632
-2.7365
5.6222
0.7188
-0.5323
-1.5805
1.1761
0.1528
0.2780
0.7091
4.2326
0.4432
1.2185
0.3680
2.0255
-0.3187
0.3238
-2.7906
-2.1032
0.6119
1.4368
-1.5985
-1.4364
2.7150
0.9826
2.8094
-1.7192
0.6837
-2.1977
3.0099
0.2882
-1.4695
5.8461
1.7822
-0.4598
-6.1799
0.6784
0.6589
-1.1429
1.3285
3.4989
2.0304
-0.0147
0.2206
2.1779
-0.1491
-1.0286
-2.7541
0.9484
0.8713
1.7789
-0.7810
-1.1127
4.7584
0.1809
1.9994
-0.6823
0.5932
-1.1551
2.1048
2.0875
-0.8304
4.6922
2.1982
-2.9181
1.2372
0.1095
1.0035
-0.7507
0.4954
3.4009
1.5402
0.1797
0.7400
-0.6195
0.8222
0.7024
-2.6956
0.3158
-0.7017
0.9118
-1.3636
-0.2233
2.3261
2.9203
2.0704
-0.4543
-2.2870
-2.0420
2.9617
2.5974
-2.6410
3.5310
-3.0256
-1.7158
0.6176
1.8367
1.6258
-0.7565
0.5383
2.8226
0.2397
-0.7981
0.9097
1.4787
-0.3388
-1.3881
-1.5832
-1.4802
0.9673
1.9900
-1.7127
0.5032
3.2941
0.6641
2.2238
0.5411
0.0043
1.7570
2.9368
0.0168
0.7039
3.8555
-1.0758
2.0819
0.3511
3.9729
1.0757
1.0496
-0.1861
-1.4159
-1.9602
1.3913
0.4174
2.0845
-0.7485
1.1004
1.4261
-0.7878
-1.2113
0.5010
4.3164
0.2675
1.0512
-0.8236
-0.1875
0.1777
1.0122
-1.3140
2.3210
-0.7220
-0.7178
4.9032
4.3129
-2.3082
0.9364
-0.1968
-1.6524
-1.1102
1.5588
2.3401
1.9891
1.4298
0.3028
-0.6545
3.5083
-0.4411
-0.2088
-1.4953
0.8582
-0.4193
-0.3937
0.1735
2.6218
1.0032
1.6833
-1.6606
-2.7570
1.2313
2.4760
-1.5949
2.4569
1.2696
1.6743
-4.6075
-0.0956
-6.1050
-0.9580
-3.3313
3.0677
0.1690
2.5460
2.8544
-0.7239
2.2897
1.7471
3.5221
-1.0520
4.9655
0.5349
-2.4405
1.9990
-1.3217
0.5396
-0.1644
-1.2323
5.6121
0.7385
-1.4239
2.3733
2.0510
3.7302
1.4785
0.5256
1.7953
3.4638
1.1783
-0.9809
0.8327
-1.8554
3.3309
-0.7220
1.0065
0.8005
3.5707
1.3451
-0.6251
-1.7664
2.0781
2.4888
-3.0088
-0.5649
-1.2893
-1.3471
-1.7828
-0.7946
0.7508
-0.6239
-4.0319
2.9365
1.9554
1.2947
5.0187
0.6427
0.0410
-4.7363
3.7240
-1.7913
-5.6316
2.6060
2.2610
0.5818
1.6102
1.2051
-1.8873
0.3335
-1.5967
-2.6693
2.0844
0.6055
1.1897
0.7672
-3.5690
1.2941
0.7232
2.2167
-3.3245
-0.6216
-3.8797
3.5554
-2.0882
3.2808
0.0387
0.9180
-0.4914
-1.5427
-1.1009
-0.3839
-1.4628
2.5267
0.1021
1.2881
1.9480
0.2083
2.2430
-0.0137
1.2534
-1.9405
3.1444
0.6655
1.0368
2.3570
-0.0290
3.1286
1.0552
0.7753
3.4688
-0.5377
-0.1415
2.2561
-2.0682
-1.2431
3.0589
1.6637
3.0926
-1.9437
2.8903
1.0288
0.6496
-2.5067
0.2209
0.8552
0.7172
2.4388
1.7165
-2.8279
0.1645
1.0691
-1.0311
-1.7389
2.4189
3.1928
0.0911
1.7518
-0.8654
1.0708
0.5744
1.4431
-3.7540
1.8960
1.0374
1.6400
-2.6794
1.0763
-3.9913
2.9907
1.3413
-0.2248
-0.1347
2.5800
0.7311
2.9456
-0.1381
2.2535
2.2628
1.0207
-0.6109
-0.2973
1.6763
2.2133
-1.6343
2.9934
1.0387
2.1689
-1.2307
0.3004
1.5114
1.4074
1.6802
-2.8834
0.4660
-1.2412
-4.0585
-0.3948
0.0918
-1.2157
-0.9378
2.4852
2.9107
-1.1034
-1.2960
-1.0828
-1.4158
0.3625
-1.0600
0.3264
-0.7084
1.0247
-0.0485
0.3785
1.6379
-1.6472
4.2406
-1.5753
-0.2381
-1.0204
0.3502
-0.6786
-3.0836
1.0863
1.3463
-0.8907
4.3876
2.3632
-2.3513
-2.2021
0.5952
0.7875
-2.2042
2.5102
-0.3058
2.2577
1.5726
2.5250
-1.1245
-1.2995
1.2351
-2.6300
2.9571
3.6063
-1.0304
-1.9265
-1.5018
2.8728
2.5214
0.3036
-1.0973
1.8399
3.0988
-3.3522
2.0980
-0.1588
-2.2829
-0.3989
-0.5187
1.0034
-1.3979
0.9736
1.9301
-1.5323
-0.2203
-2.2605
-2.7377
-0.1695
-2.1363
-0.1640
-1.0898
1.1757
-2.4102
-0.7812
0.1183
-2.2578
3.4490
-0.2385
0.3305
0.5587
-0.3327
1.6503
1.4707
-2.8144
-0.2517
-0.7653
-2.0475
-0.5314
-1.3036
0.2668
-1.5528
2.7956
2.4742
-2.0364
-0.1462
-0.8960
-4.1293
-0.0384
0.7097
0.1071
-0.2698
2.0521
-3.1991
-1.2001
1.8194
-2.8925
3.3657
-0.7954
-0.5903
1.5238
0.5448
-1.9303
-2.8334
3.7965
-0.2518
2.2072
2.6547
2.7179
-1.0943
1.4260
1.3820
0.9575
-3.9194
1.1141
0.5891
2.3893
-0.5627
-2.4209
3.4243
-0.6801
-2.4068
-2.0000
0.7215
1.3885
-1.4019
0.9512
-0.3332
1.2294
1.5013
2.1023
3.7509
-1.1739
-0.0956
-2.0775
-1.5501
-1.9836
-1.5217
-0.5050
-1.3283
-1.5536
-0.6451
-1.3488
1.7861
-1.1310
-0.9198
-0.8609
1.4438
0.3603
-1.8823
-2.1922
-0.4089
-1.4263
1.0270
-1.3421
-1.3018
-0.8890
3.5069
-2.4019
-1.3576
-0.7151
-1.5515
-0.2482
1.8787
2.5052
-0.2292
1.0000
3.3703
-0.7795
0.0574
0.1544
2.7203
0.5874
0.9482
-0.0763
-1.4050
-1.6696
1.4287
0.2600
2.3736
-1.2722
0.9799
1.2312
-0.0040
-1.3573
0.0985
3.3055
-1.1866
0.7715
0.0262
-0.5037
-0.0395
0.4704
-0.0506
-1.1708
1.6707
0.9765
3.8634
1.5131
-0.7854
-2.7147
-0.1340
0.0365
-0.2439
-0.2016
4.6363
0.6142
0.9325
0.1653
-1.1945
0.4560
-0.1966
0.2304
-0.0502
0.9115
0.5071
-0.9636
-2.6364
2.7593
0.3096
1.0268
-1.2013
-0.1255
1.4077
-2.7312
2.9455
-1.5483
-0.9381
-0.6524
-0.6173
1.8770
-1.2780
-0.1570
2.2435
-1.3929
-0.5080
-1.2070
-2.4441
-0.1724
-1.8678
-0.6892
-0.1134
1.3934
-2.1536
-1.3651
2.5944
-0.9260
3.7185
-1.3437
0.0696
-0.4832
1.3555
0.8223
-0.1927
-0.6432
1.4749
-2.5322
3.3698
4.3321
2.0949
1.7153
0.4450
0.2266
-2.5472
-3.0716
1.0614
1.3719
1.0681
-2.1706
-2.6661
-2.8010
-2.6335
-1.9689
1.9670
0.6116
1.0440
-1.5597
-2.0080
4.4811
-0.0938
4.9424
-4.0844
0.4089
1.8646
-3.1470
1.0606
0.0927
-1.1315
-0.9717
-1.0094
0.4633
-1.3997
0.8051
2.1473
-1.4486
-0.2875
-0.9740
-1.7055
0.4159
-0.0528
0.0561
-0.3205
0.8935
-0.6136
-1.5926
0.3720
-1.8260
3.1905
-0.8562
-0.3130
-0.2581
0.3519
0.9406
0.4837
-2.7493
0.4787
-0.5512
-2.8523
-0.4160
-0.3631
1.5464
-0.5972
0.1685
2.7166
-0.9922
-1.1283
-0.0199
-1.4728
0.3633
0.2590
0.3722
0.0130
1.7654
-1.3828
0.2865
0.6209
-1.2232
3.6866
-1.4431
-0.0370
-0.8012
-0.5014
0.1575
-2.4158
1.3322
0.1609
2.9516
-3.4793
2.0674
-5.7150
1.4472
1.0444
-0.2637
-0.6028
1.8202
-0.7901
0.7766
0.2184
-0.4190
2.5505
2.3961
-0.0592
-0.0863
2.8748
3.4014
-1.1270
1.4717
0.5701
0.0273
-1.7628
1.8354
4.0973
1.9213
0.4215
-2.4090
2.0545
-1.2196
-3.7609
-1.6629
0.9846
-1.6151
-0.7202
0.1191
3.4439
-1.5022
-1.9464
-1.8703
-0.4474
1.0131
-1.4697
0.5215
0.5172
1.4033
0.5425
-0.0690
-0.8989
-0.9468
3.9197
-2.0776
-1.4824
-1.5205
-0.4759
-2.3862
2.0423
0.8726
0.0629
2.3836
-1.4997
-0.1242
-3.9453
-2.8893
-4.2038
-0.5531
-3.0964
4.1210
-1.8726
0.5504
2.0692
0.0699
0.5895
2.2833
2.2223
0.2910
6.0199
0.5222
-4.4805
2.0235
-3.0409
0.1476
0.2233
-1.5193
3.5487
-3.6311
-3.8157
1.1436
0.1822
2.5663
-1.4909
0.8867
-2.6897
3.6668
-0.2904
0.9549
-2.6607
3.5750
-0.6720
3.5448
3.8433
-1.1082
2.4360
-2.9675
-0.5858
-0.6996
2.2078
-0.5176
-1.6528
2.7802
-0.0028
-1.7225
-1.7661
2.2129
1.9020
2.8071
1.2553
-2.1587
0.9671
-0.6538
-1.6263
-0.7295
-0.4999
1.4065
-1.2351
-0.0712
2.8549
-1.3804
-1.4668
-0.9029
-0.5653
0.8238
-0.8792
-0.0810
-0.7287
0.7999
-0.7507
-0.3645
1.5938
-1.6230
3.1450
-0.5475
0.0982
-0.4877
-2.3331
0.2763
1.4244
-1.3571
-1.7012
-1.5843
-1.5300
-0.1205
5.4434
-0.5108
-1.0465
0.1027
0.0087
-0.7652
2.7151
-0.0787
-0.3061
-1.5710
-0.9330
0.5048
0.8483
1.8097
-0.8297
-1.1300
-0.5260
-1.0764
0.1191
-0.7690
-0.1909
-2.2773
-0.5598
0.5465
3.9247
-4.3632
0.5569
-0.1177
-3.5379
-0.6986
-0.5438
0.2907
-1.5706
1.0258
1.9340
-0.2058
1.2687
-1.1635
-2.0405
0.0508
0.6761
-0.8072
-0.5485
0.1200
-2.4169
2.3368
0.5507
-1.0897
1.5553
-1.2658
-1.4044
-0.0542
1.1709
0.0153
0.8281
-2.7761
0.4401
-0.4473
-2.6872
-1.1863
-0.1573
-0.2598
-0.7411
2.0203
2.0884
-1.4976
-0.2792
0.1233
-2.3478
-0.1536
-1.2354
-0.8556
0.9488
1.4014
-1.3372
-0.4968
0.3699
-1.0578
2.9431
-1.0509
-0.3752
0.2388
0.9049
1.8458
1.2145
-2.4286
2.3276
-1.4881
-2.9511
0.3376
-0.8219
1.8914
-1.2145
-0.4256
2.3456
-0.8946
-1.1931
0.2857
-1.1737
0.2962
0.7493
-1.4404
0.0722
0.8059
-0.9049
2.1878
0.1537
-2.0618
2.9965
-1.5352
-0.9877
-0.3230
0.7314
0.5337
0.7997
-2.1126
0.0184
-0.6915
-3.5919
-1.6848
1.4469
-1.0029
-0.6926
0.0047
1.4715
-0.0578
-0.6300
-1.2785
-2.6637
-0.2220
-0.6106
0.5890
-0.4468
2.1394
-1.1725
0.7740
1.9289
-1.2298
2.8256
0.8801
1.1286
0.5707
1.2432
0.3141
1.5416
-3.1698
1.2689
-0.1776
-0.6483
-0.8023
0.5690
0.9720
-1.2915
-0.2805
1.6492
-1.5191
-0.2953
-0.7643
-2.1698
0.4430
-0.2315
-1.0335
-0.5410
1.9551
-0.9183
-0.5659
2.0864
-1.4554
2.6514
-1.2742
-0.5910
0.4779
-0.9839
0.4183
1.7211
-2.3389
1.6930
-1.1595
-2.1715
0.1939
-0.7476
0.6295
-0.9697
0.4670
1.8293
-1.2432
-0.9612
-0.6951
-1.5562
-0.1389
-1.1474
1.3032
-0.0938
1.4654
-0.3672
-0.0708
0.3476
-1.2641
3.2777
-0.7599
-0.5273
-0.4012
1.1471
0.6149
-1.7438
0.1221
-1.3393
3.4323
-0.0865
2.1270
-3.1481
0.7361
1.6682
0.4304
-1.5399
1.7218
1.3760
1.0181
-0.4810
1.2465
2.1738
1.1827
-2.0522
-0.0527
2.6074
-0.0825
-1.1250
-3.7142
-1.0300
0.5552
0.8475
1.8694
4.4352
3.1029
2.4846
-0.2424
-2.4229
-0.7055
-2.6937
-1.3102
5.9349
-1.1153
-1.2973
0.6014
2.0998
-1.5900
1.1802
-0.6109
-0.7235
-1.4422
-1.2851
-0.5626
2.6605
1.1364
1.0364
-1.2080
-0.0825
-1.7741
-2.0453
-1.0703
-0.0658
-3.8600
-0.2905
0.2959
-0.4671
-1.4992
-1.0820
-1.4098
-1.5222
-0.4794
-1.2319
-0.9364
-0.6188
-0.9920
-1.9778
2.4137
0.9237
-1.4044
2.2070
2.2689
-1.3611
-0.9405
-0.6580
-0.5950
-0.1117
-0.9084
-0.4695
-0.4086
0.3488
-1.8153
-0.7267
-2.0762
-1.3767
1.3888
1.3325
-3.3677
2.9274
0.7128
-0.7741
-0.7101
-0.9006
0.0221
-1.2358
-0.2366
1.3324
-0.8086
-0.0505
1.7643
-2.5516
-0.8545
-2.2411
-0.7453
0.4259
1.7471
-1.7155
-0.4928
0.0869
-1.4898
2.5600
-2.4616
0.8171
-0.5503
-0.9409
0.3898
1.2640
1.8419
1.1190
-0.2107
1.6570
-1.6163
2.1738
-0.0790
3.2003
1.1466
1.5619
-0.9818
-2.7462
-1.4363
0.3223
0.3529
1.0664
-0.5661
0.9935
1.7039
-0.4350
-1.2553
-1.1703
3.1199
0.0838
-0.3831
-0.2962
-0.5387
0.2485
-0.0361
-1.1348
-2.5752
-1.6072
-1.6075
-2.0308
-0.7868
0.2622
-0.5314
-0.4880
0.1894
-0.4398
1.1281
1.1567
-0.6756
-0.1128
3.6212
-0.9276
-0.3500
-0.0844
-1.1481
-0.6146
-0.0427
0.3245
-0.5676
-0.4658
-1.6985
-0.3380
-2.1877
-1.3136
0.8627
1.8792
-1.6202
0.7184
-0.5402
-2.5274
-0.4614
0.4209
0.5395
-1.0965
0.0030
0.9961
-1.1634
0.3014
0.5612
-2.2023
0.1524
0.2669
0.5067
-0.7122
1.0402
-0.4847
-0.5188
0.9078
-1.9902
1.6750
-0.7691
1.5908
-0.6346
-0.4570
-0.1125
1.4761
-1.0473
-1.2766
-1.2640
-2.7091
0.2625
5.0136
-0.1073
-1.2479
0.3139
0.4656
0.4817
2.3291
0.2756
-0.5981
-0.5182
-1.2314
0.5110
1.0962
2.1965
-0.8720
-1.2098
-0.6421
-1.0767
-0.4085
-1.2796
0.8445
-2.7887
-0.3199
-1.4403
3.0320
-2.7633
-1.2121
0.7745
-3.5770
-0.1230
5.4528
2.2596
-0.2965
-0.0094
0.0911
-2.7150
2.2308
0.4953
0.5246
-0.2570
-1.9735
0.9959
0.7300
0.5393
0.4046
0.0502
-1.6976
-1.3162
-2.1180
-0.9299
-1.5139
-0.1611
-2.7875
-0.4726
1.5972
-2.3272
-0.9904
-0.8811
-1.1334
-0.9452
-1.0739
-0.6270
-1.0191
-0.1807
1.4126
-1.5323
0.0024
-0.9802
-1.2587
0.1167
0.2058
-0.8003
0.2943
1.5814
-1.2175
-0.8919
0.2221
-1.4138
2.0469
-1.3112
0.0617
-1.4921
-0.1887
2.6188
1.5819
-3.0407
0.5168
-1.9818
-2.6134
1.5544
-0.0782
3.5445
-1.2811
-0.1729
2.1532
0.8734
-0.8756
-0.4591
-1.9767
0.5792
-0.7877
-0.7499
-0.9052
0.8478
-1.2194
-0.8405
-0.9797
-1.6147
2.5486
-0.3639
-0.7461
-0.5447
-1.3777
-0.2507
1.5929
-2.2675
-0.4893
-0.0176
-3.3451
-0.7312
-0.0659
2.5926
-1.1880
-0.1280
1.6545
-1.8105
-0.7821
-1.5240
-1.5071
0.6336
-1.1235
0.4149
-0.1906
1.5903
-1.0699
0.4487
0.9330
-2.4298
2.2846
-1.2486
2.1358
-0.0144
1.0097
0.6343
2.3331
-1.5100
-0.3614
-0.1974
-2.3652
-0.8831
5.4862
-0.1239
-1.0251
0.2542
0.7436
-1.9561
2.0933
-0.7875
0.3702
-0.8857
-1.7115
0.5934
-0.0223
1.6622
0.7106
-0.5745
-0.1623
0.2898
-1.5186
-2.2814
-0.1023
-1.9216
0.2236
0.1907
1.8668
-1.7263
-1.4142
-1.1841
-2.4006
-0.8557
5.0318
-0.3511
-1.0183
-1.4763
-0.2655
-0.1888
2.1091
0.2198
-0.2378
-1.2768
-1.3682
0.6885
2.2396
2.3551
1.1516
-1.4153
-0.0316
-0.7655
-0.7034
-1.8957
0.4346
-2.3389
-0.3396
0.0677
-1.0875
2.2487
2.3978
0.9962
1.3255
0.7294
-0.0746
-0.3451
2.1969
0.3550
-1.2002
1.8683
0.0586
1.6137
1.1179
-1.5011
-0.9464
1.0203
-0.6652
-1.6664
2.0447
2.1523
0.2383
0.9866
-1.2020
0.2297
-1.0795
1.1203
-0.9141
0.7320
1.5657
-1.8636
-0.7155
0.1663
-2.4366
-0.4964
0.2707
-0.4879
-0.6707
1.1245
2.1136
-1.0221
-0.2621
-0.4185
-1.6478
0.2140
-1.1104
-0.1962
1.1242
0.4925
-1.0554
-0.2572
0.2004
-0.2037
1.8198
-1.5530
-0.6790
-0.9756
0.0571
-0.1947
1.5629
2.3618
-0.9008
-1.3513
1.7882
-0.9548
0.7616
-0.0209
3.1664
0.9607
0.7990
-1.6442
-2.6672
-0.9527
0.7751
-0.6731
1.4163
-1.3354
0.7680
0.4733
-0.5047
-1.1700
-0.7883
3.5883
-1.6305
1.2030
-0.5576
-0.0409
-0.3840
0.3388
1.7898
-1.0882
-1.7204
-1.9718
-1.8196
-0.3900
4.9744
-0.1342
-1.1859
-0.1798
0.2532
-0.1638
1.8562
0.5322
-0.1784
-1.1213
-1.7550
0.6636
1.4985
2.0955
-0.4215
-1.5014
-0.2410
-0.9832
-0.9368
-2.1483
-0.1855
-2.4380
-0.1184
0.2051
-0.9719
0.7142
-0.4914
1.1232
1.7463
0.8041
-1.0233
0.2971
1.7008
2.0956
-0.8236
1.7927
-0.9780
1.1775
-0.0865
-1.0359
2.1740
0.5138
-0.3495
-0.3296
2.2739
2.4954
-0.6966
0.6455
-0.6200
2.9795
0.8609
-1.4710
0.2116
2.9106
-1.6906
0.5921
1.1463
2.9414
-3.2667
0.4153
-1.0628
-2.4256
-1.3249
-1.5489
-1.2059
1.3693
-0.5543
1.0321
1.1620
-1.8327
2.0298
0.9670
-1.1035
-3.1062
2.3518
0.0636
-0.2817
1.7747
-0.5579
0.6367
3.0739
-0.6539
1.5184
0.1088
2.0635
-1.3602
-1.2021
-0.7151
-2.8378
-0.4700
4.9767
0.1474
-0.4763
-0.3310
0.0191
-1.2698
1.4237
0.1228
0.2300
-1.0039
-1.5769
1.2822
1.1913
1.4494
-0.9656
-0.4083
-0.4571
-1.0924
-1.3553
-1.5194
-0.6653
-0.5119
-0.9181
-0.1678
2.7234
-1.3133
-1.3337
-1.8978
-2.4107
-0.8650
4.9380
-0.5337
-1.1204
-0.0264
0.3949
-1.7760
2.1179
-0.1905
0.2592
-1.0313
-1.7337
0.9089
0.7791
1.4398
-0.2152
-0.9194
-0.2040
-0.9087
-1.5039
-1.3711
-0.6290
-0.9842
-0.4311
0.5463
1.9938
-1.1287
-1.3071
-0.7377
-2.3620
-0.8888
4.7329
0.1501
-0.8294
-0.4633
0.6277
-1.8302
1.4893
-0.1048
0.1745
-1.1248
-1.6004
1.1074
0.3785
1.4096
0.0615
-0.1465
-0.1577
-0.8229
-1.2086
-1.1463
-0.8388
-0.7415
-0.1654
0.0010
-0.8870
-1.6156
-0.9695
-1.5951
-2.6565
-0.5467
0.3725
-0.2132
-0.7450
-0.5838
3.3378
-1.0281
-1.5330
-0.5592
-1.5519
0.4523
-1.5631
0.8779
-0.0963
-0.8137
-0.9197
-0.3036
0.0554
-0.6823
1.7903
-1.1900
-0.5965
-0.7834
-0.7737
-0.2452
1.4177
1.5027
0.2785
-2.2018
0.6137
-0.5094
0.7431
-0.4881
3.3573
0.9308
0.7900
-2.0679
-2.0145
0.0525
1.0175
0.0539
0.8855
-0.5021
0.7438
0.4791
-0.9969
-1.4773
0.0456
3.5782
-2.3195
0.2285
-0.0439
0.0190
-0.7062
0.4099
-0.2411
0.2721
0.0211
1.1808
1.5011
0.0262
-0.2874
0.7489
0.6826
0.3977
0.1794
0.1339
-2.3505
0.3958
-0.0328
-0.7957
0.7777
0.7467
-0.0190
-0.4707
-0.1861
2.1704
-0.3714
1.7434
0.1919
0.9997
-0.0075
-1.0189
-0.2363
1.5726
-0.8672
-0.8265
-2.5731
0.3517
-0.6730
-1.2499
1.9794
0.7138
1.8623
0.9725
0.1722
-0.3034
-0.2994
-0.5121
-0.2435
-0.1175
1.7901
-0.0455
1.5289
0.7219
1.3880
0.7489
-1.0337
1.3346
0.0687
0.1032
0.6764
-1.7722
0.3999
-0.2346
-0.6699
-1.5156
-0.9536
-0.5909
-2.3475
-0.1758
0.0775
-0.3723
-0.8210
-0.3352
-0.1162
0.6601
-0.7671
-0.1928
-0.8778
0.9397
-0.4944
-0.7474
-0.3098
0.5748
-0.8698
0.0930
-0.2207
-0.9794
0.9695
-1.1031
1.3145
-1.2091
0.3369
0.0014
-0.4721
-1.4481
-0.7882
-1.5097
-2.9299
-0.6297
-0.5251
-0.6434
-0.8948
-0.7176
4.0189
-1.6085
-2.5809
-0.2983
-1.2676
0.6467
-1.3183
-0.2843
-0.2745
-0.8730
-0.4431
-0.6488
-0.5060
-1.0730
1.5662
-1.1886
-0.7864
-1.1974
-0.7801
-0.4038
1.0645
-1.5069
-0.7247
-1.0731
-2.0940
-0.4478
-0.2993
-0.5503
-0.8417
-0.1692
-0.2250
-0.5858
-0.5308
-0.1237
-0.9722
1.1564
-0.7339
-0.0119
0.0681
-0.2880
-0.7460
-0.7156
-0.2000
-1.1159
0.7309
-1.1359
-0.7042
-0.9272
-0.5730
0.4019
-1.1451
0.5662
0.6923
1.5061
-3.2959
0.1845
-1.0319
-0.1624
2.3114
0.1350
-0.9899
0.8959
-1.1391
0.3991
-0.1159
0.8881
2.0882
-0.3134
0.5161
1.3703
2.4466
-0.1860
-1.3455
0.2716
-1.1968
-0.7598
-0.0672
0.1137
2.8280
0.1520
1.9361
0.9186
-0.7258
-1.6378
-0.3184
-0.4462
-0.1505
-0.0067
3.0228
0.9995
1.0124
-1.7623
-2.2111
-0.8543
0.0381
-0.8224
0.6448
-1.0626
1.1984
0.5327
0.6966
-1.4893
-0.6505
3.4341
-3.1611
-0.5520
-0.5244
-1.3801
-1.0065
-0.7023
1.3319
1.1648
-0.7248
-1.6618
0.1218
-0.3102
-0.6141
0.0115
2.8601
0.0502
1.7342
-1.5506
-1.8995
-0.1578
1.0047
-1.0182
1.2425
-1.6439
0.8530
1.1568
-0.5253
-1.1193
-0.2374
3.3379
-2.4259
-0.4244
-0.9435
0.3086
-0.5902
-0.7187
-0.0574
-2.4395
2.0814
-0.0135
-1.8710
-0.9678
-1.8232
-0.9473
-1.0615
-0.6883
-1.2235
-1.8859
-4.4097
0.6077
-1.2056
-0.9932
-1.2718
-1.3948
0.8171
0.0440
-0.7544
-1.1873
0.6685
-0.0662
2.2854
-2.0155
-0.6380
-0.9852
4.8207
-0.9637
0.0251
0.4786
-1.3974
-1.0231
-3.5529
-1.4807
-0.9769
0.9447
-1.0058
-0.5239
-0.5666
0.1311
-5.1883
-0.7754
-1.8759
0.0085
-0.2683
3.7792
-1.5736
1.6253
-1.1382
2.3478
0.1321
-1.0980
1.8367
-1.6525
2.4197
-1.3958
0.4056
0.2742
0.6133
0.4798
-0.8537
-0.9101
-0.3444
-0.6436
1.9646
-0.3319
0.6686
0.1054
0.6235
-0.8702
-0.6933
0.0654
-0.5473
1.1045
-0.8949
0.1234
1.2163
1.4855
-0.7127
0.3080
-0.6714
1.2559
-1.3288
-0.0385
0.2195
-1.3122
-0.6554
-0.5891
0.7649
0.0520
-1.2855
-0.8785
-3.0817
-0.6158
3.3126
0.2901
-0.9722
0.3186
-0.7552
0.8776
0.5136
-0.2903
-0.9748
-1.6781
0.1718
-0.3310
1.6222
0.3205
-0.1562
0.5294
0.1916
-1.1054
-4.0008
-1.0702
-0.2479
-0.8224
2.9531
-0.2270
1.0651
-1.1653
-0.3351
-1.1096
-1.9864
-0.7937
0.7776
0.6761
-0.9298
-0.4613
-0.5091
-0.2569
-1.5616
-0.5072
-0.8093
1.1647
-1.2748
-0.2778
-0.5597
1.1424
-0.8165
0.2882
0.6033
-1.0957
0.3784
-0.8815
-0.3258
0.5788
0.0799
-0.5691
0.5230
-1.4817
-0.8627
-1.0908
-1.8468
-0.5149
-0.0865
-0.5344
-0.6979
-0.6616
0.8536
-0.4463
-0.8534
-0.1894
-0.9080
-1.1361
-0.4561
-0.6475
-0.4596
0.4937
-0.6152
-0.1969
-0.7287
-0.7999
0.4370
-1.1037
0.6329
-0.8904
-0.1251
-0.5632
-0.0658
-1.5318
-0.7615
-0.9267
-2.1350
-0.4963
-0.7159
-0.3768
-0.7990
-0.5388
-0.9242
-0.1555
-0.2066
-0.5097
-0.6921
-0.1788
-0.7714
-0.5582
-0.4238
-0.7403
-0.4386
-0.7937
-0.4683
-0.9400
-0.0654
-1.1925
-0.6181
-1.1154
-0.3546
-0.5740
0.5069
-0.1545
-0.9825
-0.9877
-2.8416
-0.7941
3.4059
-0.9616
-0.6582
0.3697
-0.5978
-1.2601
0.4927
-0.4932
-0.5244
-1.9590
-1.3170
-0.4879
1.2489
1.6375
-0.8978
0.6705
-0.3950
-1.0298
-1.1109
-0.4363
-0.8453
-0.9330
-0.7717
-0.4780
-0.2851
-1.3356
-0.4104
-1.0904
-2.0355
-0.5107
-0.6878
-0.4790
-0.7450
-0.7162
0.3403
-0.2844
-0.3440
-0.5709
-0.8679
-0.5333
-1.0162
-0.3559
-0.4728
-0.1279
-0.5956
-0.6806
-0.2643
-0.8141
0.0291
-1.0274
-0.7095
-0.8433
-0.8301
-0.4887
-0.8815
-1.2989
-0.9763
-1.3612
-2.3677
-0.7509
-0.6858
-0.4043
-0.7716
-0.7771
2.8880
-0.9829
-2.6669
-0.6001
-0.8950
0.4804
-1.0435
-0.5860
-0.3373
-1.1789
-0.5920
-0.7586
-0.4120
-0.8751
0.7075
-0.9885
-0.5584
-0.8316
-0.8709
0.0334
0.9794
-0.0268
-0.9151
-0.9448
-2.6202
-0.6510
3.2547
-0.1633
-0.7899
0.0769
-0.5700
-0.5646
-2.7188
-0.0163
-0.6976
-1.1034
-1.0583
-0.4991
1.2776
0.8562
-0.5544
0.5892
-0.0719
-0.9340
-2.6474
-0.4462
-0.3716
-0.7568
-0.0443
-0.3093
-0.1151
-0.8316
-0.8502
-1.1052
-1.9794
-0.4026
0.1900
-0.6126
-0.6373
-0.4336
0.1928
-0.5667
-0.6825
-0.5110
-0.5949
1.7075
-0.9110
-0.5129
-0.1524
0.3741
-0.7672
-0.5702
-0.6149
-0.8603
-1.1450
-1.0999
-0.6568
-0.9969
-0.7597
-0.5113
-0.7691
-1.2799
-0.9147
-1.0288
-2.2416
-0.4331
-0.8109
-0.5973
-0.7000
-0.5662
-0.3709
-0.8430
-0.5462
-0.5591
-0.6058
2.1831
-1.0194
-0.7190
-0.5037
-0.8125
-0.6135
-0.7552
-0.5765
-0.9030
-1.3363
-1.0728
-0.6380
-0.7898
-0.9097
-0.4868
-0.3939
-0.8128
-0.5872
-0.7413
-2.1368
-0.3676
-0.5267
-0.4723
-0.4441
-0.5571
-0.3563
-0.6880
-0.8793
-0.2871
-0.7357
-0.0617
-0.7816
-0.5416
-0.3181
0.0420
-0.1551
-0.3436
-0.3319
-0.9045
-0.9153
-1.0784
-0.4992
-0.6027
-0.1837
-0.6198
-0.3073
-0.9354
-0.8197
-0.9170
-2.1472
-0.3502
-0.5939
-0.4492
-0.6236
-0.5401
-0.2428
-0.8175
-0.6267
-0.1943
-0.9759
-1.2512
-0.8899
-0.5318
-0.5003
-0.2383
-0.7783
-0.6302
-0.7196
-1.0255
-1.1790
-0.8512
-0.4630
-0.6373
-0.7115
-0.4568
-0.4353
-1.1857
-0.7372
-0.7818
-2.0371
-0.5206
-0.4452
-0.3215
-0.5556
-0.6498
0.3154
-0.6061
-1.5058
-0.2766
-0.7777
-0.8298
-0.8384
-0.2499
-0.4209
0.1315
-0.6642
-0.6711
-0.3772
-0.6904
-0.7785
-1.0993
-0.1587
-0.6610
-0.2961
-0.4042
-0.6723
-1.2122
-0.7694
-0.9890
-1.4023
-0.6294
-0.6777
-0.5210
-0.5113
-0.1992
0.0109
-0.8003
-1.9369
-0.4964
-0.7070
-0.8019
-0.8548
-0.7111
-0.3982
-0.8507
-0.6354
-0.6972
-0.5063
-0.3226
-1.8074
-1.1112
-0.4911
-0.7932
-0.5670
-0.6405
0.7375
-0.8186
-0.7529
-0.8404
-1.9282
-0.4578
-0.2682
-0.3844
-0.7906
-0.5698
0.3061
-0.0669
-2.7171
-0.4726
-0.9113
-1.3194
-0.4480
-0.4549
-0.1998
-0.1293
-0.4627
-0.5320
-0.6258
-0.7867
-1.1887
-0.7385
-0.6286
-0.7115
-0.1406
-0.4283
-0.6155
-1.1186
-0.6747
-0.2020
-1.7974
-0.4945
-0.2524
-0.1107
-0.7717
-0.4486
-0.6110
-0.0979
-2.7071
-0.2169
-0.6456
-1.2474
-0.6619
-0.3112
-0.2446
-0.7660
-0.6685
-0.4634
-0.2887
-0.9971
-1.4855
-0.7182
-0.5309
-0.8620
-0.1537
-0.7701
-0.7519
-0.9965
-0.7442
-1.0427
-1.2519
-0.4575
-0.0950
-0.3717
-0.7436
-0.4743
-0.5327
0.3991
-2.5168
0.3449
-0.7743
-0.9983
-0.7968
-0.7134
-0.3321
-0.4349
-0.8301
0.1207
-0.5404
-0.7398
-2.3294
-0.8239
-0.2893
0.2103
-0.7235
-0.4698
-0.6322
-0.7045
0.0769
-1.1423
-1.7356
-0.3161
-0.5660
-0.2420
-0.6883
-0.6428
-0.3945
0.0547
-2.2878
-0.5614
-0.5053
-1.1446
0.1541
-0.5131
-0.2634
-0.5157
-0.5545
-0.5651
-0.6247
-0.9002
-2.6812
-0.2707
-0.4934
0.1426
-0.7547
-0.6396
0.0449
-1.1783
-0.5227
-0.8434
-1.7479
-0.0673
-0.1988
-0.3600
-0.6607
-0.6833
0.5958
-0.5557
-2.5992
-0.1599
-0.6586
-1.3169
-0.9285
-0.0625
-0.4215
0.0987
-0.6531
-0.5681
-0.5435
-0.9052
-1.8224
-0.8523
-0.6156
-0.7941
-0.3755
-0.3429
-0.7068
-1.1283
-0.7571
-0.8310
-2.0423
-0.4111
-0.6524
-0.2502
-0.8215
-0.4352
-0.5537
-0.2385
-2.4758
-0.4301
-0.6712
-1.3293
-0.4346
-0.5975
-0.3241
-0.7561
-0.7578
-0.4463
-0.6140
-0.8147
-2.4577
-1.0391
-0.6921
-0.8161
-0.7948
-0.5659
-0.3965
-1.1792
-0.7370
-0.8027
-1.9793
-0.3425
-0.4431
-0.4341
-0.7602
-0.4999
-0.1600
-0.7009
-2.5940
-0.2663
-0.6367
-1.1969
-0.8633
-0.5115
-0.5341
-0.3674
-0.7233
-0.5141
-0.5924
-0.7633
-2.2849
-0.8196
-0.7689
-0.9431
-0.6941
-0.4918
-0.6927
-0.9242
-0.7253
-0.8621
-2.0238
-0.6285
-0.6893
-0.3726
-0.5355
-0.6394
-0.3265
-0.6656
-2.4446
-0.5906
-0.7560
-1.2526
-0.3379
-0.4410
-0.4909
-0.6741
-0.8179
-0.7146
-0.6181
-0.9943
-2.6217
-1.0204
-0.7109
-0.5904
-0.7421
-0.5343
-0.8526
-1.1042
-0.8681
-0.8888
-2.0013
-0.5886
-0.5333
-0.3946
-0.6998
-0.4585
-0.4717
-0.6694
-2.1635
-0.5155
-0.8423
-0.7676
-0.8523
-0.5487
-0.4872
-0.7376
-0.7292
-0.6747
-0.4990
-0.8731
-2.3377
-1.2333
-0.6662
-0.8798
-0.5188
-0.0871
-0.0834
0.1348
0.0533
-0.1419
-0.1238
-0.0359
0.1534
0.0639
-0.1238
-0.0931
-0.0073
-0.0702
-0.1237
-0.0920
-0.0817
-0.0640
-0.0452
-0.0927
-0.0611
0.1010
-0.1042
-0.1866
0.0924
-0.1040
-0.0898
-0.0697
-0.1785
-0.0141
0.0034

Direct connections:
