version: 10
file format: 0

training data file: /tmp/train-lm-from-UD-corpus.sh.SweRfiQDp.train
validation data file: /tmp/train-lm-from-UD-corpus.sh.SweRfiQDp.valid

last probability of validation data: -16676.817497
number of finished iterations: 11
current position in training data: 0
current probability of training data: -16657.238138
save after processing # words: 0
# of training words: 78749
input layer size: 177
hidden layer size: 30
compression layer size: 0
output layer size: 148
direct connections: 0
direct order: 3
bptt: 0
bptt block: 10
vocabulary size: 147
class size: 1
old classes: 0
independent sentences mode: 0
starting learning rate: 0.100000
current learning rate: 0.003125
learning rate decrease: 1


Vocabulary:
     0	         0	</s>	0
     1	     17717	32	0
     2	      6979	110	0
     3	      5203	104	0
     4	      3395	116	0
     5	      3377	99	0
     6	      3363	105	0
     7	      3344	103	0
     8	      1715	97	0
     9	      1643	273	0
    10	      1470	117	0
    11	      1457	109	0
    12	      1381	224	0
    13	      1274	46	0
    14	      1219	111	0
    15	      1083	432	0
    16	      1006	118	0
    17	       946	121	0
    18	       920	108	0
    19	       905	225	0
    20	       849	114	0
    21	       794	98	0
    22	       718	244	0
    23	       715	112	0
    24	       681	107	0
    25	       638	44	0
    26	       542	115	0
    27	       532	243	0
    28	       527	7871	0
    29	       478	7841	0
    30	       455	7897	0
    31	       448	7843	0
    32	       440	7879	0
    33	       421	7901	0
    34	       417	234	0
    35	       386	7845	0
    36	       381	7889	0
    37	       380	100	0
    38	       366	236	0
    39	       359	226	0
    40	       356	7899	0
    41	       345	34	0
    42	       334	7873	0
    43	       313	120	0
    44	       308	84	0
    45	       286	7911	0
    46	       285	7883	0
    47	       268	78	0
    48	       267	113	0
    49	       262	7853	0
    50	       256	7907	0
    51	       243	417	0
    52	       220	7847	0
    53	       217	227	0
    54	       206	7875	0
    55	       203	101	0
    56	       199	7891	0
    57	       197	7903	0
    58	       188	259	0
    59	       186	7885	0
    60	       181	7913	0
    61	       172	250	0
    62	       157	7921	0
    63	       151	7919	0
    64	       146	7909	0
    65	       141	237	0
    66	       141	72	0
    67	       136	7855	0
    68	       135	7863	0
    69	       132	242	0
    70	       125	67	0
    71	       122	7917	0
    72	       119	361	0
    73	       110	7915	0
    74	       109	7893	0
    75	       108	249	0
    76	       108	58	0
    77	       107	86	0
    78	       107	48	0
    79	       101	76	0
    80	        99	66	0
    81	        91	7881	0
    82	        89	7887	0
    83	        84	50	0
    84	        84	7869	0
    85	        83	75	0
    86	        79	80	0
    87	        77	272	0
    88	        74	63	0
    89	        71	49	0
    90	        64	77	0
    91	        62	45	0
    92	        62	253	0
    93	        55	233	0
    94	        53	7851	0
    95	        52	53	0
    96	        49	7877	0
    97	        47	83	0
    98	        44	51	0
    99	        43	7857	0
   100	        42	7895	0
   101	        38	57	0
   102	        36	245	0
   103	        35	7865	0
   104	        35	297	0
   105	        34	232	0
   106	        33	33	0
   107	        32	52	0
   108	        28	56	0
   109	        28	65	0
   110	        27	7867	0
   111	        25	7849	0
   112	        25	88	0
   113	        25	82	0
   114	        23	7859	0
   115	        22	71	0
   116	        22	68	0
   117	        20	55	0
   118	        20	102	0
   119	        18	7905	0
   120	        18	54	0
   121	        14	7929	0
   122	        13	81	0
   123	        11	212	0
   124	        10	74	0
   125	         9	73	0
   126	         8	89	0
   127	         8	37	0
   128	         8	416	0
   129	         7	79	0
   130	         7	8211	0
   131	         6	38	0
   132	         6	69	0
   133	         3	7927	0
   134	         3	193	0
   135	         3	85	0
   136	         3	7923	0
   137	         2	106	0
   138	         1	192	0
   139	         1	47	0
   140	         1	87	0
   141	         1	64	0
   142	         1	59	0
   143	         1	7861	0
   144	         1	7910	0
   145	         1	194	0
   146	         1	7844	0

Hidden layer activation:
0.3803
0.9252
0.0145
0.0001
0.0170
0.0103
0.0006
0.0590
0.0065
0.0033
0.0004
0.0003
0.0026
0.0123
0.0008
0.0000
0.0000
0.0022
0.0000
0.0007
0.0004
0.0024
0.0030
0.0014
0.0006
0.9371
0.0291
0.0001
0.0007
0.0010

Weights 0->1:
0.3940
3.5896
-1.5386
-3.2566
-0.0503
-0.7486
-0.8083
-3.0392
-0.8386
-1.6323
-0.2489
-1.5026
1.5243
-0.6613
0.2535
-1.5292
-2.9753
-1.6969
-2.0055
0.5466
0.0276
-2.1147
-1.4670
2.5293
3.9962
-0.9256
0.3105
1.1064
-0.1287
0.4601
-0.8570
0.8211
0.7286
1.3305
-0.9335
3.1455
-0.4933
-0.7713
-2.2407
0.5603
0.5536
1.1508
-0.2597
0.8317
2.4933
1.1811
-0.2649
3.1136
-1.1445
0.7439
-0.2749
0.5187
0.9582
0.8383
-0.1891
0.5074
0.7508
-1.7520
0.4790
1.1474
-1.4036
0.1765
1.3000
0.1421
-0.8116
0.1242
-2.5881
0.6610
0.1826
-0.1803
-1.0492
0.5124
-0.1487
0.6326
0.6072
-0.2541
-0.6237
-1.5799
-0.1502
-1.9161
-1.2692
0.1912
0.2623
-0.6864
-0.3431
1.2827
2.7191
-1.0430
-0.1196
-0.8628
-0.2459
-2.0193
-0.6297
0.2957
0.2261
-0.6224
-0.0338
-0.3386
-0.3465
0.3395
0.0765
-1.2411
0.1056
0.0589
0.4516
0.3184
-0.0868
-0.3945
-0.1967
-0.0021
-0.2174
0.3507
-0.5819
-1.1960
0.0982
-0.6938
0.1002
-0.5942
0.7760
-0.1881
-0.4478
-0.1684
-0.3798
0.2717
0.5370
-0.1492
-0.7257
-0.6187
0.0787
0.2647
-0.8901
-1.2182
0.7364
-0.0933
-0.0083
-0.1122
-0.1645
0.0781
-0.2446
-0.7229
-0.1344
-0.5357
0.0446
-0.0737
0.0683
-0.2334
0.4779
-0.4064
0.5210
-0.5101
-1.4647
-2.2154
-1.1883
-1.5658
-1.0387
-1.7814
1.6504
-0.2767
-1.4928
-1.1479
-0.4202
-0.8579
-2.9366
-0.1554
1.3428
0.3113
-1.7278
-1.5718
-0.7016
0.2671
0.2551
0.7108
0.2142
-0.0151
0.8845
-0.0098
-2.5562
0.3756
-2.2776
-1.2976
-2.8294
-3.0715
-2.5229
-5.5694
-1.0486
-4.7950
0.1855
-3.2942
-1.6871
-1.6524
-2.8384
-3.8730
1.9997
-0.7805
-2.5448
-0.0286
-0.1446
-0.8059
0.3006
0.9991
-1.3116
0.0991
-3.8915
-0.9616
2.5387
-0.6704
2.1746
0.3892
-2.9335
-0.0894
-0.6496
-0.1032
0.8611
1.4209
-1.4063
-0.6750
1.8256
-0.5985
-4.9630
2.1529
-2.1302
-1.3579
-0.7309
-1.8248
0.7308
-0.0751
0.7786
0.2921
1.8254
1.6754
2.0630
1.8874
-0.4126
-0.5636
-0.4184
2.8453
-0.1268
-0.0883
-0.6468
1.8697
-0.5278
-1.0415
-2.3356
0.2794
2.0998
1.8671
-0.3666
2.2819
-0.1768
-0.6058
1.5593
-0.3287
-0.4028
-3.3032
-0.8021
-2.1346
-0.3058
-0.3361
-1.1647
1.1999
-0.7576
-0.6060
2.6315
0.4882
0.7043
1.7845
-0.6071
-0.6728
0.7720
-0.0555
0.0646
1.7830
-0.6958
0.8463
-0.3260
-1.5044
1.9112
-0.9544
-0.4906
-0.3685
-0.5160
0.7050
-1.4203
0.9731
-0.7880
-0.5259
0.8996
-1.0813
1.2644
-0.7159
1.0042
1.1625
1.6254
-0.2310
-0.0191
0.3747
-0.4907
-0.7037
-0.7105
0.0515
0.1196
0.3234
-0.2453
-0.0749
-0.0484
1.8444
0.2395
0.0008
-0.1415
0.7830
-0.1514
-0.1478
0.0536
-0.1519
-0.1146
-0.1878
-0.1177
0.0692
0.0915
-0.1750
-0.0421
0.1535
0.0151
-0.1460
-2.7637
-0.8405
-0.6444
2.8190
-0.1984
-1.0580
-0.6998
0.1295
1.3047
-0.6847
-0.3883
-1.1156
1.4520
1.4292
1.7311
-2.2649
-1.4685
0.3689
-0.9952
-0.8628
-0.5856
0.2501
-0.4214
-0.6314
0.8738
-1.3006
-1.7746
0.7520
-0.2472
2.4288
0.1074
-4.4545
-1.7681
-1.6465
-2.1005
6.5265
-0.0219
1.7022
0.7294
-1.6368
-1.7309
1.9342
-0.3273
0.6587
0.1359
1.3673
-1.5591
-0.8664
1.5653
0.2034
-1.9476
-0.8570
1.1409
2.5619
3.6510
1.0279
-2.1577
0.7306
-0.2925
-0.3227
0.9663
-0.9510
-0.4663
0.2659
-1.4522
-1.7299
-0.4420
-2.0182
-0.5634
-1.4835
0.6031
-1.5412
-0.7785
1.3962
1.6575
-0.6304
1.1439
-0.6450
2.5858
-1.1122
0.2504
-0.5796
-0.3981
-0.3848
0.2560
0.7456
-0.3299
-0.4562
-0.9522
-0.8343
-0.9869
-0.5091
-0.1624
-0.1798
-0.0057
0.0038
-0.6331
0.0838
-0.1563
-0.3596
3.2713
-0.4285
-0.0623
-0.6532
-0.2528
-0.2625
0.4153
-1.0546
-0.0623
0.7920
-0.3327
0.0322
0.0715
-0.6111
0.3358
1.0747
1.9456
1.0585
-0.0599
-0.9698
-0.0060
0.6268
-0.2323
-0.0937
-0.3308
-0.2900
-0.1806
-0.5393
-0.6061
-0.2403
0.1488
-0.3967
0.0212
-0.0906
-0.4164
0.5166
0.3449
-0.1414
-0.5264
-0.7442
-0.0369
-0.7212
0.8519
0.8598
-0.2350
0.6323
0.6012
-0.0067
-1.1428
0.0669
-0.1218
0.1771
1.1667
-0.5662
-0.8733
-0.4208
0.1704
0.0943
-0.0250
-0.8196
0.3081
0.3475
0.5597
-0.2029
-0.2619
-0.1437
0.0257
0.1561
-0.0881
0.1293
0.0585
0.1539
-0.0214
-0.0380
-0.1439
0.0410
-0.1792
-0.7584
0.0852
-2.5218
0.5600
-2.8560
2.7403
-0.7409
-2.0165
-2.9291
-2.1228
0.8886
0.1689
0.3198
1.8548
-0.2547
-2.0672
-1.8019
1.2654
-0.3557
-2.5397
-3.5386
0.9246
1.4604
-0.5741
1.2534
-0.3224
-0.8181
1.1043
0.0443
-1.2905
-0.3010
-5.0029
-5.5654
2.9402
0.1691
-1.3883
1.1617
0.2708
3.1366
-3.5043
2.3505
1.4881
0.2345
2.2331
4.6846
-3.0590
-1.0063
-2.0312
-3.4863
2.2472
-0.9140
-1.2412
3.5088
0.4254
-2.4671
2.6150
-1.8440
4.2378
-0.0949
-2.5443
-0.1436
1.7023
-4.8713
1.5694
-0.3210
-2.3249
-2.1922
-2.2163
0.6819
-2.1580
-3.0170
-0.9941
-1.4503
-3.3930
2.6181
0.4461
-0.8187
-1.3067
-1.4900
0.3825
-0.4755
1.3581
-2.4328
2.4502
-0.3402
-1.2004
3.2306
2.3349
0.8725
-0.0348
0.4678
0.0636
-1.2275
0.0696
0.0274
0.0994
0.3483
-0.8355
-1.4995
1.9665
-2.1441
-0.6958
2.0699
0.7314
-1.0287
0.9041
2.4968
1.5200
-0.5166
-1.4781
-0.4797
0.8001
0.8656
-1.5704
0.4695
-1.2998
-0.2482
-0.6664
1.2808
-1.9996
1.3168
-0.0353
1.0950
-0.4000
-0.4741
-0.8177
-0.1870
0.2296
-0.6892
0.1467
1.0176
-0.8321
0.4931
-1.1637
-0.1211
-0.1662
0.5875
-0.5085
-0.0824
0.6424
0.6848
-0.6422
-2.1346
-1.2345
0.1118
-1.5683
-1.2864
0.4400
0.0167
0.6454
-0.2115
0.5297
-1.3296
1.0706
-0.3457
-0.4190
0.1465
1.3652
-0.6818
0.2018
1.1154
1.2861
-0.3928
0.2883
0.0790
-0.0355
0.3422
0.1620
0.2124
0.5308
-0.1435
0.2006
0.0569
0.0127
-0.2403
-0.1280
-0.2456
-1.1645
0.0290
0.8249
-2.3766
0.9399
1.6469
-0.7418
-1.8009
-1.4231
-0.5078
0.8799
-0.8256
0.4986
0.3307
1.9210
-4.2529
-2.1710
-0.2165
3.7688
1.2254
0.9280
-0.0320
-1.8114
0.3289
-0.7706
0.0960
-3.6222
-1.0465
-1.1188
-1.0805
0.2553
-1.5279
-0.2430
-4.1231
-0.1412
0.3906
-2.8716
-2.5661
-0.1428
-0.7109
5.5191
-1.0876
1.2108
-0.0552
-2.0256
-3.6035
-1.3446
-1.2823
-1.5058
-0.4718
-0.5824
-0.7816
-0.4413
-0.3225
-1.1555
1.3648
-1.8115
2.0536
-1.7558
-0.2650
-1.2378
1.8950
0.6616
-1.1792
-0.3547
2.3540
-0.2195
-1.5308
-0.1053
2.9304
-1.1048
-1.5526
-0.6078
-1.7797
-0.8346
2.7234
1.1914
0.9993
-0.2675
-0.6263
-0.1541
0.7825
1.6965
1.0477
1.0832
0.6158
-0.7904
-0.1430
2.0569
-0.7135
0.8863
0.0163
-1.0520
1.8439
0.3865
1.6298
-1.8564
0.2326
-0.2369
0.3470
-1.0103
1.2345
-0.2402
0.4859
-0.4652
0.3815
0.7673
-1.1175
-0.7354
-0.3174
-1.2292
-0.2233
0.4741
-0.8363
0.2455
-0.6805
0.2552
-0.9319
0.8440
-0.8685
-0.1066
-0.1515
-0.3273
-0.6441
0.2664
-0.5854
-0.4679
-0.5355
-0.6435
0.7973
-0.3968
-0.7509
0.0656
0.0091
1.0020
0.2178
0.3358
-0.5838
-0.2863
0.0014
0.2075
2.0249
-0.4595
-0.4671
0.0078
-0.4222
-0.4317
-0.2363
1.5371
0.0659
-0.3660
-0.0162
-0.3478
0.0193
1.2538
-0.0924
-0.2431
0.0040
-0.3038
0.7853
0.3456
0.1574
0.9691
0.2089
-0.0097
-0.2481
0.2460
-0.1171
-0.0592
0.1511
-0.0606
0.0655
0.0691
-0.1309
0.0567
-0.1022
0.0793
0.3956
-0.8629
1.2406
-0.9750
1.3051
-0.6550
-0.8585
-0.3276
-0.2061
0.0921
-1.7431
-1.5800
-3.1125
0.5210
-0.5958
1.3591
-1.6278
0.9287
-0.4084
-0.1790
-0.2432
1.2637
0.0021
0.4731
-0.8450
-1.0618
-0.9066
1.9028
0.7465
-2.3199
0.5520
-1.5750
-3.1211
-0.5556
-1.9325
-2.4323
-1.9175
-2.8039
-2.7380
-1.2500
-2.8417
-2.2630
1.5957
-1.7497
-2.8478
-2.1324
-2.1615
-2.7244
-1.4405
2.0578
-2.8427
-1.8664
1.2080
-1.2067
-1.5743
-1.9734
-1.8985
-0.1672
4.0613
-1.7279
-0.7113
-1.2311
-0.2616
-0.4561
3.1135
1.9157
-0.7016
-2.7213
2.3974
1.1895
-0.2686
2.1596
1.5733
-2.1057
-0.9381
-1.4483
2.9050
-0.5897
2.3594
3.0130
2.0698
0.2554
3.8448
-1.5987
0.8559
1.1153
0.4189
0.1419
3.5409
1.5827
1.0307
1.1343
-1.6231
-1.5022
2.8004
1.0501
-0.8866
4.5115
3.4869
-0.5428
-0.6852
-0.6656
0.9730
-1.3967
-1.1013
0.4736
-1.5877
-0.0572
-1.2670
0.4687
-0.8199
-0.6474
-1.1279
-1.1280
-0.3981
0.1711
0.2483
-0.4006
-1.1213
-1.1689
-0.7753
-0.9047
-0.5485
1.9602
2.1629
-0.7395
0.5128
-0.4469
-0.6502
2.6707
-1.0642
-0.5344
-0.5953
2.6700
0.1006
1.6309
-0.8229
-0.3747
-0.3542
0.2793
-0.6431
0.6996
0.8971
0.9926
1.3121
0.3678
-0.6255
-0.5414
-0.1143
-0.6806
-0.2663
-0.5584
1.5435
0.7342
-0.1950
-0.2743
-0.7511
-0.4496
-0.2189
-0.1034
-0.3114
-0.3470
1.2347
-0.3974
-0.3063
0.2428
-0.5078
0.0551
-0.2675
-0.1996
0.0605
-0.3811
-0.1200
0.1241
-0.1059
0.3653
-0.0504
1.5091
-0.2874
-1.1548
1.2834
-2.7769
-1.1008
-0.0201
-2.0977
-0.7235
-0.5396
-0.5278
2.5907
0.5670
0.3263
0.5666
-1.7493
0.0255
0.4911
1.0818
0.0587
0.0082
-0.4903
-2.7563
0.7547
-0.7389
-1.8666
-1.4254
0.4355
1.4559
-0.6184
0.0873
-3.3689
0.1586
2.1098
3.6127
2.7576
-0.0228
2.3474
2.1722
1.1634
2.0775
-0.8573
-2.2832
-0.2412
-0.7661
-0.3471
-0.2338
-1.4729
1.2922
-2.2025
4.2680
0.3610
-1.9678
0.1706
-0.1899
-0.5758
1.4209
-1.6562
-3.4430
-0.8273
-1.7401
-2.3245
-2.2417
0.1458
0.1765
1.1526
-2.5673
3.3933
-4.2175
1.4287
1.6499
-1.6537
-2.3796
2.3026
0.7448
2.4028
-0.0739
-1.7589
0.0263
4.4645
-0.0211
-2.3122
-1.3353
1.8077
-1.1525
-0.9701
-2.1746
-1.2662
-0.7358
-0.1448
-2.5570
-0.2206
-1.0302
0.3918
-2.3532
-0.8698
0.8253
-0.2095
1.0127
0.4032
2.0275
1.7966
-0.9708
0.7740
-1.7262
1.1548
-0.3166
-0.5762
-0.9654
-1.0013
0.3269
0.5362
1.0065
-1.4375
-1.2126
-0.2790
-1.4881
-0.0923
-0.1472
-1.2525
-0.4021
-0.9844
-1.5101
-0.0359
1.0612
-1.0615
-1.4395
-0.1414
-0.8183
-0.3842
-0.3192
-0.9100
1.7463
-1.3818
-0.7222
-1.0330
0.2236
-0.7399
-0.6443
-0.0121
-0.5933
0.1877
-0.4572
-0.3649
0.1547
0.9196
0.2836
-0.3408
0.2956
-1.7492
-0.4670
-1.2042
0.1522
-0.3096
0.3646
-0.2446
-0.0562
-0.6339
-0.1224
0.3612
-0.3279
-0.5588
-0.4473
-0.6258
0.2242
-0.1151
-0.5856
0.2247
-0.3334
-0.5363
-0.3529
-0.1810
-0.1023
0.1448
0.0905
0.1273
0.1126
-1.1020
0.6597
2.5167
0.9731
-0.7272
1.5172
-1.2254
-1.6895
-2.8689
-0.0273
-2.6207
-0.8822
-2.7243
-1.1182
-0.8534
1.0477
-2.5842
-1.7323
-1.4836
-1.9182
-0.0661
-3.1365
-2.2643
-1.9353
1.3665
-1.9386
2.1288
-1.9436
-2.5471
3.8690
-0.3926
-9.7135
-2.0137
-1.7229
-1.1559
-0.5076
-2.1829
-1.6647
-1.9143
-2.6536
-2.1362
-0.2249
0.3716
1.0781
-1.2335
-4.3000
-2.7865
-5.0396
-3.2643
0.1143
-2.1783
-1.5877
0.1424
0.8643
-2.4028
1.4627
-2.5271
-0.7630
2.6082
-2.5088
-2.1383
0.3690
-1.8808
2.0958
0.8298
-0.8120
-1.5346
0.5562
-1.8879
-0.1224
-1.7638
-1.5223
2.4853
2.3022
3.0941
0.3272
0.3391
-2.1365
2.7370
-1.2312
2.8557
1.0948
-0.5177
2.2387
4.0709
0.2771
-1.1274
1.9788
-0.8050
-1.0106
0.2868
0.0758
-0.7459
1.0527
-0.7617
-0.0673
-0.1377
-1.0651
-1.4939
-0.7756
-0.2058
0.3638
-0.5784
0.9146
0.6655
0.0791
1.0703
-1.5134
1.7680
-0.1385
-0.0628
0.4231
0.2927
3.2006
1.9810
0.4981
1.0822
-0.1093
1.0157
2.9353
-1.4239
2.7567
1.9470
-0.3179
-0.3377
2.2248
2.7994
-0.7586
1.9871
-0.8319
0.6356
1.6634
1.2215
1.3091
-0.9316
-1.3717
0.2817
1.2317
1.5372
-0.3268
1.1985
-0.4185
0.9977
-1.0382
-0.5411
-0.4593
0.9261
1.0540
-0.1527
1.8754
0.8562
1.3257
1.0393
-0.1407
-0.3147
-0.7199
-1.0418
0.8080
-0.0945
-0.3706
1.2095
0.9779
-0.7406
0.4653
0.0388
0.0925
0.4480
0.0461
0.3022
0.5399
-0.1336
0.1856
-0.1935
-0.0858
-0.3050
0.1207
0.0576
-1.7330
-0.4625
-1.4249
1.4627
1.3029
-0.7910
-1.1317
2.8775
-0.0744
-0.2591
1.5567
-0.2433
1.0397
1.1160
0.7208
-3.7359
-0.5424
1.5558
-0.3857
0.3397
0.6858
0.7341
-1.4789
-0.7490
1.8152
0.0619
-1.9871
2.4657
1.4881
2.2446
-0.1920
-5.7443
-4.3416
3.1323
-0.7977
-4.0257
-1.4534
-0.9424
2.3165
0.0839
-3.1256
1.8476
2.3812
-0.0807
-2.0324
-0.8594
-1.3330
-1.1568
-1.3717
3.8899
0.7814
3.3439
1.1369
-0.6117
-1.0049
3.1701
1.0153
-2.1439
-1.9025
3.5055
1.1783
-0.0867
1.9086
-0.8067
-2.2966
-2.6607
2.6459
-1.2623
-1.3767
-0.5360
0.4456
-1.9863
-0.9707
2.7239
-0.1372
-1.1612
2.1008
-1.8539
0.0795
-0.5863
0.3903
-0.3453
-0.7262
0.7446
-1.1384
0.0120
3.2917
0.7263
1.4574
1.7223
0.8204
1.7668
2.9720
-0.1277
0.6025
0.2820
-1.2739
0.2103
-1.2906
1.0978
-1.3053
0.5773
0.4394
0.1559
1.5303
0.9178
1.1282
-1.2204
-1.4684
-0.3120
-0.9951
0.1450
1.1945
-1.3067
-0.2695
-1.5237
-1.2665
-0.7457
-0.3440
-1.2871
-0.7240
-0.3003
-0.4181
-0.1340
0.1491
-1.1286
0.1311
-0.2921
-1.2209
0.5736
0.6507
-1.3111
-0.0226
-0.1894
-0.1394
0.4899
-0.0271
-0.5930
-0.8609
0.6546
0.0959
-0.6484
-0.6834
-0.4945
0.2496
-0.8860
-0.3026
-0.8237
-0.0043
-0.1635
-0.6117
0.1177
-0.0371
0.1439
-0.1269
-0.6554
0.1428
-0.0971
-0.5825
-0.0863
0.0337
0.1921
-0.2673
0.1624
0.5032
-0.2198
0.0691
0.1404
-0.1378
-0.0042
-0.0770
-0.0046
0.1089
0.0166
-0.1030
0.0297
-0.1582
0.2651
-1.2580
-0.9252
-0.1361
-0.7813
-0.9535
1.4934
0.7859
1.4423
0.1142
0.0326
-0.9321
0.6383
-1.0003
1.4226
-0.2077
1.8303
0.0649
1.1439
0.0414
-2.3698
-2.5808
-0.2595
-0.4639
2.1632
-1.9929
-1.8872
0.2870
-1.6310
0.0361
-0.2151
-4.2256
6.1153
1.3410
1.1204
5.9528
-3.0379
1.2817
-2.9872
-0.5583
-3.0028
1.0671
-3.0387
0.6765
2.0846
3.4038
0.0245
0.5697
0.8156
-2.2340
0.9429
-0.3564
-0.9733
2.6093
0.1168
0.4349
0.8034
-1.2162
-0.3044
-0.8487
-1.2887
-0.5684
-0.1680
-0.3048
-1.3595
-0.7402
-0.5046
-0.4708
-0.7198
-1.6578
-1.2296
-0.2373
-0.6098
-0.4578
0.4745
-1.1700
-2.3637
-0.7633
-0.2062
-0.1561
0.8928
-0.8961
-1.2347
-1.1520
-0.1805
0.1223
-0.7371
0.3974
-1.3917
-0.7278
-0.7088
-2.9518
1.0221
2.3790
-1.4878
-3.1212
0.2489
-1.3964
-2.5763
0.5457
1.4797
1.4625
-1.0092
-0.1063
0.3132
-1.8061
0.4713
-0.0812
-0.3361
-0.3150
-0.3148
-1.5413
0.2772
-0.3717
0.5112
0.1722
1.6962
0.1526
0.2076
-0.4245
-0.2544
0.2028
0.4826
-0.7882
-1.3901
-0.1029
0.2813
0.0419
-0.2230
-1.3725
-0.6553
0.0755
-0.1024
-1.2575
0.2638
-0.7806
0.2479
0.0074
-0.0603
-0.8296
0.2321
-0.7124
0.2555
-0.4442
-1.3020
-0.1825
0.7788
0.0671
0.5726
0.4058
0.0236
0.6706
0.1014
-0.5156
0.2380
-0.0288
-0.1965
0.1186
0.1181
0.3588
0.2001
0.1528
-0.6304
0.1331
-0.1080
-0.0699
0.0868
0.2900
-0.0100
-0.0475
-0.1297
-0.0873
0.2202
-0.8531
0.2721
0.0228
-0.0227
1.7001
-3.7333
-1.8419
2.1915
-0.3322
-1.0400
-1.6422
-0.7123
2.2223
-0.9870
0.8947
0.5896
-4.2466
0.0044
-0.6083
0.0584
1.7224
0.2292
0.8800
0.2030
1.2401
-2.1844
-2.7746
-1.6659
0.1853
-2.9516
0.2667
-0.5038
-0.1967
-2.5792
-0.1900
-4.1068
-0.4464
-1.0878
-1.1944
1.7631
-0.0179
-1.1660
-4.0145
-1.2806
-1.6429
0.1703
1.5797
-0.3973
1.4191
2.8685
-1.2284
-1.6022
-0.7701
-2.0636
-1.0785
-1.9628
1.6612
-1.0492
-2.4970
2.3448
4.6785
-0.5662
2.0456
2.0751
2.5616
1.3290
2.9061
-2.7613
-2.4653
2.9860
-0.9177
-0.7656
1.2613
0.2530
-2.9633
-1.5245
-1.7138
-1.6514
-1.0420
0.6850
2.3667
-1.1698
0.0725
3.7135
0.1632
-0.1257
-0.7828
0.1208
-0.7972
0.3082
-0.9075
-1.3070
0.4908
-1.9610
0.4850
2.2536
-2.3641
0.9651
0.1448
2.0237
-0.2636
1.3902
1.1067
-0.8547
0.4251
-1.8649
-0.4068
1.4634
-1.4552
-0.8652
1.4612
-0.6794
0.2722
-0.2560
-0.2623
0.5984
-3.2160
-0.0574
0.2976
-1.3449
-0.3168
0.7421
0.1217
-0.7232
-1.0768
0.2448
0.5485
3.4776
0.1107
-0.3478
0.5407
-1.0785
-0.1874
0.7039
-0.3291
-0.3743
0.4128
1.8855
1.1981
0.2348
-0.4993
-0.1716
-0.2986
-0.0497
0.2302
-1.0426
-0.1244
-0.7892
0.5908
-0.6854
-0.4377
-0.1231
1.0031
0.2830
-0.0308
0.4767
-0.2681
0.3827
0.8914
-0.2437
-0.8110
0.1148
-0.3179
0.6051
0.5684
0.6484
-0.3167
0.0756
-0.4156
0.1264
0.1422
0.2863
0.0683
0.2346
-0.1111
0.0153
0.2185
0.2170
-0.1749
0.0269
0.2338
-2.0136
-1.3346
1.2483
1.7920
-1.1435
-2.0257
-2.4708
-0.6947
0.2322
-0.4628
-1.2316
-0.1014
-0.2988
-1.5081
1.8692
1.4865
0.1242
0.2643
-0.8821
-0.1710
-1.2014
-0.1371
0.8893
-0.9093
-3.8950
0.4820
-1.0302
-0.3980
-2.1957
1.3113
0.0035
-1.7896
0.4071
2.5171
-0.6268
0.1602
-0.6747
-1.0724
-1.0497
-0.1194
-2.9952
-1.1740
-1.7333
-0.3926
-2.4055
2.7837
0.0321
1.1982
-1.1852
3.4935
2.4276
-1.2464
-1.1941
0.2864
-0.4278
-0.1701
-1.4585
-0.7361
0.0278
-1.8185
-1.6262
-1.3608
-1.0543
-1.4129
-1.6695
2.9619
-2.5309
3.3968
-0.8534
2.8528
-0.5815
-1.6923
1.1583
0.1615
1.5004
0.4137
-1.5112
-0.4667
3.0182
3.4449
-0.4242
-1.5885
2.6769
0.4641
-0.5563
-1.3851
-0.8098
-0.2899
-0.7127
-0.7483
1.3013
0.7249
-0.3527
1.0490
0.6046
0.3881
-0.0913
0.0558
0.1411
-1.2022
-1.8119
-0.0022
-1.0499
-0.3170
-0.4329
-0.8533
-0.2105
-0.8333
0.2131
1.0377
-0.5080
-0.1923
-1.0355
0.4320
-0.5860
0.0142
-0.3411
0.3541
-0.3623
0.0729
-0.7484
-0.1637
0.1136
1.1879
1.3709
-0.0272
1.1846
-0.3750
0.2656
-0.4826
-0.2333
0.1020
-0.4789
-0.0122
-0.6194
-0.6151
-0.1929
-0.1382
-0.1095
-0.3941
-0.0645
1.1798
1.3293
1.5779
-0.2059
-0.7381
0.4371
-0.0804
-0.0145
-0.2551
-0.0539
-0.1112
1.7085
-0.2299
-0.0612
-0.0820
0.1979
-0.1839
0.0169
-0.2099
-0.1246
-0.1080
-0.2318
0.0307
-0.2473
0.0027
-0.0181
0.2871
-0.2740
-0.1606
-0.0201
-0.0068
-0.0422
-0.0878
-0.0928
0.2724
0.2392
-1.1462
-0.5911
1.1845
-0.7926
0.9382
1.3540
-0.5666
-0.2300
-1.2896
-2.4598
2.9903
-1.5431
-1.3325
0.0212
1.0179
0.4741
-2.6243
-0.7355
1.7728
-2.0641
-0.4483
0.6232
0.9703
-1.7480
-4.9124
-0.6942
1.3409
2.0358
-1.3324
-4.1334
0.3113
-6.5916
-2.3121
-0.7106
-2.2095
-1.0320
0.4133
-4.3424
-2.1447
-1.4294
-1.2800
-2.2571
-2.1074
-1.0381
-0.5888
1.2149
-1.1356
0.8077
-0.3095
-2.9330
-0.2158
-0.9315
4.1092
-0.5475
-0.9401
-1.2259
-0.5187
2.6166
0.8563
2.5785
-0.3519
2.0350
0.3119
1.3705
1.1191
3.2335
2.4832
-0.9201
0.8779
1.0629
0.6120
-2.1530
-1.0802
0.5903
-0.5008
0.6150
-1.3194
-1.6643
0.6502
0.0771
0.5324
1.7317
1.4270
0.0850
-0.1507
-0.9444
-0.8792
0.8399
1.0413
0.9444
1.7470
-0.2259
0.0917
-0.6250
-0.9819
-0.3880
-1.2651
-0.8423
2.5716
1.4155
-0.4630
-0.6993
0.2814
-0.3697
2.2345
0.0524
-1.0717
-0.3865
-0.3841
-0.5134
-0.7438
0.1900
-1.3383
-0.6934
-0.7951
-0.2618
-0.6662
-0.3503
-1.1513
-0.8897
0.0534
-0.5625
-0.8020
-0.4198
0.9612
-0.5547
0.3085
-0.5712
-0.4866
1.0483
1.7899
-0.1837
-0.1596
-1.6596
0.1546
-0.5054
-0.8983
-0.3575
-0.3490
0.8274
-0.4660
0.5167
0.2439
-0.0289
0.4290
-0.0366
-0.2795
-0.4489
0.5702
-0.4438
-0.0798
-0.8864
0.2065
0.1577
0.0308
-0.3891
-0.0314
-0.3025
-0.1418
0.0860
-0.3108
-0.1367
0.0754
-0.0887
0.2345
-0.0141
-0.3022
-0.2182
-0.3318
0.0245
0.0714
-0.2108
-0.1489
0.3467
0.0718
0.2383
-0.0879
-0.5645
-3.1960
-2.1363
-0.9018
-1.2462
-0.9386
-5.1622
-1.5742
-1.5829
-1.1594
0.5953
0.2788
-1.7916
3.8672
0.7660
-1.6536
-0.3971
1.6371
-1.1705
1.6157
0.4934
0.9899
1.0425
0.5391
1.3705
-2.0463
2.5182
0.7614
-3.7066
-1.3626
-0.5106
-7.0929
1.1515
1.3919
0.0481
2.1640
3.3766
0.5693
-1.8204
-0.4379
0.0745
-0.6844
-0.9009
3.1123
1.5758
-3.1227
-0.9203
5.1952
-0.4345
-0.3395
-0.5064
0.0499
-2.0632
1.3807
-0.0690
2.2983
-0.3292
-2.9771
-0.2075
-0.8003
-1.0485
-2.1763
-0.8810
-3.1032
0.1308
-1.2652
-2.2903
1.3132
3.2158
-2.6258
-1.0113
2.5620
0.9880
1.1457
0.3850
2.1554
1.8882
3.6468
-0.2601
-2.3553
-2.2693
-2.2835
-0.9336
-0.5943
-0.5800
-0.8161
-1.6227
-2.2137
-0.8439
0.1762
0.0289
0.3522
-1.4779
-2.3543
0.6044
-0.7598
-0.3145
-0.9085
-0.5498
-1.1516
0.0773
-0.3966
-0.1629
-0.9395
-2.3907
0.3202
2.6676
0.8777
-0.6330
1.5892
-0.8721
1.2560
-0.6246
-0.6271
0.9843
-0.0453
0.5978
-0.1066
3.0017
-0.5126
-0.2500
-0.9853
1.5748
-1.4236
-1.2335
-0.6987
-1.4290
0.0552
-0.0470
-0.5269
-0.1601
-1.2546
0.1496
-0.9393
-0.9021
-1.0546
1.7648
0.4978
-0.1762
-0.6654
1.3268
-1.3555
-0.5002
-0.2533
-1.1699
-1.2795
1.1250
-0.0044
-0.5220
1.0623
-0.0493
0.1484
-0.1358
-0.2572
-0.1446
-0.0932
0.5978
0.7392
0.0645
0.0745
0.6558
0.5208
-0.3410
-0.0935
-0.1230
-0.2929
0.1382
-0.1326
0.2808
0.1465
-0.0734
0.1904
0.1463
0.0432
-0.0706
-0.0233
-0.2505
-3.3319
0.1080
-1.3919
-0.0030
0.5532
1.8412
-2.2680
0.5872
1.3689
-0.2583
-0.5858
1.2319
1.5205
1.6322
-0.5233
0.0669
-0.8864
1.4316
-0.9802
-1.3269
1.1263
-3.2909
-1.6916
3.4998
1.9456
-2.1803
-0.7137
-1.2248
-0.6888
1.2836
-0.5659
-5.0219
-0.5830
-2.5051
-2.1198
0.1034
0.0626
-2.8718
-0.9862
-1.3895
-0.4691
0.0680
-2.5224
2.3915
-3.0993
3.2536
0.6986
0.6441
-0.1752
-1.3907
-1.0024
-1.1326
-1.6355
1.4145
0.2716
-1.1066
0.7719
0.4407
0.1266
-2.9369
-0.3587
-0.6020
-0.7665
0.8559
-2.1967
-2.4003
0.5795
-0.3839
-0.2504
-1.1229
0.0282
4.5010
-0.2040
-0.9375
-1.0690
3.8885
1.6009
0.7027
-0.3822
-1.7207
0.9332
-0.9025
-1.8686
0.0354
-1.0561
0.3483
-2.1056
2.1613
-2.5990
1.6705
1.0598
-0.0206
2.0112
1.8676
0.6515
1.5469
-0.2910
-0.9818
0.0733
1.0764
-0.9246
3.4402
0.7871
0.2505
0.3481
1.3375
-0.3440
-0.4634
-0.8415
-0.8554
-0.5703
0.8302
1.0691
-0.0100
0.6345
2.2347
3.2774
-0.2975
-0.2062
0.0816
0.4005
0.1587
1.4779
-0.8516
-1.3503
0.0622
-0.6855
0.0163
0.2616
-1.8375
0.0713
-0.7207
0.9783
-0.7426
1.2892
-1.4406
-0.0845
0.1531
0.4422
-0.0794
0.1629
-1.7653
-0.2934
-0.3855
-0.3596
0.9685
-0.3071
0.0810
0.6016
0.7144
0.3211
0.3357
-0.3667
0.1082
0.6571
-0.0025
-0.0680
0.3222
0.1112
0.4507
0.3955
-0.0094
-0.6021
-0.0153
-0.1137
0.1084
0.2996
0.1041
0.0272
0.2213
-0.1335
-0.0818
-0.1105
-0.0423
0.2579
0.0234
-0.0305
-2.7419
-2.7912
0.1529
-0.3160
-0.1986
0.2484
-0.0722
0.4691
-1.3071
0.1150
-1.6075
1.3342
2.8550
-0.9088
-0.0413
-0.4852
-0.0123
-1.5476
-0.4000
1.7094
-0.2564
-0.1707
1.1829
-0.1086
-0.2038
-2.1440
-0.5077
0.7650
1.4910
1.0105
-0.0466
-2.6633
2.3531
2.4487
-0.9492
1.3282
-1.5640
3.6836
-1.5908
2.1899
-1.5482
1.4533
0.7490
0.2069
0.8316
-0.2708
0.8209
-1.7356
0.9083
-2.1190
1.2810
-0.3008
-1.9788
0.5535
-1.6955
0.0103
4.2579
-0.5800
0.9929
-0.9429
0.5778
-2.0462
1.3749
3.6339
0.0565
-2.1559
-2.5016
0.2109
0.8795
-1.5280
0.5358
-1.9539
-0.5486
2.4363
0.3590
-1.2880
-1.3837
1.2182
0.6559
-0.6940
-0.4196
-0.2525
-0.1289
-0.5150
-0.3743
-1.4067
-1.0962
-1.0640
-1.2286
-1.5291
-1.5547
-0.7142
-0.5958
0.1925
-0.1482
-1.5693
0.0315
-0.8725
-1.1513
0.1901
0.1286
0.9166
-0.3702
2.6514
-0.7952
-0.2094
-0.0584
-1.8909
-0.1626
1.9650
-0.9756
0.2219
0.1319
-1.3799
-0.3872
0.6741
0.4057
0.5607
0.0762
-1.2955
1.1910
-0.5684
-0.7334
-0.0452
-0.9815
-1.1206
-0.2435
2.2512
-1.1332
-0.5301
0.7019
-1.1310
-0.2381
-0.4027
-0.2398
-1.0098
-0.0431
-0.6890
-0.9200
0.0109
-0.0985
-0.6936
0.5081
0.5078
-0.1252
-0.0166
-0.0609
-0.7874
2.0245
-0.1577
-0.2663
-0.1045
0.6401
-0.9374
1.8064
-0.2592
-0.7419
-0.5580
0.3506
0.9177
-0.2743
-0.4375
-0.7764
-0.1143
0.2779
-0.4918
-0.1495
0.0660
-0.3546
-0.2532
-0.1482
-0.1913
0.1443
-0.1770
0.2307
0.3521
-0.4570
-0.1470
0.3245
-1.3948
-4.5516
-0.5449
-1.1966
-4.1240
-1.8828
-4.9434
-1.6314
-0.8841
0.3145
1.2251
0.9071
-0.7045
-0.9364
-0.5572
1.5461
-2.2070
1.0246
-0.9371
-1.4456
-1.3926
1.7369
-1.2624
-0.1771
1.0278
0.6017
-2.4181
1.7561
0.3148
-4.1566
-0.6623
-0.4845
3.9353
-0.4562
3.6148
-0.4838
1.2233
-0.7963
0.7401
-0.3074
-2.6691
0.6149
-1.4848
-3.2370
2.7999
3.8258
-1.4526
-0.4178
-4.1770
-0.8387
1.7787
0.6263
0.9331
1.7086
-1.5061
-1.0090
-1.6831
0.5269
-0.7596
-1.3261
-0.2959
0.0281
-2.0028
-1.1302
1.4128
-0.4144
0.8261
0.7140
0.4351
-1.6158
-0.1529
-0.9249
0.7585
2.3254
-2.4334
0.3204
-0.7087
1.2341
-0.1701
0.1642
0.8430
1.3774
-0.2198
-1.1803
-0.2143
0.3999
0.3076
0.7519
-2.4042
0.0569
1.4704
-0.5711
0.9313
-0.2346
-1.8868
-0.5445
0.1091
-0.2839
-1.7720
-0.5746
0.3146
-0.1070
0.4517
0.3405
0.6473
0.1889
-0.5185
-0.8544
-0.2377
0.1952
0.1739
-0.3974
0.4639
-0.0589
-0.2767
-1.8308
0.1999
-0.2719
-0.9966
0.0845
0.0944
0.3503
0.2322
-0.0346
0.2949
-0.5818
-0.2785
0.4057
0.5711
-0.8524
-0.2502
-0.7101
0.2524
0.8518
-0.3300
-0.3154
-0.3251
0.0479
0.2542
0.4301
-0.5645
-0.7391
0.3740
-0.4678
-0.8131
-0.6453
-0.2149
-0.0079
-0.4637
0.4319
-0.3420
0.0540
-0.0918
-0.4346
1.1145
0.1599
-0.3081
0.0324
0.4000
0.2584
0.6868
0.2021
0.0932
0.0899
0.1908
-0.1954
0.0935
-0.0507
-0.2551
0.0759
0.0105
0.0794
-0.0059
-0.0448
0.2773
1.7636
-0.0899
-0.9252
2.2748
-0.5046
-1.2200
0.1318
0.1938
0.9368
-2.3669
-0.6400
2.3077
-2.2375
-3.0127
-0.1045
-3.5575
1.8544
0.9337
1.5999
0.2552
-0.6414
-0.9895
-1.9335
-1.0754
-2.3190
-3.4222
0.7976
-2.8081
0.9852
0.5850
0.0017
-0.5703
3.6736
-0.5918
-1.5615
0.1102
1.5544
-1.6151
-2.1714
0.3076
2.8478
-0.4076
-0.1170
0.1933
-2.0726
2.5862
1.4682
0.3758
-0.9853
-0.2817
-1.6382
0.9880
-0.6872
0.5310
-0.6102
0.3327
0.5607
-1.6964
1.7909
-1.9166
-0.2132
-2.5447
3.2954
-1.8557
0.5916
-0.5190
0.5689
-0.7887
1.1740
0.1299
-0.0644
0.3227
0.6915
-0.3348
0.2259
-1.2649
-0.8410
1.6275
-0.1134
-1.6101
-0.0136
-0.9295
0.2000
-0.7216
2.2904
-1.6302
0.1764
-1.7039
1.4365
-1.5930
-1.9134
-2.3777
0.4418
-0.9698
-0.8774
-1.5216
0.8915
-1.2150
0.6453
-0.6020
1.8148
-0.7129
-0.1397
-2.3136
1.8230
-0.4069
0.4247
1.1977
0.2232
-0.0885
0.9915
-0.6854
-0.2619
0.2040
0.6863
0.2220
1.0627
0.5283
-0.1161
-0.1888
-0.3820
0.3901
0.4489
-0.2501
0.0210
0.2147
0.9729
0.3031
0.0108
0.5579
-0.4153
0.1016
-0.4402
-0.3329
-0.0570
0.6138
-0.1890
0.0972
0.2179
-0.0935
0.1072
0.4020
0.1492
-0.4852
0.0661
-0.3638
-0.0857
0.2613
-0.1986
0.6959
-0.0410
0.2840
-0.3067
0.1925
-0.0225
-0.1857
0.3755
0.3372
-0.3371
0.0142
0.2252
0.0719
0.2111
0.1553
-0.3546
0.0140
0.0598
-0.1172
0.3596
0.1313
-0.2563
0.0508
-0.1007
-0.0767
-0.1179
0.0969
-0.2243
0.6376
-1.6755
-0.7852
0.5914
-1.4409
-0.6008
0.4490
-2.3960
-0.7802
1.4665
-1.1646
-3.4134
0.0618
-0.4329
0.3675
0.4249
-0.3302
-1.1818
0.3852
-1.8452
-0.2036
-4.2400
0.9237
-1.0498
-0.3401
-2.4833
2.4506
0.8335
-5.4019
0.8498
-0.0708
-3.5375
-1.0356
1.1440
-2.7803
-1.5866
5.0332
-1.7428
-2.0974
2.7114
0.8655
-1.2890
1.3651
0.0560
4.3439
-1.1223
-1.5714
2.4429
1.6814
1.7113
-0.7108
1.6363
0.0059
-1.8827
-0.9213
0.1881
0.4760
-0.3857
0.8801
-0.6635
0.8177
2.8488
1.3483
-0.3627
-2.0181
-2.7748
-0.4625
2.0855
0.6969
-2.4429
0.9919
-1.7525
-1.4340
-0.1569
-0.4536
-1.2992
-0.5364
-1.5532
-1.0886
-2.2018
0.0437
0.3356
-2.2709
-0.0683
-0.7166
2.8687
0.0416
-0.3612
1.1054
-1.3358
0.7367
-1.0219
-1.8412
0.6340
-0.3912
-1.1775
0.6705
-0.9228
-2.0953
0.7703
-0.1972
0.1895
-0.0352
1.6347
0.5517
0.0993
-0.1761
-1.6158
-0.0293
2.2443
-0.4662
0.2215
0.2869
-0.8114
-0.2758
-0.5131
-1.3034
2.9852
-0.0484
-1.0391
-0.4671
-0.3658
-0.6381
1.1552
-0.1038
-0.5052
-0.1557
0.2118
-0.6236
1.0290
0.2752
-0.5108
-0.2985
1.0362
0.7453
1.1319
0.0026
-0.4839
-0.8078
0.0043
-0.2410
-0.4783
0.0043
0.0572
0.1972
0.8693
1.5611
-0.4051
0.5339
-0.2790
-0.2258
0.0014
-0.7388
0.2969
0.3635
-0.1837
0.3145
-0.2530
-0.1942
0.3693
-0.1846
-0.2844
0.2109
-0.0251
0.0170
-0.0250
-0.0684
0.3206
-0.2120
-0.1642
-0.0401
0.0767
0.0032
0.0247
0.0138
-0.0440
-0.2653
-0.6548
-0.1082
0.2784
-1.7479
0.1085
-0.5839
-2.6955
-2.8739
-1.6618
-0.6201
-2.4537
-1.1096
-1.4718
0.2676
-1.3216
-0.4118
0.9259
-1.9978
1.8224
0.3728
-0.0597
-0.5916
2.5025
0.0052
-2.4970
-0.6616
-1.6056
-2.0356
0.9442
-1.8322
-0.2253
-4.6999
4.4303
-0.4394
4.5499
-2.8470
-2.1701
1.5322
-2.4967
3.1839
-1.6652
1.5397
-4.2631
0.9675
-2.4833
0.3863
-0.4930
0.6011
-0.3514
-0.7812
-1.8051
0.3354
-4.1229
2.8967
3.9482
2.4321
-1.5111
-0.0216
0.3465
-0.6318
-3.1763
-0.6362
0.6655
0.8129
-0.1813
0.3619
-0.5720
-1.6409
0.2447
-2.9587
0.2069
-2.3485
-1.1577
-0.5365
0.5286
-0.1605
0.2336
4.4618
-0.2758
-3.4551
-0.1337
1.4894
-2.1882
-0.5409
0.3193
-1.7489
-0.6748
1.5526
-2.4143
-2.0065
0.2644
0.6832
-1.0679
0.2534
0.3122
1.0421
-1.6029
-1.9760
-0.3861
-2.5910
0.0070
1.5702
-2.7135
0.4550
-0.7311
-2.4436
1.3853
1.7383
0.3538
-0.7535
2.3981
-0.9042
0.6171
0.2105
0.7926
4.4889
2.8658
2.2789
0.2411
-0.3702
3.1681
1.0032
0.0461
0.7305
-0.3054
0.1615
-0.0353
0.2345
-0.2916
-0.5357
0.7812
-0.0137
0.2200
-0.9091
1.0330
-0.3644
0.4445
0.3645
-0.1251
-1.9202
0.3722
-1.0710
-0.1345
-0.3539
-2.0094
1.6190
1.0829
0.1086
-0.0000
0.3363
0.2772
0.3365
-0.2873
-1.1351
-0.0689
-0.2579
0.6950
0.4151
0.6660
-0.1981
0.4504
0.4506
-0.1325
0.0213
0.5271
-0.7155
0.1609
0.0244
-0.0045
0.2506
-0.0483
0.0714
0.1824
-0.2128
-0.1794
-0.0514
-0.1952
-0.1854
-1.0104
0.3114
-1.6048
0.6321
-0.1196
1.9576
-1.5765
0.6455
0.8638
-0.5910
-3.4222
-2.9332
0.7579
0.3564
-0.1118
-0.1770
-0.0573
-1.4908
-2.9311
-1.6316
-1.0302
-1.6538
-0.1107
0.7843
-0.3129
-1.2408
-2.1131
-1.2767
1.0804
-0.0552
-2.6108
7.3744
-5.0627
-1.2991
-2.7821
-3.6220
-1.2171
-1.7144
-2.5464
-3.2682
-1.4836
-0.7191
0.4806
-1.0711
-0.2568
-2.5893
1.8571
2.1645
-2.8665
0.3333
-2.0376
0.9016
2.7386
0.7605
1.2376
-0.6966
4.6278
0.0750
2.7949
1.8205
-2.6427
-0.5146
0.4184
-2.5100
0.0378
0.7780
-0.9879
-2.1310
-3.6327
2.3144
-1.4868
0.5875
-2.2539
-2.0973
1.1778
0.0159
1.5979
-0.7994
-2.9410
2.4346
0.0186
-2.8761
1.6573
2.1870
2.1360
-0.0209
0.5220
-2.4196
1.4873
0.2843
-1.1263
2.6898
-3.1575
2.4738
-0.8041
1.9866
0.5264
1.6182
-0.0437
-1.3191
1.6883
-0.4972
-0.3063
1.1242
-0.8437
0.9476
1.2495
-0.7262
-0.3006
0.3526
-0.0423
0.3971
-0.6689
0.5504
-0.7934
1.0891
-1.2994
-0.3185
-0.9827
-0.1709
0.7122
0.4374
0.9016
-2.4213
-0.5631
0.0943
-0.8225
-1.1586
-1.5833
0.3815
-0.5879
0.7019
0.6638
-0.2642
0.5184
-0.1130
-0.1549
-0.2239
-0.6717
0.4232
-1.1973
-0.3349
-0.6468
-1.1194
-0.5806
-0.5289
-0.2044
0.5885
0.8124
-0.2953
0.7814
-0.6107
-0.5434
0.2026
-0.0289
0.3928
0.6247
-0.4899
0.1133
0.5815
0.7080
0.3302
0.1135
0.1585
-0.2397
0.3670
0.2731
0.2361
0.3221
-0.0958
0.1081
0.1006
-0.4386
-0.0166
-0.2502
-0.2474
1.2283
0.3997
0.2375
-1.3026
-2.0607
-0.5890
0.2401
-2.2497
-1.1156
0.0703
-2.2279
2.0200
1.9730
-1.1302
-2.1969
0.7658
-0.7003
-2.7673
-0.0354
-1.7570
-0.5769
-0.5916
1.6573
1.1283
0.7648
-1.2942
2.9020
-0.2714
-1.8372
1.8849
0.0383
-5.7710
-3.3038
-1.3973
-3.4628
-2.5720
3.6093
0.9211
-0.5602
-2.4738
-2.0210
1.4827
-3.6456
0.4740
-0.5780
0.8287
-3.4400
1.4115
-1.1110
-1.1739
0.3941
-2.7176
-1.1529
-2.1763
-2.0989
2.0287
-2.2651
0.3953
-1.1648
-0.9460
-3.0986
-3.3025
3.9348
1.3775
3.6727
1.0349
1.5812
-1.4899
3.3616
1.4549
-2.8794
-2.2082
0.8974
1.6010
-2.9409
1.4711
-3.3852
-1.4658
0.3155
1.1101
0.2273
-1.2879
1.4416
-0.5042
1.5033
0.4029
-0.8882
0.2205
1.5989
2.1087
-0.4654
0.0701
-0.0715
2.3631
-1.1352
0.0071
-0.5862
-1.3300
0.5093
0.8423
-2.1921
2.5737
1.1192
3.1210
1.7220
-0.0429
1.2196
-2.6975
1.8759
-1.3022
0.1912
1.5287
0.6495
2.5835
0.9243
-2.3961
-0.5414
-1.0172
1.4616
1.9421
1.7824
0.8587
0.8950
-0.5014
0.9806
1.7041
1.1218
-1.5276
0.9661
0.8360
0.0098
1.1362
-1.9824
-0.8521
1.7394
-0.4422
1.0452
0.2735
0.7745
0.2079
0.2945
0.8898
-0.6173
-0.4483
0.6780
-1.6797
-0.5736
0.3390
1.6449
0.4217
0.6856
0.5146
-0.0300
0.6664
1.5087
-0.0974
1.2185
0.4349
-0.8257
1.0580
0.5280
0.3786
0.4090
0.1798
-0.3988
0.3962
0.2012
-0.2019
-0.0310
0.2042
-0.1844
0.0459
0.1470
0.0022
0.0893
0.0266
-0.0317
0.5635
-0.0952
-2.6529
-1.6475
0.6290
-0.0551
1.5348
1.3252
-1.3961
0.1480
-1.4413
1.1383
-0.1353
2.2976
-0.4542
-2.2079
-1.0415
-0.9325
-1.6955
-1.4098
-1.0502
-0.5849
-0.7075
-0.5728
-0.4132
-1.1338
2.0697
2.6817
-1.4009
0.4094
0.0147
-3.3741
-1.3450
2.4931
-2.0045
-1.5548
3.4482
-1.2489
-0.6563
-0.2880
6.0002
2.3705
1.7018
-0.5258
2.6088
0.3961
4.6921
0.1375
1.7874
-1.9797
3.7315
4.4258
-2.2379
-2.5921
-1.9264
-0.2094
-1.4243
-0.7990
0.8878
-2.1224
1.1110
-0.1755
-1.5113
-0.6503
-1.0548
-2.4508
-1.3258
0.2296
-0.8700
0.7560
0.7521
-2.2131
-1.4155
-0.3504
-0.7164
4.1764
0.1846
-2.2365
1.2677
0.4804
-1.3810
0.4908
1.7637
-1.3997
-1.5899
-1.0592
1.2742
-0.6327
-1.4887
-3.2015
-0.2702
0.0374
-0.2131
-0.0821
-0.6581
-1.3280
2.3646
-1.0833
-2.2432
2.1288
-1.7015
0.5506
-0.1098
1.0337
-0.8239
-0.0783
-0.1743
1.5694
-0.9614
-0.1497
3.5137
0.0968
0.5502
-1.7674
-0.5835
-1.3199
-1.8957
-0.1783
-0.2501
-1.6824
0.8702
-0.7711
-0.7437
-0.5518
0.7191
-1.2057
-0.4415
0.6312
-1.1968
-0.3575
-0.0080
-1.1668
-0.3622
-1.4976
0.0761
-0.5887
-0.2766
-0.7794
-0.8384
-0.0613
-0.1425
0.6488
-0.0836
-0.3116
0.2499
0.1358
-0.2870
-0.6235
1.2515
-0.6197
-0.5570
-0.2375
0.4063
0.0295
0.9846
-0.2136
-0.4906
-0.3047
0.2206
0.4984
-0.4971
-0.4614
-0.3861
-0.0964
0.3638
-0.2036
-0.1367
0.3062
-0.3786
-0.2661
-0.2055
-0.0390
0.0614
0.1011
0.1175
0.1837
0.1567
-1.1151
0.2403
-1.7186
0.0382
-1.3539
1.7962
-0.2162
0.5212
-2.2447
-0.4752
-2.3677
2.8084
-0.9024
-0.4621
-1.9152
2.4566
-1.0192
0.9455
0.6743
0.4526
-1.8169
-0.9693
-1.5420
-1.4862
-0.6984
-1.1459
-0.3533
-3.8826
-0.2259
-0.3905
0.0340
-3.8841
-0.6949
-0.3687
-0.6107
-0.7682
-0.6345
-2.0975
-0.6769
-0.3434
-0.4138
0.1631
-0.1668
-0.1006
-2.6675
-0.6566
-0.5626
0.6348
-0.7001
1.6950
-1.3643
-0.3725
0.2656
0.2940
-0.4016
-0.2686
-0.4599
-0.3126
4.3337
-0.9238
3.5438
1.0012
1.9205
1.4792
-0.5162
2.6498
2.2805
-0.3669
-1.2331
1.0061
0.7317
-0.7020
-1.6713
-0.1955
-0.1866
0.3533
-1.8565
-0.0591
-0.1770
5.4954
2.9435
-0.3920
-0.4836
0.2721
-0.6021
-1.7171
-0.4272
0.3905
-0.8552
1.3248
-0.2790
1.3869
-0.5615
-0.6998
-0.6150
-1.0788
-0.4816
0.0201
0.9389
-0.3005
-0.4160
0.3255
0.1961
-0.7661
0.1021
-0.2923
-0.2522
-0.4231
-0.9402
-0.3503
-0.6670
-0.6221
0.0353
-0.4051
-0.2152
0.5133
0.0776
-0.1316
-0.4668
-0.3389
-0.1090
-0.1903
-0.0448
0.9582
0.0373
0.0064
-0.2714
-0.2286
-0.1790
-0.0844
0.4118
-0.5630
0.4288
0.2284
-0.2803
-0.5664
-0.0164
-0.1915
-0.1778
-0.1055
-0.0890
0.6878
-0.1596
-0.1924
-0.0182
0.1484
-0.0555
-0.0241
0.0140
-0.3081
-0.1816
0.1364
0.0166
-0.1235
-0.0604
-0.1070
-0.0869
-0.1550
-0.0842
0.0789
0.0343
0.0802
-0.0824
0.0318
0.2006
-0.0487
-0.0507
0.0145
0.0307
0.1271
0.1411
0.1503
-0.0345
-0.1651
-0.1813
-0.0100
0.0069
-0.8637
-3.8304
-1.4641
-1.0050
-1.8786
-3.1691
0.1384
-1.6855
-1.7136
-0.3186
-1.2186
0.6802
0.3061
-1.1486
-1.2482
0.7950
-0.2206
0.4053
1.6438
0.4210
-2.5280
2.2669
-1.1604
-1.1942
3.6576
-3.0286
-0.9479
-3.0421
-0.1352
0.0667
0.0606
-6.3687
-2.9882
-3.4307
0.0109
-2.7058
-3.6454
1.3735
0.6239
0.1263
-0.1824
1.1195
1.9350
0.4333
-1.7006
0.3141
-2.7458
-1.1873
1.6759
1.2103
-2.8916
-2.4471
4.0493
1.0673
-1.6634
1.4490
-2.0023
-0.8602
0.4123
3.0920
0.9875
4.4850
-3.0151
3.8854
0.1856
1.0990
0.7339
0.7611
2.5536
1.5937
2.2802
-2.2388
1.5033
-0.1869
0.6292
0.1499
-2.1831
-2.0190
-0.4712
-0.2638
0.1528
2.9780
1.3336
2.8481
2.0123
2.8393
2.3261
2.0135
2.5156
0.0301
-2.7427
-3.3336
-3.4258
-0.1517
-1.2593
-2.5339
-1.7517
-0.9659
-0.7531
0.4239
-2.3154
-0.4973
1.7707
-1.7272
2.1709
1.4627
0.9008
-2.1537
-1.5316
0.9934
-2.2788
0.0877
0.5649
-2.0771
0.3365
0.2913
-0.5418
-0.1084
-0.4566
-2.0160
-0.8135
-0.1193
-0.2525
-1.4165
0.7474
-1.3899
0.1242
-0.2793
-1.7552
2.2617
1.3615
-1.4572
0.4170
-0.4554
-0.5964
0.9837
0.0362
-0.9441
-1.1868
0.6324
0.2963
1.3918
-0.5053
-0.1503
1.3088
0.7116
0.4722
-0.7336
-0.7493
0.1543
-0.6651
0.1979
-0.1732
0.5757
-0.7015
-1.1160
-1.0423
0.1961
-1.4618
-0.6580
0.2530
0.1892
1.0250
0.0718
0.6649
-0.0348
0.0988
-0.1440
-0.0366
0.0282
-0.2617
0.2224
-0.0686
0.3530
-0.2955
0.0100
0.0563
-0.6343
0.0309
-0.9848
-0.4727
-1.3964
-0.9516
-0.6569
-1.4865
-0.8665
1.2496
-0.2349
-0.0470
1.9798
0.6450
-0.4913
0.7736
0.0803
0.5016
0.0119
-0.5698
1.6135
-0.7271
-0.1089
1.2333
0.8755
-0.6321
0.9438
-2.2440
0.1282
0.3970
0.1365
4.9845
-2.4462
-4.9063
-2.1269
-1.9298
-0.8956
-0.1480
-5.3750
-1.1011
-4.1527
-2.8560
-3.4424
0.4391
3.7785
-1.9103
-1.4415
-3.0147
-2.3245
2.2382
-2.3412
-0.7262
-2.2453
1.0568
-1.5742
-0.2997
-2.3776
-1.0437
3.6840
-0.5516
0.3920
-0.8812
1.2744
-1.0294
0.1268
-0.2139
2.0517
-1.6600
1.2036
-1.6932
0.5182
0.7094
-1.4087
-0.3720
0.1498
-0.4900
1.1818
-0.3600
-0.7379
1.7275
-0.9771
-0.7791
-1.1427
-0.7687
-1.4521
-0.9660
-1.0691
-0.7541
0.8007
1.0706
4.0643
1.5603
3.6423
0.9298
3.6373
2.8270
-0.6858
3.1744
3.4485
0.1525
-0.9211
0.0604
-0.1980
2.2888
-2.5327
-0.4611
-0.1854
-1.1459
-1.3941
0.0148
2.0449
0.9535
-0.3991
-1.4375
-0.3302
0.1106
1.2152
-0.2599
0.6380
-0.6846
-0.5331
-0.2795
0.2417
1.1488
-0.2152
-0.7689
-0.6148
-0.9974
-1.0489
1.4135
-1.0474
-1.0686
-0.3653
-0.0753
1.6848
-0.2222
0.3724
-0.3981
-0.7199
0.2501
-0.0290
-0.1919
-0.4683
0.4903
0.9031
-0.8018
-0.4458
-0.3911
0.3916
-0.2319
-0.4841
-0.1816
-0.3184
0.7835
0.4915
-0.3454
-0.5644
-0.0629
0.0685
0.7739
0.0766
0.1499
0.2951
0.1803
-0.2289
0.1468
-0.0255
0.1692
0.0526
-0.0170
-0.1447
0.1082
-0.0883
0.3045
-0.0726
-0.0455
-0.0767
-0.8715
-1.8872
0.1958
-1.1507
1.3574
0.4309
0.0236
0.0507
0.2572
-1.0835
3.2167
-1.2938
1.2283
-0.9428
0.0213
1.6616
1.2413
0.3174
-0.7951
-0.9681
0.0076
-2.3143
-0.5396
-1.6761
-0.1256
-0.1907
-0.2622
2.0885
1.8029
-2.2213
0.1274
-1.4066
0.4904
-2.3109
0.6873
-2.8605
-0.5935
-1.6831
2.5838
-3.8211
-1.9672
2.1999
-2.3170
-0.8311
4.7928
-3.2302
2.6129
0.4740
2.4749
-1.8965
-2.6105
1.8854
1.9701
1.4727
-1.5842
-1.0984
0.5228
-0.2076
-0.9614
0.0148
1.7481
0.6811
0.4722
-2.0249
-2.0056
-0.1834
-1.2415
1.7076
0.1830
2.1750
-1.0569
-0.0842
-0.0407
-0.9391
1.7853
-0.1874
0.4460
0.8337
1.2195
1.3028
-0.6760
-0.1366
1.0567
-0.4525
-0.6181
0.3137
2.2321
-2.7762
1.2717
-0.2591
-0.3443
-0.3521
0.9247
1.8538
-0.2390
-0.2301
-0.2432
0.6219
0.1035
0.7774
-0.0532
0.3259
0.6286
0.3220
0.6737
-0.2238
-0.5244
2.5811
0.1093
1.3792
0.1282
-0.0102
-0.3769
-0.7340
-0.3177
-1.1121
1.1081
0.1716
-0.7420
-0.6069
0.2139
-2.6153
-1.0752
0.1686
0.4242
-0.8857
-0.0378
0.1817
-1.0261
-0.0510
-0.1036
-1.7207
-0.1313
-0.1377
0.2982
0.1889
-0.3437
-1.2192
-1.2306
0.2837
-0.1831
0.4404
-0.6536
1.5467
0.2787
-0.3842
0.6851
-1.3203
0.0168
-0.3655
-1.2497
0.0558
0.7509
0.4764
0.2661
-0.3497
-0.7224
-1.5525
1.3183
0.0002
-1.4132
-1.5333
-0.2599
0.0719
-0.1954
0.2141
-0.1342
-0.1223
-0.5003
-0.7421
-0.0161
-0.3831
0.0135
0.0860
0.1985
0.1368
-0.0417
0.0498
-0.4331
-1.5192
-0.1551
1.4290
1.3561
-0.0503
-1.0655
-1.2138
0.6512
-2.6773
-4.1676
1.3564
0.6131
-0.5479
-0.7850
-1.9333
-0.4247
-1.0161
-2.5218
-0.5004
-2.0993
0.8568
-0.8188
-0.4475
0.1122
-3.6506
-2.9411
-1.9411
0.1290
-0.0945
-3.5704
-0.6118
-5.1699
-2.2590
-2.8542
-1.7338
-2.4386
2.0855
-1.6175
-3.5409
-1.3350
1.6409
-0.8045
-1.1396
4.1625
-1.8377
1.2163
-0.5519
-4.7696
-1.6624
0.0002
-0.6465
-1.0028
1.3236
1.1227
-1.2738
0.1592
3.0738
-3.2880
-1.8895
-2.3538
2.6800
3.3809
5.1363
-1.7864
-0.8166
-2.4509
1.0756
4.1751
0.6748
-2.7737
4.1373
-2.6917
-2.1139
-0.7543
0.4174
-0.3171
3.2389
0.1179
-2.9503
1.6751
2.8802
-0.6692
1.9063
-1.5137
2.1683
1.4172
1.6689
1.2805
1.2013
-0.7983
1.1934
3.6511
-0.6902
0.6933
-1.4669
-2.5300
-0.6552
1.1375
-0.9231
-0.1121
1.0397
3.0664
1.3258
0.9819
0.5577
-2.2318
-0.4383
0.2767
-1.9657
1.5188
-0.7653
-0.8847
0.4306
-1.0448
-0.0931
-0.3559
-0.3645
-1.2248
-0.8581
0.8159
0.0780
-2.0257
2.4366
-0.6154
2.4080
-1.4094
-0.8889
1.0200
0.2728
-1.1589
-1.1676
-0.3795
1.0365
-0.2621
-0.4978
-0.6066
-0.3274
0.3504
0.6458
-0.9244
-0.2975
-0.5874
1.3475
-1.3545
-1.6144
-0.6522
1.2217
0.7042
-0.3688
0.4745
1.9303
0.6586
0.7285
-0.4716
0.1019
0.3879
-0.4801
0.8589
0.7662
0.5084
-0.1268
0.4033
-0.0224
-0.0026
0.2368
-0.2856
0.0455
0.2728
-0.1009
0.3348
0.1032
0.0593
-0.0090
0.7630
-0.3283
1.0795
-0.1899
1.2245
-0.8481
0.4498
0.8465
2.6524
-2.4590
1.3122
0.5525
2.2794
-1.4542
-2.0757
-0.8256
-3.9321
0.3316
-2.1418
-1.8707
0.9271
-0.9572
-2.3637
3.5113
-0.0926
-1.2435
-1.4457
-0.9786
0.3636
1.1366
-0.7598
-3.5151
0.2593
-3.8515
4.2305
-4.0134
0.7024
3.4966
-0.4830
2.4684
5.9188
-0.2409
-3.9000
-1.8972
5.1412
-0.5738
-2.5185
-2.7756
-0.1605
-0.6830
-1.0171
0.8623
1.8697
-0.1556
0.3650
-0.0566
0.0625
-0.4273
-0.7047
0.0254
-2.5471
0.5407
-2.2334
1.3437
-0.2840
-1.4127
0.2921
-0.3991
-2.0413
-0.2006
-0.5326
4.5328
-1.6677
-0.0159
-0.6065
0.3749
-0.6024
-0.1626
-0.5042
-0.3125
0.1356
2.8434
0.1720
-1.1583
1.6508
0.5821
2.3140
3.1408
-1.6717
-0.0591
1.9193
-1.8152
-1.6136
-0.1031
-1.0181
-0.5880
-1.7562
-1.1469
-0.5626
0.5149
-1.0655
-1.4017
-0.2080
0.0583
-0.6926
-0.8579
-0.6743
0.2928
-0.2001
-0.2364
-1.3074
-0.3863
-0.2678
-0.6766
-0.6435
-0.0130
-0.0494
-0.2985
-0.4032
-0.4374
-0.6554
0.0667
-0.1649
-0.2801
0.1042
2.8389
0.7586
-0.2243
-0.7501
0.0181
-0.2208
0.8842
-0.8932
-0.4443
-0.4791
1.0731
-1.0898
1.4657
-0.2978
-0.2587
-0.1823
-0.3152
0.0996
1.7196
-0.3150
-0.0290
-0.4371
-0.3025
0.2364
-0.1168
-0.0838
-0.3226
-0.1244
-0.0157
0.0501
-0.0482
0.0181
-0.1916
-0.0583
-0.1402
-0.5972
-0.1496
-0.0072
0.0326
0.3957
-0.1463
-0.0295
-0.0098
-0.1735
-0.0540
0.0473
0.1295
-0.1755
0.0696
-0.0508
-0.0913
0.0078
-0.1632
0.1283
-0.4106
-4.8507
-0.4230
-1.4682
0.3253
0.1181
-1.2958
0.2126
1.1358
-1.0348
-0.1793
1.5379
1.9605
0.6046
-1.4808
0.0430
0.8698
-0.9927
-0.8247
2.5784
-0.7531
-0.4873
0.2644
-0.0952
0.1714
-6.0122
-0.5114
0.3868
0.7853
-2.6643
-0.1567
-5.7130
-1.8945
-4.2850
-3.1435
-2.0964
-3.3872
2.2685
1.9012
-2.2799
-0.1811
-2.7814
3.7472
3.1709
-0.9819
-2.5890
0.5916
0.2346
-3.1370
1.6115
-2.1766
-3.2654
3.8063
-0.6264
2.0888
-0.1184
0.2539
-1.9883
0.8597
-1.5220
2.9301
1.0632
0.1118
2.3859
0.3059
-0.4403
1.2745
-0.2177
-3.2831
-1.7791
2.4502
1.0947
-0.0353
-1.8211
-2.6666
0.9287
-2.5228
-2.4296
-0.1126
2.0598
-0.2800
0.3796
0.4096
1.3894
-0.7259
-1.9400
1.8183
0.9478
0.4790
2.1598
-0.6675
2.0838
-0.5171
-1.4472
0.5162
-1.0045
-1.7846
1.2900
1.5911
-1.6580
-0.9568
0.6524
1.4545
0.0372
3.7705
0.8608
0.3151
1.6628
0.1761
1.9588
-0.6271
-0.7882
0.1056
0.2842
0.3672
0.3178
-0.3376
-2.0314
-0.0960
-0.6908
-0.0668
-0.4132
-0.4292
0.1609
-1.2497
0.1767
-0.0949
0.4138
-0.0318
0.0651
1.6401
-0.2222
1.1957
-0.6216
-0.5379
-0.1749
-0.2196
0.3549
0.0746
1.7567
0.1842
-1.4847
-0.5187
2.7525
0.1571
0.7780
-0.6198
-0.1275
-0.6833
0.0046
0.0261
-0.0480
-0.5829
0.1857
-1.0382
-0.7773
0.1167
0.4020
0.0190
-0.5795
0.2594
0.3341
-0.4688
0.1885
1.2073
0.2168
-0.1052
-0.1437
-0.0578
0.3074
0.3023
0.1382
0.0719
-0.0769
-0.3563
-0.3942
0.3451
-0.5850
-1.1761
-1.1332
3.0678
0.2751
1.0155
1.7303
0.8218
-1.0157
-0.7742
-0.5135
1.0627
-2.6485
-1.5868
-1.0786
-1.4954
-0.1408
-0.8314
-3.0795
-0.8054
-1.1981
0.5055
0.2490
-2.3405
-2.4583
0.9092
0.4102
0.5851
0.2792
-0.7166


Weights 1->2:
-0.7573
-1.2236
-0.5866
-0.4790
-0.5982
-0.7006
-0.7150
-0.6800
-0.4817
-0.6238
-0.1919
-0.5250
-0.3405
-0.2518
-0.4141
-0.5637
-0.6499
-0.3191
-0.4548
-0.6774
-0.3772
-0.5548
-0.5582
-0.4172
-0.4716
-1.4379
-0.6202
-0.3771
-0.3120
-0.4349
-5.9182
-2.8833
1.0186
4.9651
2.1166
-2.9235
-3.3834
5.1844
1.7235
-0.6068
2.0991
-1.5718
-0.7404
4.8651
0.6348
-1.1653
1.9928
2.7450
-0.0378
0.8840
3.6267
0.9267
-2.1394
1.0250
1.8952
1.5601
-5.0975
3.6956
0.7864
1.8435
1.4853
2.1290
-3.4776
3.6593
1.3116
2.4733
0.8250
0.5181
2.1157
-4.6542
3.1566
-1.2909
2.1574
-2.1027
-0.5115
-6.5516
2.2269
0.5861
0.6939
-8.1819
-0.5834
3.5554
1.1180
-0.5681
3.9272
4.1535
1.0344
4.1207
-0.3175
0.4479
1.5520
1.4750
4.5667
-0.2909
-0.6628
0.8439
1.9983
1.4444
-5.0992
3.5510
-1.8866
1.1365
-1.8075
0.7088
-2.5221
1.0440
0.7419
-1.5003
-4.7452
4.2302
1.7360
-3.5845
-4.1848
-0.0380
-0.4913
3.6596
0.5064
-1.6315
3.5511
-1.0511
1.4328
1.9599
-1.8845
2.3330
1.0693
3.1997
-4.3331
-0.4806
-0.0721
-1.3393
3.7375
0.4382
2.0598
-0.5393
-0.8566
-2.0902
-1.7333
-0.8803
-5.3249
-3.7628
2.5504
2.6954
-4.1601
5.2714
0.3208
4.5714
-0.3718
0.9843
0.3601
1.7585
1.1474
2.1198
-0.1395
-0.7966
1.0329
2.8008
-1.2060
0.4553
5.1978
-2.6159
-0.2260
0.3661
3.8272
-1.0740
1.6583
-1.9792
0.3207
-2.4273
-1.8030
-2.3557
2.8993
-3.8214
-3.1624
1.8974
-1.2522
4.6502
0.6695
0.3339
-1.3183
1.3633
0.0772
0.3992
-1.5148
0.5618
0.5739
-1.1136
1.4039
1.1262
4.1598
-0.6548
-3.0067
-0.5198
5.7676
-2.3884
1.0632
3.1531
0.9908
-2.7856
0.1744
2.0420
1.7550
-3.1592
1.5241
1.9776
2.8195
0.0315
-0.3383
1.2716
-0.9393
4.1554
2.0617
2.1725
-4.7532
-2.4801
0.4319
1.4748
-1.5300
2.0101
-1.6673
2.2589
-1.5195
0.1441
0.7126
2.6394
0.5979
-1.8199
-4.8528
1.4476
-0.7121
1.0944
6.9461
-3.3951
-3.1229
-1.0597
-4.5201
2.6258
1.6781
-2.8002
-1.4075
-2.5075
1.0665
1.5525
-1.6064
0.3640
2.4978
0.5717
1.7440
-0.7259
0.7577
1.6401
1.5897
0.2598
0.6892
0.1445
3.2140
3.1113
0.8250
-1.8327
0.9612
0.1564
0.2733
1.6339
1.9456
-0.3569
-0.8823
1.7836
0.5950
2.3610
0.2152
-1.7570
1.5627
2.1758
-0.8889
0.6014
0.7483
2.4141
-0.0862
-1.4730
-0.6040
-1.0308
-0.7757
0.0747
0.3852
-0.1378
-0.0211
-0.0796
1.1318
-0.5025
-0.7240
-0.9070
-0.9546
-1.0762
-0.9469
-0.6537
-1.3036
4.1829
1.3221
-0.9375
0.6686
-0.2883
-0.3802
0.6925
1.1896
-1.7544
0.0414
4.8733
1.6570
1.0282
1.8013
0.8870
0.3408
3.0391
2.5314
-0.7018
-1.1391
3.0664
1.1776
-1.1943
-1.5388
-0.5724
-0.9894
-0.0729
0.3475
0.6974
1.0791
0.3213
1.8123
4.3298
2.0891
-3.0659
1.3429
2.1563
1.8000
1.2396
3.2245
3.4068
-1.0842
-0.6068
-0.2474
-2.3073
0.5845
-1.4557
0.2935
-0.4451
-3.8924
-4.1193
4.0631
0.2199
1.5161
-1.9615
1.4202
2.0761
-1.0159
1.0039
3.4069
3.1473
-0.3595
2.5259
2.8914
-1.2330
-1.4232
-2.4013
0.2731
0.9427
-0.6188
-0.9870
0.6557
-0.4443
-0.8949
3.4969
-1.6626
0.7334
-1.1569
0.1470
-0.6642
2.5513
0.0262
0.0090
1.3948
0.4446
0.6746
-2.3214
4.2464
-0.1104
1.1379
1.5609
2.1029
-0.5849
-0.1339
-0.6425
-2.3635
-1.4122
-0.1113
4.4195
0.7083
-1.5312
-2.4405
3.9258
0.7734
-0.4496
0.6231
-1.4269
-0.2173
4.3484
2.1133
-1.7984
0.5485
2.6538
-0.9583
0.5355
2.3310
0.5667
-2.4717
1.5355
1.3938
1.0303
-4.1915
2.5740
0.5335
2.1886
-0.0204
-2.7593
2.0653
0.8030
1.5277
1.6439
1.8094
1.3730
3.1122
0.5253
2.1670
1.8027
0.5016
-0.9725
-1.8217
0.4794
1.2834
-0.9156
2.1412
-0.1234
1.1650
-2.1390
0.5249
-3.6133
2.2222
0.1461
-1.0483
-0.3924
3.8757
-0.4850
0.1656
-0.0909
-0.2852
-2.3381
-0.7204
-0.9040
1.8394
0.1735
1.4583
4.1068
-1.1240
1.4176
0.7596
-0.0408
-2.6581
2.2236
-0.1120
-2.8125
1.8258
2.5218
-0.0003
-0.7948
1.9624
-1.6796
1.2497
0.0495
0.6763
-2.5578
0.8296
-1.0268
1.7099
2.1222
-0.1116
-0.1942
1.0914
3.9136
-1.6238
-0.3781
-1.0335
-1.2228
-0.8186
-0.3227
1.0671
-0.3828
-0.5358
-1.0546
-0.9659
-0.0723
-0.4957
-1.0209
-0.5675
-1.1453
-1.1111
0.0936
-0.6465
3.5566
0.5131
-0.5815
0.7164
-0.0584
4.1853
1.4926
-0.9410
-1.6526
4.4895
0.4420
0.9131
-0.7652
1.3058
-5.5062
1.6407
3.4254
1.0641
-1.2868
-0.1548
-3.0646
4.8562
-1.7368
-3.8936
-2.0231
-1.7239
0.7195
0.5580
3.3443
3.4297
-2.5108
-0.3740
-2.5900
4.3684
1.5713
1.6735
1.8338
-0.8727
0.3507
1.2901
2.6933
-1.2859
-0.0948
-0.1489
-1.0268
-0.3803
0.4056
0.5388
0.3254
0.0087
-1.4541
-0.2466
0.5051
-0.7266
-1.8005
-0.0612
-0.5364
-0.9882
0.2667
-1.2046
3.5189
0.1253
0.2862
0.8688
-0.1305
0.1576
0.0830
1.3445
0.2150
1.1113
-0.6673
3.6131
-1.3002
2.3440
2.4758
0.7704
-2.4493
-1.5195
-0.6294
1.1199
1.7419
-0.4021
-0.3168
1.8554
-0.1060
-1.5680
1.2607
1.0670
0.6647
-0.3389
1.9516
1.3100
-0.4170
-1.7629
0.2322
1.3508
1.7177
-0.6013
1.2946
0.7942
2.0743
2.2868
0.7685
-1.7732
0.1280
-0.1164
0.6926
0.1802
-0.3525
-0.7361
0.0138
2.6241
-0.5086
-1.7629
1.2141
-0.7749
-2.1941
-1.7180
0.1019
0.7705
2.3861
0.5186
-0.7443
1.1781
-1.7961
1.6700
2.2628
-0.4856
1.9481
1.5513
2.3552
0.5529
-0.2296
-1.8556
-1.8879
-0.3023
-1.0627
-0.3046
-0.2060
-1.3218
-0.9196
1.1153
0.4563
0.1799
-2.2073
-1.6255
-1.3994
1.6337
0.8034
-0.3750
3.2597
-0.9033
-0.6490
-0.6654
0.7567
0.7063
2.0237
1.9711
2.1392
2.1889
0.4704
1.7532
0.6812
1.8882
0.7007
0.4411
-2.1264
-0.6531
-0.4787
0.6267
3.1113
1.7458
2.4498
-1.5496
0.1497
-1.3438
-3.3651
1.3414
-1.0106
0.5689
1.4954
-0.5329
-3.5888
0.2619
-1.7797
1.6546
1.7227
-0.1709
-0.1128
0.5796
5.2250
1.6085
-0.2027
0.1074
-0.5525
3.2251
0.4646
-1.5653
-2.0193
-0.8875
-3.8453
-0.6853
-1.6609
0.6331
0.4324
2.3241
1.1323
-3.8652
4.6492
0.6130
2.6314
-0.7666
0.1117
1.4429
-0.3329
1.2780
1.6577
-0.9583
0.4861
1.3288
1.3791
0.0416
0.2918
-0.2091
-1.1263
-0.6805
-0.4461
1.0513
0.1076
0.1673
-1.3527
-0.0188
-0.8603
-1.0578
-1.9639
-0.8575
-0.3293
-0.6294
0.6143
-0.6650
3.6024
1.9138
-0.5214
1.2323
0.6148
-2.1935
-2.2044
0.0194
4.1142
1.0248
-1.7081
-2.9180
3.7163
0.1996
-0.3476
1.3873
-1.1154
-0.9404
3.7719
1.4600
-1.6813
1.3428
2.0950
-1.0183
0.2429
2.4939
0.8020
-2.0912
2.1141
1.3744
1.0632
-3.2290
2.7020
1.3220
0.9217
1.9976
2.2813
1.1306
-0.3202
1.8617
1.1139
-0.5483
1.1817
-0.1826
-0.1767
0.8610
-0.6277
-0.3477
-0.3282
0.7136
-1.2402
0.3260
0.5132
-1.2563
-1.0561
-0.1833
0.7056
-1.8712
-0.2857
-0.4505
2.5764
-0.3228
-0.9808
1.7715
-0.0377
-0.2175
-0.3692
2.1223
0.2029
0.5751
-0.2875
1.5080
0.6682
2.0923
2.2916
-0.2752
-0.6974
0.2932
0.3545
-1.2992
3.5561
-2.6100
1.6398
1.3672
1.5638
-0.6080
-0.9828
-0.4703
-0.7187
-0.5843
-1.7562
-0.3823
-0.2668
-0.5968
-0.8731
1.3994
-1.1444
0.7783
-1.5924
-1.0154
-0.6893
-0.9238
-2.4766
2.0637
-0.9850
-0.5942
2.8651
0.0330
2.0175
0.2617
2.3879
3.9347
1.8056
1.9779
2.6021
-0.0383
2.3764
-0.1325
-1.7071
-2.2906
-1.3372
-2.4232
0.4695
1.4719
0.1279
-0.9216
-2.1849
-0.3754
1.2444
-1.5627
-0.3295
2.8132
-1.0263
0.4436
2.3378
2.4301
-0.1087
-0.7740
0.1065
-3.9249
-0.5100
-0.4248
-0.5436
3.3668
1.0336
0.6497
0.1645
1.3960
-0.4675
1.8179
0.8287
1.6125
0.3170
0.4577
-2.4919
-0.1603
-1.4607
0.5734
1.6139
2.9262
-0.8639
1.1172
-1.7758
-0.5321
-0.2414
-0.9072
-0.4862
-1.6255
0.2887
-2.6980
2.1687
-1.6870
2.2888
1.3351
2.6474
-1.1494
1.7250
2.5187
-0.8568
-0.9205
-1.2456
0.9509
1.2785
0.7837
-3.0302
-0.4870
-0.4157
0.4747
-0.5421
1.2363
-0.3309
3.9775
0.9429
0.9939
3.0815
0.4474
-3.4831
-0.3682
-0.2004
0.6480
0.8224
-2.1893
-0.2443
1.8482
0.5416
-2.0727
1.3381
1.6684
-0.6254
-2.9289
1.0661
1.5559
1.6932
-1.3939
0.0158
-1.7280
-0.7663
1.4731
0.9027
-2.1606
-1.4647
-1.1567
-2.5613
1.5441
-2.8278
0.4509
-0.1387
2.3186
3.3495
1.1971
1.1116
2.9399
2.2301
3.8506
-0.5127
-0.5707
-0.5322
0.9995
-0.8179
-1.9541
-3.6176
1.0858
0.4651
0.0075
-1.4370
-0.9124
0.3869
0.5830
-1.7578
-3.1533
-1.6400
1.1237
-2.5343
-0.1162
2.5401
0.4291
0.2971
-1.1165
-0.4270
4.2040
1.4195
0.6986
-2.0369
0.4744
2.2004
-2.0753
-0.5143
1.8926
1.4899
3.2357
-0.5826
0.9770
1.7642
-0.2618
-3.1504
0.3408
-1.3542
0.4304
-2.7254
1.3010
-2.6588
1.0251
-1.6211
0.5716
1.1911
-2.7515
-0.4792
1.2586
1.5756
-0.0173
-0.7712
1.1732
1.2673
4.1613
1.4418
1.7511
2.3706
1.5722
-1.8504
-0.9372
-1.5036
1.0644
0.6970
0.9728
-0.3466
0.8902
0.8530
1.6329
-2.1795
1.0936
-0.5711
1.2052
-2.1722
0.0764
1.4844
0.2304
1.7686
0.4076
0.0205
-0.1783
1.6459
0.6865
-0.1420
0.3901
1.3569
-1.6968
1.4968
3.6695
0.7662
0.7605
0.2932
0.1994
-0.5418
-2.2887
-1.3096
0.9045
0.4969
-1.2085
-0.3133
4.3489
-0.5217
2.5392
-2.7726
1.0446
1.2393
2.2948
-1.4643
0.1139
-2.2543
-1.3382
2.5246
-0.2225
0.3307
0.5491
1.3554
-1.9747
-1.5938
2.0051
0.9774
-1.1923
0.5191
0.2902
-0.1968
-0.5927
0.0167
1.5928
1.9310
-1.4525
-1.2541
0.8087
1.3786
-1.8819
-0.9012
-1.5376
1.8553
-0.2888
0.2023
-0.1641
1.9148
-1.1854
-2.3752
-0.3857
2.5508
-1.0720
-0.1837
1.8446
-1.8016
-1.9708
-0.2137
-1.8294
2.6830
1.1481
-0.6037
1.5973
-1.5801
-1.3734
-1.2418
0.3547
0.8958
-1.7682
-0.1874
0.4621
-0.7046
1.4840
1.1110
-1.4249
-0.7826
0.8439
-0.6055
-1.4110
0.8539
1.4905
-1.3300
0.5309
3.4613
-0.3602
0.6915
3.2979
-1.5863
1.0359
-0.3641
-0.0939
-2.5419
0.6371
1.0588
1.2552
-0.9349
0.1732
-1.7608
1.5963
0.1629
2.1470
0.6959
0.5397
2.0061
-1.5273
0.7307
1.2712
1.0828
-0.5558
2.0188
0.3815
0.4591
1.8273
0.0666
-1.7927
-0.7079
1.0957
0.2630
2.0302
-1.0509
0.5088
-0.6883
-2.2188
-0.1082
-0.7939
1.0001
0.1159
0.1561
-2.3838
-1.6208
0.6411
-2.1659
-4.6605
2.8278
0.7858
-0.3337
0.3828
-1.7778
4.9566
0.5971
1.4049
-0.0474
-1.2585
0.4206
-1.6299
1.5134
2.9596
-1.9985
2.0640
-2.5965
3.0980
2.0700
-1.8317
-0.9390
-0.4862
2.8041
-0.3893
4.0886
1.8853
-1.3463
-2.5731
1.5669
0.5118
-0.0839
-0.6114
-1.1486
-1.0514
3.8067
-0.5438
-2.3789
0.2907
1.6062
-0.8599
-1.1931
1.5518
1.7560
-1.5594
0.0068
1.3719
2.0006
-3.1840
1.0059
0.4578
0.6973
-2.5672
-1.6399
-2.2758
0.7022
-2.3184
-0.9534
-1.7113
-2.7470
-0.2936
-2.5631
-1.6553
0.7632
-0.4173
0.9827
2.7742
1.6740
1.5238
2.4192
2.7680
2.4802
-1.8357
1.7893
1.7484
1.1191
-0.3620
-0.6537
1.3813
-0.5545
0.7842
1.2681
1.3817
1.5848
-0.9859
-0.1831
0.8037
1.5763
-0.6681
-0.0348
-1.0087
-1.3092
-0.5113
0.3838
-0.1564
0.9528
-1.0125
-1.1665
-0.2114
-0.9917
0.0847
-1.8909
-1.4204
-0.6874
-0.8986
-0.1726
-1.0092
2.6016
-0.2326
3.3656
4.0250
1.3134
1.1134
3.1885
-0.9201
-0.6280
0.1972
2.0510
-2.4212
1.8098
-1.7988
-0.9997
-1.1937
-0.8957
0.0830
-1.2043
3.3895
-1.6552
-1.0813
-0.0032
-0.9480
3.2665
-0.6222
-0.8090
-1.1898
0.0028
1.5930
1.8467
0.2211
-1.6066
-1.1217
0.5505
0.6908
-0.2669
3.0888
-0.5564
0.8972
-0.6277
1.7005
-2.4171
2.1320
2.7287
0.5920
2.0076
-1.6261
0.0816
-0.9005
0.8584
0.3773
-0.6955
0.7288
1.0429
-2.4072
-0.8606
-0.8979
-0.2138
0.5130
-0.1649
-1.5668
-0.8364
0.6967
-1.8204
1.2121
-1.0789
0.1027
-3.4870
-1.2516
-0.6283
1.0047
-0.0553
2.6098
-0.9196
-1.8749
1.4481
-0.2263
-0.4704
-0.6847
-0.3206
0.2899
-0.9610
2.4507
3.2955
-1.3280
-0.2634
3.2089
0.2311
-0.1743
-2.4082
0.1178
-0.6800
-0.8892
1.2274
0.3242
3.9937
-1.5236
1.1882
-1.1754
0.7536
-2.1992
2.3190
-1.5491
-1.9235
-0.8061
-1.9353
0.2983
1.4175
0.2595
-1.5247
-1.0038
0.1276
-1.0811
1.4997
0.9033
-1.1579
-0.4779
-0.3074
-0.3545
1.4240
2.6017
-1.1247
-1.5694
1.5944
1.0331
1.1349
-0.8397
-0.4398
0.1546
2.5330
-0.8124
-1.0331
-0.8494
-0.8067
-0.4579
-0.2393
-0.4736
-0.5867
-0.5160
-1.0585
-0.4593
-0.0697
-0.5362
-1.0810
-0.7005
-0.9914
-0.9705
-0.0877
-1.0852
3.0276
-0.4568
-0.5194
0.2439
-0.5100
-0.6871
-1.2913
1.0747
0.5265
0.6797
-0.6269
1.9083
-1.9891
0.1295
1.6741
-0.6873
0.2504
1.3769
1.0313
-0.6900
0.9931
1.0364
1.9991
0.4842
-0.1684
-0.2785
-2.3581
2.1883
-0.8895
2.3123
-2.1110
1.2998
-2.3057
-1.2223
0.5634
-1.4583
-1.9739
-0.4838
1.0271
-2.6038
-1.8361
-0.8387
-2.8356
0.2631
0.8655
0.3947
2.5434
-0.0840
-1.8746
3.3211
2.7470
0.6518
1.0697
0.6281
-0.0096
-0.1746
-1.7721
1.8163
1.9720
1.4201
-3.2513
0.1008
2.4154
-0.5484
0.3428
-0.2672
1.9468
1.0204
1.1508
-0.6974
-0.9253
0.7948
-1.7984
-0.7542
2.3905
0.6634
1.1194
-2.2214
0.6229
3.8406
3.3187
-2.4225
0.9708
1.1708
0.4545
-0.7852
1.4004
0.0223
-0.5734
-1.1643
-3.1524
-1.3652
2.1130
0.6788
-1.1181
-2.1769
-0.8961
2.4286
-1.6320
1.2022
-0.4947
2.8403
-0.3464
0.4520
2.6500
-0.7713
-1.3043
-0.6886
-0.5689
-0.5937
0.6085
-0.2236
-0.6046
3.3255
1.1196
-0.2328
-0.0494
1.0837
-0.5157
1.3864
-1.3126
-0.6597
-1.5037
-1.7121
1.6178
-1.0057
-1.8504
0.5907
-1.3071
-0.0908
0.1429
-0.1175
1.0931
0.0867
-0.3467
-0.6443
0.5907
0.8853
-0.3155
-0.8974
3.6613
-1.0974
-0.8487
2.2184
0.6209
-0.3929
0.4498
2.0685
-0.1788
1.4234
0.2651
-0.9839
-0.3187
-0.0548
-0.7051
1.0281
-0.6019
0.8461
-1.0392
-1.6214
-0.9927
-0.6707
-1.8137
1.0569
0.5614
0.0190
0.3977
-0.5060
1.1631
0.9895
0.0666
3.9481
-0.1865
5.8329
0.8518
-1.8817
-0.7950
0.4432
0.3750
-0.9614
-2.1784
-2.3790
2.4677
-1.4199
0.2961
1.4987
1.8302
0.6986
-2.1632
1.3701
-0.2465
0.0258
1.3589
3.4874
0.2852
-1.2310
-0.3458
-0.9617
-0.6795
2.1568
2.2726
0.3625
-0.5538
0.0117
0.9237
-0.6073
1.6429
1.4033
0.9436
-0.7166
-0.2583
-1.7726
-0.7264
-1.5518
-0.6514
-0.0612
-1.5494
-0.6771
-0.8209
1.7417
-1.1367
1.0679
-1.6942
0.1555
-0.4721
-0.3784
2.6949
-1.4629
-0.5942
-1.7666
1.8539
-1.5550
0.2246
1.6623
1.0912
-0.3916
1.6559
2.9669
-0.7734
1.5463
-0.5910
-1.6861
-0.4975
2.0178
-1.1887
2.2084
2.5048
-0.6538
1.2947
-0.1572
-1.1079
0.8988
-1.8549
1.5777
1.5611
1.7108
0.4616
-1.4900
-2.8694
2.7472
0.9939
-2.4631
-1.7790
-1.3536
-0.7812
-0.5673
0.9646
0.8942
-0.5365
-0.2110
0.8632
1.6568
1.6992
0.9288
-1.3292
-0.2246
0.7092
0.1372
0.7697
-0.1360
0.7172
1.6875
-0.8703
0.8527
2.0611
-0.2538
-0.4359
-0.3076
0.1566
0.1500
1.8717
-0.8135
0.4999
-1.1126
1.3541
0.7026
-2.4799
1.1608
-0.3183
-2.6608
1.2786
1.4194
-1.1067
-0.2483
1.2033
-3.0531
-1.3922
0.8236
2.3300
-1.7191
-1.0805
1.2529
-1.6004
0.0901
0.4140
-0.3662
1.1614
-1.0748
0.0525
0.7981
2.0978
0.1176
-0.5993
0.2487
0.2570
1.2877
1.2481
1.9458
0.6197
0.4831
-0.7735
-0.4301
-1.0871
1.2834
0.6604
1.3577
-0.1636
1.6506
-1.5313
-0.1672
-0.3352
1.3228
-1.9881
2.8635
1.6226
1.6808
1.5460
-1.3826
-0.7625
-0.9269
1.3090
0.6092
-0.4249
1.4593
1.3873
-1.8311
0.0352
-0.2805
-0.2413
0.1761
-0.7559
0.3090
-0.8968
-1.0224
-1.5707
0.0896
-0.0813
0.7510
-0.8889
-1.1493
-0.8843
3.6250
-1.9032
1.9353
0.9604
-0.2378
0.7195
-0.5018
-0.6827
0.0041
-0.0415
-0.8553
-1.0344
1.8428
0.9583
1.1105
0.7227
0.3708
-0.0876
1.1540
-0.6174
0.3797
0.0591
-1.0798
-2.1110
0.9053
-0.8834
0.5413
-2.3502
-1.1332
-1.0424
2.1515
0.7041
0.6151
1.3458
2.3620
0.7518
-0.2563
-0.4741
-0.9380
-0.0065
1.5361
-0.5313
-0.2512
-1.3076
-0.0032
-0.4384
0.7152
-0.1464
0.6335
-2.7052
2.8518
-1.3122
0.6565
0.7287
-2.0820
-1.4089
-2.5166
-0.2644
-1.2263
-0.9524
0.5702
-1.3749
-0.7324
2.4658
0.0888
1.9255
1.9033
1.5031
1.5024
1.6054
-2.6590
0.9222
-0.3064
0.6473
0.4075
-0.4156
2.3779
0.8372
-0.5771
-1.0788
1.1216
-1.0101
-1.2426
-0.3325
-0.1406
-1.5514
-0.0711
-0.2786
-1.2717
-1.3401
3.0556
-0.1739
-0.9182
1.9770
0.3386
0.6520
0.1340
-1.3927
0.7720
0.7496
0.3659
-0.7246
-0.9489
-0.4646
-1.9493
-1.5544
1.3673
-0.4947
0.3547
-2.1498
3.2305
-1.6408
0.8708
1.2328
1.6440
0.8155
-0.1010
-0.4644
-0.4793
-0.6245
3.3973
-0.9516
1.6500
1.5415
-1.1823
0.6481
0.3637
-1.4955
-0.9892
-1.3274
-0.9554
-0.4506
0.0012
1.2655
0.3548
-0.4792
0.8063
-0.8504
-1.1210
-0.8253
0.8654
0.2482
-0.5640
1.1955
0.4451
3.0936
0.2830
1.4384
-0.9262
0.1383
-1.5903
1.4999
-0.9868
-0.6243
-0.2269
-0.3948
-0.3520
0.5629
0.6915
0.0884
-0.1481
0.0279
-0.7289
0.4563
0.3251
-0.1317
-1.1234
-0.1664
-0.0852
1.2786
0.5062
-0.2132
-0.8625
0.7924
-0.7323
-1.6526
0.2904
0.2927
-0.5382
-1.1100
1.9550
-1.3694
2.1362
1.3767
1.2437
-0.3475
0.3616
0.1736
-0.8312
1.6591
-0.6756
0.3570
-0.3015
0.6292
-0.6714
-0.3137
0.9460
-0.8458
0.6394
-2.0445
2.1846
0.4918
-1.5223
-0.9361
-2.9843
-1.2384
1.6813
0.4477
-1.1662
-1.2252
-0.0929
-1.7019
-0.0282
1.2577
1.3234
0.7379
-0.3170
0.3757
-1.1719
0.3304
-0.8979
0.6147
1.4952
2.8415
0.4356
1.3356
0.6875
-0.5351
1.9663
-0.4450
0.2366
0.0102
-0.4367
0.1556
-0.6772
-1.2584
1.9514
-0.6907
-0.8543
-0.5137
3.3626
0.3400
-1.1892
1.9562
-0.0844
-0.0415
0.1297
-1.4635
0.1611
1.2590
-0.1310
0.4407
0.9019
-0.5068
-0.4799
-1.8599
1.6191
-0.9660
0.0425
-1.3739
1.2535
-0.8100
0.1195
0.2171
-0.3571
4.4181
-0.4981
0.9696
-1.8181
0.9860
0.2252
1.4449
-1.1250
-0.5126
-0.0384
-0.8739
-0.5134
0.2196
1.1540
-0.2604
-0.8612
0.3143
-0.4181
-2.0661
2.1730
-0.5665
1.2520
-0.3907
-1.0672
0.1295
0.7572
-0.6346
-0.9464
0.7347
1.6532
-1.8917
1.3681
-1.4773
-0.5730
-1.2896
2.2853
-0.2467
-0.7556
0.4852
-0.0398
-0.3427
-0.5098
-0.7463
-0.9792
2.7905
1.7610
-0.6593
-1.2035
0.3284
0.0905
0.9976
-1.5529
-0.5759
0.5931
-1.3433
1.2287
-0.7376
-0.9033
0.0107
-0.4038
-1.1548
3.4659
-0.2535
-0.2261
-0.7924
0.6449
-0.7055
-1.6996
2.1412
0.7353
-0.2166
0.3724
0.3781
-0.3354
1.2310
-1.2782
-0.2870
-0.6714
0.1680
-0.9830
0.3610
1.5208
-0.2226
-0.2302
-1.6666
1.0244
-0.7793
0.2665
-0.9608
0.2397
-1.4065
-0.5293
0.4191
-0.7350
-1.4121
1.5905
-0.9079
-1.2100
0.2418
-0.2151
2.1184
-0.0524
-0.6108
0.2548
0.7451
2.2572
-0.6607
-1.1505
0.5321
-0.5910
0.8975
1.5309
-0.5768
1.0738
-1.9814
1.4745
-1.0399
-0.1529
-0.6997
-0.1858
-1.0018
-0.7040
1.0223
2.7153
-0.9032
1.1403
-0.3582
-0.0433
0.9245
0.9919
-1.1221
-0.8263
-1.0842
-0.5076
2.4445
2.0966
2.6164
1.2223
1.2698
-0.1342
-1.5592
0.1012
0.9940
-0.8201
-1.6446
-1.7463
-1.4048
-0.6319
0.2364
-0.3297
-1.3728
2.6697
-1.1346
0.4245
-0.5735
1.3925
0.3165
0.3562
2.3172
-0.3188
1.4803
-0.5762
-0.7370
-0.6808
0.1189
-0.0973
-0.4023
1.7867
-0.2536
-1.8638
-0.5407
1.0878
-0.2673
-0.7073
-0.8818
2.2935
-0.4643
0.5696
-0.1683
-2.0953
-2.4043
-1.0064
3.9796
-0.3611
-1.1998
-2.5727
2.8639
0.0319
-0.4344
0.4462
-1.0710
-1.6316
3.4276
1.2693
-2.0036
0.6223
2.3440
-0.1440
0.2135
2.0519
1.6116
-2.4417
0.0779
1.0947
1.2053
-2.8347
2.2740
1.4377
-0.8687
1.6963
2.3514
-0.7028
-0.6636
-0.0897
0.8950
-1.5726
0.5803
-0.8502
-0.9536
-0.7054
-0.6367
-0.3890
-0.2342
-0.1561
0.3155
-0.2680
0.1309
-1.1127
1.0820
1.7328
-0.5015
-1.3966
0.0022
-1.0554
1.0516
0.7782
0.2619
-0.3145
-0.6578
-0.3526
-1.7371
-0.7374
1.0967
-0.2859
-0.1616
-2.6661
3.9266
-1.8123
-1.3097
1.2778
0.6993
0.3075
-1.8746
-0.5721
-1.7076
0.7352
0.8003
0.0052
0.0738
0.3926
3.1653
-2.1357
0.0106
-1.3502
-0.9892
-0.4368
1.5994
-1.4964
2.1421
1.5617
2.1064
-0.7918
-0.6355
0.3701
0.4591
-1.0109
2.1743
-0.7006
-0.7436
-0.4578
-0.6025
0.2781
0.1929
0.0784
-0.8926
-0.5571
-0.2344
-0.5888
-1.1185
-0.5858
-0.6738
-0.9798
-0.0045
-1.0311
1.2586
-0.2878
-0.6753
-0.2355
-0.1101
-1.1731
3.3522
0.9122
-0.9831
-0.3142
2.4231
-2.2998
0.1916
-1.2172
-1.5066
-0.3887
1.5822
-0.0607
-0.7769
-1.1328
0.5010
-1.3945
-0.4699
0.0572
-1.2616
-0.3683
-0.5399
-1.7660
-0.0019
0.7200
0.7485
2.0383
0.6026
-1.0966
3.4051
0.8574
-1.4392
-0.6828
-0.3764
-0.1450
-0.9353
1.1696
-0.9983
1.9609
-0.2677
-0.0400
1.8872
-0.8098
0.3014
-0.2786
-1.0601
-0.2262
-0.7878
-0.8570
2.4020
0.0521
-0.6681
1.3991
1.0798
0.0471
-1.6632
0.2842
-0.6302
-0.9275
-0.9710
-0.5705
-1.0034
-0.6823
2.5915
-0.8766
-0.4391
1.0753
-1.0491
1.0753
0.7988
-0.6447
-1.5183
0.8282
0.9178
-0.2859
1.4319
-0.0375
-0.2494
1.4507
0.4040
-1.9863
-1.4247
2.1280
-0.2148
0.4330
-1.4789
1.0917
-0.2278
-0.9525
-2.4932
-0.1867
0.4248
-0.4899
0.2472
0.3305
0.0023
-1.1450
2.8095
-0.9412
-0.8483
0.5755
0.1388
0.1826
-1.0082
-0.2316
-1.2160
1.1357
0.2182
-0.5120
-0.8037
0.1708
2.6740
-1.5546
0.2393
-0.5935
1.9307
-0.4498
0.3360
-0.0546
0.5122
0.7433
-1.2591
0.3596
-1.5112
-0.3311
-0.6935
-0.3749
-1.8529
-1.1488
-0.7716
1.6171
-0.5001
-0.2869
-0.9633
-0.3315
2.8453
-1.3055
-0.1797
-0.0781
-1.8720
0.1378
0.0045
0.3265
-0.1813
0.1046
-2.1859
2.5792
0.3798
-0.3951
0.7185
-1.1879
1.4037
-0.8700
-0.8413
-2.2180
0.0229
1.9572
1.3814
-1.8799
-1.5889
0.4184
-0.7774
-0.1723
-0.8353
0.6064
-1.3591
-0.4425
0.5518
-1.5956
-1.1198
3.9211
-0.3902
1.8492
-0.9868
-1.3547
1.8140
-1.4354
-1.2030
-0.7015
0.0005
2.5346
1.5011
1.0533
2.0860
-0.4339
-0.0354
-1.7924
1.9117
-0.6961
-0.0708
-0.5263
-0.4364
0.2274
-1.5268
-1.0975
-0.7277
-0.3399
0.0047
-0.8621
-0.8328
-0.6500
-1.7636
-0.7783
1.8159
-0.8211
0.2797
1.8245
-0.4320
-0.3813
-1.5682
0.7970
3.3046
-0.5669
0.1629
-0.2981
1.3734
-0.3941
1.0627
-0.8231
-0.5977
-0.2462
-0.4193
-0.0692
0.2264
-0.1745
-0.3408
-0.7091
0.3749
-0.1303
-1.5229
0.9743
-0.4829
0.6701
0.0134
-0.9994
0.3050
1.1247
-0.6162
0.0290
-0.3397
-2.8264
-3.1669
-0.6279
2.2954
0.0732
0.6645
-2.5029
2.2102
0.2632
-0.7187
1.7824
-1.0922
-1.3695
3.8337
1.8010
-1.7235
-0.2216
0.5036
-0.4262
0.1864
1.6631
0.4748
-2.5277
1.6882
2.0857
0.3652
-2.6618
1.6881
1.5998
0.6173
-0.0642
0.6334
-0.5377
0.2805
1.7413
-0.1585
-1.3607
2.3030
-1.0131
-1.0512
0.3500
-0.0720
-0.1519
-0.5236
-0.4463
-1.0818
0.0211
-0.4483
-0.4938
-0.4185
-0.2309
2.4879
-1.2648
-0.0645
-0.7972
1.6774
-0.3398
0.3333
-0.1163
0.8638
-0.1269
3.0691
1.3468
-0.8831
-0.6102
1.0163
0.4877
0.9824
-0.7693
0.9912
0.0096
-0.3650
0.4172
0.5581
0.2637
-1.2870
-0.3642
2.0024
-0.6578
-1.2371
0.3338
-0.5619
-1.4514
-0.0903
-0.4190
0.4371
-0.7331
0.0791
0.0587
0.4318
0.8089
0.4729
-0.7278
-0.3832
-0.3982
0.7620
-1.0433
1.6474
-0.5909
-0.6937
0.1824
-0.0605
0.2079
0.4160
0.8832
-0.9146
0.4632
0.3630
-0.8016
-0.8019
0.1092
0.9824
-1.1471
-0.0478
-1.0257
1.5774
-0.6187
0.1080
0.1308
1.0586
1.2220
1.5705
2.2042
-2.3699
0.6283
-0.1631
-0.5826
-1.1894
-1.5020
-0.9706
-0.9529
-0.4676
-0.0922
-0.5849
-0.5433
-1.1429
-0.9489
-0.6631
-0.1843
0.0415
1.8849
-0.7877
1.9882
-0.2246
1.0984
-0.2241
1.1076
1.1642
-0.6144
0.6301
1.4290
-1.1500
1.0678
-0.7361
-1.1723
-0.6204
2.2324
0.8184
2.5458
0.4356
-1.4150
-0.9053
0.6745
-0.2753
-0.3194
0.7299
-1.7460
0.2948
0.0105
0.9119
0.4130
-0.3721
0.8828
0.1164
-0.7049
-1.6824
-0.3740
0.5695
-1.3893
0.5117
-1.0648
-1.3713
-0.6117
-0.6618
0.2203
-0.9511
0.2756
0.0542
-1.4579
-0.9310
-0.3470
1.4812
0.2644
0.1673
0.4413
0.3393
-0.1241
0.3229
0.1520
-0.2541
-1.3934
-0.5892
2.1140
-0.4983
1.2136
-1.7513
2.4406
-1.4626
0.0364
1.2494
0.5765
0.2467
-0.5896
0.9752
0.9387
0.5169
-1.7782
2.5605
-1.0449
-0.8711
0.4675
-0.1005
0.1127
-0.9833
-0.5093
-0.7600
-0.0085
-0.1155
-0.4644
-0.9965
-0.2237
2.4846
-1.2166
0.0878
-0.1781
0.6944
-0.2338
1.4980
-0.3741
1.7436
-0.8718
-1.0340
0.0462
-1.4031
-1.1316
-1.1552
0.7204
-1.5726
-0.2076
-1.5208
-0.6721
0.5442
1.6006
2.8290
1.2812
-0.7326
-0.1751
-1.5972
2.0001
-0.5645
2.8489
3.0712
0.3446
-0.6892
0.1063
-2.2610
0.8596
-1.0887
-0.6803
-0.7265
-0.6810
1.2706
1.5802
-0.5704
-0.4087
1.3099
-0.4815
3.3772
-0.6439
-0.3211
-0.0502
-0.9028
-0.1887
-0.7245
0.8746
-0.1600
-0.0637
0.8809
-0.7831
0.3884
-0.0825
-0.9716
-1.3112
0.0806
-0.2550
1.3611
-0.8492
0.1927
0.1472
0.0686
-0.2888
0.0358
-0.6924
0.4739
-0.4277
0.0734
-1.2606
2.4692
-0.3006
-1.1489
1.0325
-0.0570
0.1134
-0.5447
0.9579
-1.2093
0.5754
-0.1802
-0.6430
-0.6543
-0.1663
3.0555
-1.4858
0.0850
-0.8778
1.1268
-0.2521
-0.0583
0.0012
0.6691
-0.7716
-1.2072
-0.9834
-0.3775
-0.1133
-0.5158
0.6834
-0.2504
0.5520
0.5788
-0.7528
-0.2910
0.6815
0.7019
-1.2719
0.8041
-1.4796
0.5317
1.1832
1.0332
1.1159
0.0282
2.5737
-0.9165
-2.2578
-0.7264
1.0117
0.5963
-0.5380
-1.1361
-1.2177
-1.4174
0.7889
0.5601
-0.2060
-0.7963
-0.4400
-0.2877
1.0462
-0.1780
-0.0658
1.8679
-0.7250
0.7549
-0.4491
0.3720
-1.5650
0.6861
0.3321
1.6974
0.5731
1.8388
0.4313
-0.3906
-0.3027
-1.8913
0.8586
0.0316
-0.5749
-0.4447
-0.1913
0.3231
-0.6055
0.1208
0.2478
0.0799
-1.4424
3.3218
-0.9059
-0.8525
0.3950
-0.0354
0.4744
-1.1638
-0.0126
-0.9696
0.3735
0.0777
-0.6752
-0.3734
0.0020
2.4083
-1.2492
0.3312
-0.8617
0.2464
-0.5967
0.6442
-0.0321
1.0272
0.1717
-1.6731
-1.6750
-1.6294
-1.1356
-0.8160
3.0448
-1.4911
-2.2233
-0.4951
-1.3467
2.1378
0.0910
-0.6623
-0.9731
2.6225
-0.1536
-0.6584
-0.5471
-1.8573
0.9564
0.5977
0.6766
-0.4558
1.4514
-1.0990
0.0680
-0.5637
0.3949
0.0371
-0.3428
-1.2561
0.9771
0.6270
-0.4965
-0.8478
-0.5405
-0.4940
-0.0079
0.7683
-0.2343
0.5862
0.8163
0.5638
0.1772
0.8370
-1.3282
-0.6068
-0.1169
1.5932
-1.2930
1.1042
2.1613
-0.0137
0.9314
-1.9024
-0.1820
-0.4734
-0.6833
0.0613
0.0891
-1.5957
-1.0426
-1.0101
-0.3014
-0.7607
-0.4500
-0.8292
2.5037
-1.0051
1.9645
-0.8466
-0.2990
1.4737
0.0089
1.1033
-0.6449
-0.1589
-0.3610
1.2434
-0.4907
-1.0535
0.4179
2.0291
0.4553
-1.8268
0.9999
-0.0519
-0.9275
1.4700
0.6830
-1.3747
0.9761
-0.2174
-0.6788
-0.5783
-0.9945
-0.5886
2.3427
-1.1122
-0.7279
-0.8491
-0.4235
0.5082
0.4075
-0.5291
-1.2037
-0.0878
1.1428
2.7877
-0.0380
-0.8500
1.3470
1.1765
-0.3427
-1.7767
-0.8884
0.5439
-0.7271
0.6696
-1.4069
-1.3525
-0.5962
2.6575
-0.2877
-0.1824
-1.9661
2.4734
1.0328
-0.4539
0.0674
0.1223
0.3447
2.7464
0.8768
-1.4477
-0.7174
1.3287
-0.5697
-0.2663
0.3970
1.1387
-1.7032
0.3342
1.3846
-0.4253
-1.7759
0.5716
1.2797
-0.0483
-0.4728
-0.7458
-0.5189
0.3565
0.4055
-0.3354
-1.4833
2.8111
-0.5048
-1.1528
0.9753
0.1915
0.0813
-0.5433
0.7405
-1.1929
0.2898
-0.0647
-0.6541
-0.4130
-0.3021
2.7729
-1.4265
0.1532
-0.7218
0.8052
-0.9830
0.0200
-0.0854
0.8897
-1.1048
0.1398
-0.1764
0.0491
0.3496
-0.1671
-1.1527
2.5794
-0.5534
-0.8815
0.4931
0.1476
-0.0757
-0.1863
0.4048
-0.7644
0.1020
-0.2019
-0.5773
-0.4660
-0.3211
1.8569
-1.0030
0.0943
-0.5441
1.0147
-0.5651
0.0704
0.0616
0.8807
0.5683
1.8544
-0.5553
-0.0476
0.3249
1.0638
-1.0660
0.4884
-0.7562
-0.6744
-0.4022
-0.3543
0.0299
0.9055
1.4609
-0.9380
-0.5280
-0.1261
-0.5440
-1.1562
-0.4744
-0.2449
-0.8160
0.0679
-0.5814
0.0238
0.6025
-0.4229
-0.2015
1.2028
0.3158
-1.2731
0.0775
-1.2161
-1.1111
-0.5124
0.9501
-1.0642
0.3507
0.3748
0.4778
-0.2723
-0.3048
-1.1184
-0.1104
0.5601
0.4055
0.2209
-0.6145
-0.6877
1.4435
1.1653
1.3977
-0.2455
-1.3015
-1.8218
0.4019
-0.4556
1.7581
1.5348
-0.8650
-1.1622
-0.3796
-0.3470
1.4770
0.0527
0.3116
-0.6707
0.5623
0.9656
-0.0043
-1.1033
-0.6020
0.2609
-0.0152
1.1220
1.4464
0.0372
1.1693
0.0364
-0.7219
-0.0883
0.7817
-0.0670
0.4300
-1.1059
-1.4507
-0.8568
-0.0731
0.7061
-1.0382
0.2662
0.2833
-0.0258
-0.4514
2.0778
-1.2826
1.8534
0.0459
-0.4315
0.4308
1.5830
1.1229
0.6940
0.3784
-1.0308
-0.0723
0.2593
0.9994
-1.0785
0.4232
-0.1298
-0.4088
0.7224
0.9430
0.4280
-1.1213
0.1019
-0.1176
-0.5434
0.1942
1.1889
-0.5102
-0.3366
-0.7077
0.1773
-0.7683
-0.0975
-0.4737
-0.6990
-0.3711
-0.1923
-0.2980
-0.1169
-0.3901
-0.7618
-0.3273
-0.0665
-0.6437
-0.9290
-0.4641
-0.7841
-0.9545
-0.4930
-0.6631
0.7854
-0.0820
-0.4268
-0.2907
0.0199
-1.1816
-1.3498
-0.8503
1.1648
-0.7433
-0.3588
0.7228
-0.3553
2.4193
1.4760
-0.4886
0.1400
-0.3843
-0.7261
-0.4145
1.3138
0.1366
0.0847
0.1124
-0.8933
-0.8008
-0.6357
-0.4797
-0.3790
-0.7752
-1.6532
-1.1306
-0.6408
-0.7141
-0.7147
-0.9073
1.6842
-0.5507
0.0511
0.9190
-0.1325
0.4831
-0.1318
-0.3400
-0.3424
0.1163
0.4034
-0.1327
-0.2602
-0.2154
-0.5777
-0.3580
-0.1560
-0.5453
-0.6332
0.6764
-0.7034
-0.5997
-0.2148
-0.1426
0.3290
-1.0634
0.8577
0.1917
-0.0435
0.2444
1.9102
-0.2307
-0.0326
-0.2745
0.4291
-0.8323
0.5024
-0.5554
-0.6669
-0.0831
-0.2493
-0.0475
0.4426
0.3831
-0.5020
-0.2716
0.1539
-0.3316
0.0284
0.2543
-0.2667
-0.7506
0.0881
-0.1874
-0.0742
-0.0838
-0.2234
-0.1742
0.3458
0.0492
-0.4837
-0.5869
0.3971
-0.0495
-0.0075
-1.3381
2.7577
-0.5932
-0.7819
0.3399
0.0316
0.0672
-0.3944
0.1223
-1.0108
-0.0712
-0.2530
-0.4081
-0.5345
-0.5349
2.6028
-1.0884
-0.0158
-0.4899
-0.1090
-0.5589
0.2307
-0.0803
0.6564
0.9462
0.3810
-0.6876
0.1196
-0.6285
0.2481
-0.8685
-0.1916
-0.6510
-0.6861
-0.3885
-0.6109
0.0571
0.3097
-0.4198
-0.6847
-0.6992
-0.4755
-0.1311
-0.9608
-0.4733
-0.5552
-0.4147
0.0125
-0.3434
0.8444
-0.5517
-0.3711
-0.0096
-0.4538
-1.4636
-1.6100
0.4187
-1.0886
-0.6915
-0.6208
0.0344
-1.2113
-0.8832
-0.0847
-0.7487
-0.1730
-0.2735
-0.3731
-0.2965
1.8786
0.1617
-0.1904
0.1964
0.8998
-0.3546
-0.2179
0.0169
-0.4715
2.1702
-0.9090
-0.4092
-0.4294
0.4797
1.3859
-0.4221
-0.6228
-0.3922
-0.2444
0.1992
0.1188
-1.0949
2.8347
-0.6450
-0.8374
0.1793
0.0461
0.1029
-0.5822
0.1506
-0.9171
0.4490
-0.1397
-0.4921
-0.3962
-0.0543
2.2914
-1.0996
0.0199
-0.8451
-0.3400
-0.3923
0.5457
0.0574
0.8956
0.6057
-1.4009
1.3950
0.8696
-0.3675
-0.6365
-1.4771
-0.7691
-0.6969
-0.7672
-0.3619
-0.9808
-0.2141
-0.8755
-0.4256
-0.3658
-0.3865
-0.1503
-0.4693
1.7810
0.3717
1.5164
0.0206
-0.3401
-0.2760
-1.7178
-0.2383
0.5037
-0.4277
0.8594
-0.2837
1.4381
-0.4863
-0.6077
-0.5151
0.2311
-0.5710
-0.6702
-0.7641
-0.6450
-0.2996
-0.3721
-0.3250
-0.3289
-0.4460
-0.8453
-0.4533
-0.1877
-0.5285
-0.7737
-0.4909
-0.5282
-0.5453
-0.1361
-0.6631
0.2015
-0.6938
-0.4611
-0.4476
-0.3626
-0.0557
1.3083
-0.4516
-0.3131
-0.4781
0.2969
-0.6275
-0.0770
-0.6358
-0.7119
-0.3464
-0.4435
-0.3849
0.5040
0.5784
-0.5898
-0.5752
-0.3002
-0.6068
-0.7527
-0.3869
-0.1168
-0.8122
-0.2655
-0.4422
-0.4340
0.2374
-0.3745
-0.3316
0.4491
-0.1025
0.9533
-0.4219
-0.5016
-0.0973
-0.2650
-0.6797
0.4044
-0.4165
-0.7085
-0.2026
-0.3471
-0.3448
-0.3544
-0.2179
-0.7669
-0.3286
-0.2324
-0.6545
-0.6664
-0.4212
-0.1600
-0.6734
-0.2454
-0.4576
0.0909
-0.5937
-0.2581
-0.1087
-0.2588
-0.0888
-0.0742
-0.1578
0.3369
-0.3383
0.1141
-0.4308
-0.3020
-0.5407
-0.4927
0.0719
-0.1983
0.0313
-0.1492
0.0782
-0.1937
0.1357
0.1711
-0.1582
-0.5853
0.8681
-0.1527
-0.2351
-0.1658
-0.1140
-0.4100
0.3155
-0.2076
-0.2562
0.3770
1.0197
-0.1941
-0.4481
-0.2938
-0.5265
0.3000
-0.7307
-0.4957
-0.6066
-0.6063
-0.3809
-0.2633
-0.2678
-0.2559
-0.1034
-0.7253
-0.3090
-0.3193
-0.4579
-0.6896
-0.3420
-0.4079
-0.8191
-0.3266
-0.4689
-0.0940
-0.0649
-0.4092
-0.3184
0.2471
-0.2028
-0.1175
-0.4754
-0.5597
-0.4144
-0.4442
-0.7067
-0.7316
-0.4276
-0.7083
-0.3753
-0.3139
-0.4783
-0.6358
-0.4892
-0.8212
-0.4859
-0.1452
-0.6322
-0.6043
-0.3482
-0.5276
-0.5702
-0.5556
-0.5848
0.2438
-0.5595
-0.3928
-0.3365
-0.4863
-1.2742
-1.4708
-0.6101
-0.3516
0.0004
0.6365
-0.9763
-0.4240
-0.9963
1.6277
-0.2658
-0.4032
2.3858
-0.5493
0.0333
-0.5837
0.5274
0.9285
-0.5803
-1.0164
2.2231
-0.6730
0.1006
-0.1681
-0.1353
-0.7288
-1.0705
-0.2235
0.6251
0.2123
-0.3929
-0.1763
-0.3820
-0.3669
-0.5282
-0.3217
-0.6881
-0.6434
-0.4187
-0.6965
-0.4164
-0.4027
-0.3641
-0.3386
-0.4453
-0.7174
-0.4580
-0.2585
-0.5276
-0.7908
-0.5427
-0.5045
-0.5642
-0.2444
-0.6145
0.1100
-0.9166
-0.5074
-0.2754
-0.4829
-0.6983
-1.1458
-0.4844
-0.5935
-0.3614
-0.3326
-0.5981
-0.6736
-0.4804
-0.5411
-0.4727
-0.3339
-0.3346
-0.6516
-0.4305
-0.6251
-0.2777
-0.2578
-0.4764
-0.7470
-0.3392
-0.7109
-0.7617
-0.3266
-0.3981
0.4481
-0.8493
-0.2568
-0.3231
-0.3741
-0.6002
-0.5092
-0.4501
-0.5421
-0.2056
-0.1064
-0.5996
-0.6736
-0.6360
-0.5384
-0.3902
-0.3704
-0.1457
-0.4321
-0.3538
-0.5324
-0.5229
-0.3194
-0.5696
-0.8377
-0.4555
-0.7378
-0.6502
-0.2412
-0.5899
0.1465
-0.1353
-0.3545
-0.1780
-0.5209
0.8363
-0.7005
-0.2982
-0.2286
-0.2287
0.2485
-0.8390
-0.1689
-0.4821
-0.8346
-0.2724
-0.2983
-0.2427
0.3177
0.3258
-0.5654
-0.4899
-0.2437
-0.5407
-0.7316
-0.2706
-0.2709
-0.7116
-0.3193
-0.3873
-0.8998
0.0194
-0.4594
-0.2027
0.5701
0.7963
-1.0027
0.7686
-0.4783
-0.7167
-0.5414
-0.6781
-0.4361
-0.5981
-0.6448
-0.3918
-0.2578
-0.3853
-0.1514
-0.2806
-0.7745
-0.2273
-0.1577
-0.5443
0.8267
0.0932
-0.5233
-0.7772
-0.1860
-0.3581
-1.7218
-0.5029
0.0864
-0.1938
0.8850
-0.4228
-0.7768
-0.4976
-0.4636
-0.3776
-0.3526
-0.6594
-0.6377
-0.5131
-0.5854
-0.4442
-0.4632
-0.1821
-0.5606
-0.5417
-0.7108
-0.4254
-0.1975
-0.4995
-0.6289
-0.3928
-0.6264
-0.5869
-0.1236
-0.6978
-0.5192
-0.6823
-0.4921
-0.3617
-0.4477
-0.3099
-0.7899
-0.5501
-0.4197
0.0859
-0.3703
-0.6394
-0.3224
-0.4068
-0.6070
-0.3648
-0.5273
-0.3668
-0.5045
-0.3907
-0.9070
-0.4384
-0.2800
-0.4530
-0.5570
-0.5814
-0.5518
-0.6771
-0.2549
-0.5091
-0.3748
-0.6382
-0.3473
-0.1841
-0.5942
0.7623
-1.2952
0.6752
-0.6596
-0.3954
-0.5595
-0.6760
-0.6937
-0.5601
-0.6629
-0.4941
-0.3824
-0.2401
-0.5035
-0.1869
-0.4952
-0.2095
-0.3400
-0.4855
0.6325
-0.0635
-0.5263
-0.6322
-0.4289
-0.2108
-1.5975
-0.6821
0.3315
-0.2850
0.7035
-0.4250
-0.6242
-0.2660
-0.2997
-0.3375
-0.3939
-0.5210
-0.3505
-0.5387
-0.6874
-0.3113
-0.4550
-0.2831
-0.6183
-0.3733
-0.3677
-0.3283
-0.2022
-0.6556
-0.1422
-0.2699
-0.5738
-0.6321
-0.3298
-0.2115
-1.3684
-0.4771
-0.4233
-0.2613
-0.0405
-0.8149
-1.1062
-0.5076
-0.4944
-0.4024
-0.6946
-0.6537
-0.5357
-0.5353
-0.5550
-0.1888
-0.4686
-0.3784
-0.5499
-0.5139
-0.6329
-0.5560
-0.5121
-0.4096
-0.5482
-0.3855
-0.4959
-0.6992
-0.1863
-0.6997
-1.2266
-0.6941
-0.4378
-0.0997
-0.3225
-0.6283
-0.7375
-0.3872
-0.4930
-0.5799
-0.3561
-0.6193
-0.5695
-0.5228
-0.5715
-0.3236
-0.4556
-0.4933
-0.4984
-0.5178
-0.5878
-0.4299
-0.4489
-0.4496
-0.7439
-0.6267
-0.4817
-0.5870
-0.1251
-0.5127
-1.2761
-0.6196
-0.4114
-0.4082
-0.4531
-0.8336
-0.7606
-0.5172
-0.4459
-0.4579
-0.6313
-0.7946
-0.6237
-0.3952
-0.7388
-0.4331
-0.4371
-0.2500
-0.5212
-0.6212
-0.5892
-0.3363
-0.2878
-0.4234
-0.6884
-0.4131
-0.6016
-0.5875
-0.3955
-0.4076
-1.2979
-0.6605
-0.2648
-0.3340
-0.2508
-0.3340
-1.1854
-0.3091
-0.6481
-0.4282
-0.3725
-0.5029
-0.6085
-0.5322
-0.7292
-0.5244
-0.4808
-0.4484
-0.4276
-0.4053
-0.5968
-0.4459
-0.3353
-0.6572
-0.5634
-0.2155
-0.6997
-0.6060
-0.1607
-0.4606
-1.1225
-0.5590
-0.4188
-0.3581
-0.5648
-0.8392
-1.3013
-0.3944
0.1425
-0.4760
-0.4877
-0.6936
0.0580
-0.2110
-0.6976
-0.2767
-0.0737
-0.4668
-0.0745
-0.4048
-0.6169
-0.3823
-0.4155
-0.5806
-0.6985
-0.4286
-0.4471
-0.8006
-0.3642
-0.1088
-1.3483
-0.7144
-0.0823
-0.0106
-0.4272
-0.5101
-1.1517
-0.2797
-0.4274
-0.5488
-0.5729
-0.4247
-0.4752
-0.5248
-0.6323
0.2455
-0.4540
-0.2288
-0.2133
-0.6537
-0.1229
-0.4317
-0.2575
-0.4083
-0.6416
-0.4990
-0.6668
-0.7052
-0.5456
-0.6634
-1.6024
-0.0899
-0.0774
-0.2585
-0.0876
-0.3588
-1.1913
-0.4546
-0.5013
-0.4732
-0.2596
-0.6130
-0.4784
-0.5305
-0.6135
-0.1289
-0.4003
-0.2091
0.1313
-0.1000
-0.5941
-0.4374
-0.3834
-0.5158
-0.6738
-0.3937
-0.2673
-0.5186
-0.3965
-0.5196
-1.4041
-0.4626
-0.2434
-0.2545
-0.1699
-0.4695
-0.8989
-0.3893
-0.4943
-0.4982
-0.5055
-0.7549
-0.5978
-0.7001
-0.5666
-0.2730
-0.3585
-0.3404
-0.3678
-0.3280
-0.5694
-0.4224
-0.3349
-0.4491
-0.7341
-0.4825
-0.5001
-0.6579
-0.2738
-0.6335
-1.0946
-0.7233
-0.1902
-0.3952
-0.3213
-0.7878
-0.7068
-0.4880
-0.6133
-0.4219
-0.5055
-0.5361
-0.5685
-0.6731
-0.6512
-0.3041
-0.3512
-0.2843
-0.5652
-0.2690
-0.8058
-0.3999
-0.2234
-0.5401
-0.5761
-0.4661
-0.4773
-0.5668
-0.5196
-0.4324
-1.1707
-0.6884
-0.4187
-0.3895
-0.3393
-0.0109
0.0133
-0.1876
-0.1553
-0.1121
0.1096
0.2237
-0.1613
-0.0197
-0.0150
0.1064
0.0731
0.0221
-0.0790
0.1220
0.0875
0.1472
0.2385
-0.0317
0.1791
0.0570
-0.1325
0.1643
-0.0544
0.0953
-0.0167
-0.1571
-0.0376
-0.0141
-0.0895

Direct connections:
