version: 10
file format: 0

training data file: /tmp/train-lm-from-UD-corpus.sh.IhQVLlsco.train
validation data file: /tmp/train-lm-from-UD-corpus.sh.IhQVLlsco.valid

last probability of validation data: -29289.839730
number of finished iterations: 7
current position in training data: 0
current probability of training data: -29236.608602
save after processing # words: 0
# of training words: 123478
input layer size: 125
hidden layer size: 30
compression layer size: 0
output layer size: 96
direct connections: 0
direct order: 3
bptt: 0
bptt block: 10
vocabulary size: 95
class size: 1
old classes: 0
independent sentences mode: 0
starting learning rate: 0.100000
current learning rate: 0.012500
learning rate decrease: 1


Vocabulary:
     0	         0	</s>	0
     1	     18672	32	0
     2	     11960	101	0
     3	     11425	105	0
     4	     10483	97	0
     5	      8702	111	0
     6	      7322	110	0
     7	      6794	114	0
     8	      6685	116	0
     9	      6226	108	0
    10	      5011	115	0
    11	      4104	99	0
    12	      3818	100	0
    13	      3066	117	0
    14	      2908	112	0
    15	      2611	109	0
    16	      1566	103	0
    17	      1482	118	0
    18	      1214	122	0
    19	      1009	102	0
    20	       947	44	0
    21	       892	98	0
    22	       845	104	0
    23	       820	46	0
    24	       515	39	0
    25	       308	113	0
    26	       294	224	0
    27	       200	232	0
    28	       195	73	0
    29	       191	76	0
    30	       170	34	0
    31	       152	67	0
    32	       137	66	0
    33	       131	48	0
    34	       125	83	0
    35	       124	49	0
    36	       122	80	0
    37	       116	69	0
    38	       116	77	0
    39	       109	45	0
    40	       106	242	0
    41	       106	249	0
    42	        87	65	0
    43	        87	50	0
    44	        73	85	0
    45	        70	78	0
    46	        69	68	0
    47	        68	56	0
    48	        68	41	0
    49	        68	40	0
    50	        66	233	0
    51	        66	70	0
    52	        62	57	0
    53	        60	107	0
    54	        53	79	0
    55	        51	71	0
    56	        50	82	0
    57	        47	84	0
    58	        45	121	0
    59	        45	51	0
    60	        44	81	0
    61	        40	53	0
    62	        40	52	0
    63	        36	236	0
    64	        36	72	0
    65	        33	58	0
    66	        33	55	0
    67	        30	86	0
    68	        26	120	0
    69	        26	119	0
    70	        26	54	0
    71	        25	37	0
    72	        22	59	0
    73	        19	87	0
    74	        18	74	0
    75	        16	47	0
    76	        15	75	0
    77	        12	200	0
    78	        12	63	0
    79	         8	89	0
    80	         7	91	0
    81	         7	93	0
    82	         6	90	0
    83	         6	88	0
    84	         5	231	0
    85	         3	244	0
    86	         2	228	0
    87	         2	186	0
    88	         2	33	0
    89	         2	106	0
    90	         1	322	0
    91	         1	238	0
    92	         1	235	0
    93	         1	192	0
    94	         1	201	0

Hidden layer activation:
0.0001
0.0389
0.0003
0.0029
0.0003
0.0358
0.0000
0.0006
0.0429
0.0004
0.0003
0.9997
0.0075
0.0297
0.0357
0.0001
0.0009
0.0011
0.0006
0.0020
0.0002
0.0001
0.0000
0.0000
0.0140
0.0006
0.0001
0.0007
0.0001
0.0123

Weights 0->1:
-0.0806
-3.3848
5.6853
1.8946
5.0119
6.7257
-2.7585
0.3893
-1.0050
-3.3869
-2.1424
-2.7853
-2.8568
3.3979
-3.0238
-1.0951
0.1949
-1.5839
-1.2852
-1.9217
0.3505
-0.9566
-1.2782
-0.5194
-2.7291
-1.3873
0.1012
1.7347
0.7998
-1.9363
-1.4263
-2.4211
-1.1939
-0.8577
-1.6966
-2.5773
-2.1091
0.6224
-0.4611
0.4727
0.6691
1.1437
1.2448
-2.8425
2.3274
-1.6771
-1.3704
-1.5018
-0.7733
-1.9625
2.0296
-1.1980
-1.7642
-0.7151
0.1340
0.7066
-1.3187
-1.2849
0.1646
-2.0893
-0.8108
-1.0273
-1.4396
1.8203
-0.8724
1.0117
-1.4589
0.2729
0.1267
-0.6571
-1.3502
0.1235
0.4567
-0.5625
-0.7032
-0.6674
-0.8787
0.9472
0.2405
-0.9338
-1.4038
0.2228
-0.5718
-0.4756
-0.1523
0.3828
-0.1954
0.1992
-0.1262
0.0834
-0.0910
0.0266
0.1051
0.1608
0.1194
-0.7164
0.9478
0.6342
-0.9516
-1.8188
-1.6896
1.0008
-1.0068
-1.0458
-0.7436
-0.3054
-0.4719
-0.1938
-0.9854
0.4259
-2.2321
-0.1053
-1.0285
0.3228
-1.2130
1.1874
-0.1662
-0.9275
0.5235
-1.2782
0.6646
0.2354
0.6981
-2.5622
-1.1349
-0.1967
5.9270
0.2493
-2.7969
-0.6703
-1.5018
-2.4408
-5.3484
0.7052
0.3543
-0.9661
-0.2536
-2.0963
-1.3050
-0.4443
-2.9409
1.3983
1.3171
1.0665
2.1623
-0.9586
3.0684
-1.8860
-1.1371
-0.3324
0.4340
-1.3809
-0.4293
-1.6541
-1.1964
-2.1907
-0.4955
-0.0100
-1.4214
-0.6515
-1.1872
-0.6646
-1.9202
-1.0305
-0.4864
-1.2144
-2.4944
0.6036
-1.0151
-0.0193
-1.3350
-0.4512
-1.0785
-0.6744
-0.7088
-1.9241
-0.3821
-1.1750
-0.0443
0.2690
-0.0197
-0.7508
0.1261
-0.2630
-0.8319
0.2410
-1.0180
-1.1218
-1.1608
0.1287
-0.6017
-0.8502
-0.0806
0.3326
-0.3168
-0.7746
-0.2148
-0.5619
-0.2003
0.2463
-0.2112
-0.1036
-0.4534
-0.5100
-0.2673
-0.4544
-0.2154
-0.1082
-0.5089
0.0437
0.2392
0.0720
-0.2411
0.0062
0.0138
0.0465
0.1555
0.3090
-0.3071
-0.0887
1.2086
0.6310
-2.7180
0.2435
3.8866
-0.3296
0.5344
-1.4571
0.4330
-2.2651
-2.6096
-1.2365
-4.2491
-2.0127
-0.0109
-0.8499
-0.1511
-2.1587
-0.8500
-0.7017
-0.6307
-0.7503
2.1959
-1.5265
1.5663
0.1472
-0.5431
-0.0003
1.8240
-0.0397
-0.0291
-4.5911
0.1725
-0.4286
-1.9535
0.4796
-4.0814
-0.7357
2.9068
0.3848
3.4020
-3.3177
-1.7437
4.5343
1.4130
3.5211
-3.6088
-1.1169
-1.3763
-2.8805
-1.2075
4.1453
1.1297
-1.3512
-0.6391
0.1938
-0.4418
-0.0479
-0.7340
-0.7757
-0.9550
-0.5294
-0.0825
-1.0464
0.4419
-0.9357
0.0454
-0.9555
-0.4909
0.6563
0.2755
-1.3732
-0.3071
-0.3796
-0.3403
-0.1444
-0.3146
-0.8528
-0.1789
-0.3464
0.0897
-0.3793
-0.8153
0.6929
-0.3707
-0.3854
-0.1449
-0.0957
-0.6807
-0.3307
-0.0366
-0.5904
-0.4646
-0.3664
0.0805
-0.5556
-0.4313
-0.0211
0.0001
-0.0657
-0.4138
-0.2397
-0.5619
-0.2636
-0.0521
-0.1861
-0.0932
-0.1095
-0.5467
0.0715
-0.0014
-0.1831
0.0362
-0.1148
0.2273
0.0428
-0.0341
-0.1193
-0.0517
-0.1786
0.1980
0.0229
0.0110
-0.0571
-0.0276
1.9369
-2.2505
-0.7436
-1.6595
1.0301
0.5456
0.9852
-0.8594
-1.3749
0.1169
-1.2445
-1.8554
-1.6595
0.7744
0.2047
-2.1570
1.0131
-0.4212
0.5003
-4.0613
2.0826
-0.0946
-1.3604
-1.3563
0.4601
-2.2065
0.9866
-2.3449
0.0659
-2.1518
-0.0978
-2.0656
-0.1125
5.3800
-1.8378
-3.8463
2.6154
-1.7282
-1.4047
-2.2873
0.7707
-2.5719
-3.7808
-0.8952
-1.2673
-1.5521
-2.1490
-2.0267
-1.9134
-2.5654
1.5876
-0.0666
-0.6955
0.6662
-3.0996
0.2708
1.8997
1.5232
-0.0093
-0.2479
-1.8472
-2.1889
0.0920
-0.5263
-0.4837
-1.4975
-0.9883
-0.0720
0.0359
0.5565
1.3865
1.4373
-0.2092
-0.8413
0.8947
1.7027
-1.0621
-0.2650
1.1804
-1.5733
0.8629
-1.1900
-0.8623
0.3440
-0.5083
-0.0704
-0.2835
-0.4672
0.8348
-0.5183
-0.0374
-0.0926
-0.3954
1.2188
0.9183
1.0668
-0.9785
-1.2298
-0.2816
0.4547
-0.4740
1.3571
0.7284
-0.4852
0.1979
-0.9545
-0.6268
0.6555
0.4499
-0.2272
-0.7610
0.4807
0.1739
-0.4225
0.0851
0.1983
0.2006
-0.0210
0.1009
-0.0000
-0.2048
0.0294
-0.1449
0.1665
0.1595
-1.7903
1.3939
-1.4160
-2.3758
-0.3132
0.9077
-0.4470
-0.3579
0.1067
-0.6894
-0.7108
-0.9449
-0.4326
0.2015
0.0722
-2.3150
-0.3504
1.0114
-0.7884
2.4492
0.6776
-1.0620
-2.0028
-1.7801
-1.3530
-1.2588
2.4034
3.9983
-6.4216
-2.0437
-0.0188
-3.0794
-2.4184
-1.1636
-2.1447
-3.8053
-0.0109
-1.8374
4.2078
-0.2742
1.5003
5.6125
1.1591
2.4458
-1.6999
-3.4776
-1.9922
-1.5702
0.7464
-1.3807
-0.8495
-2.5044
-1.3381
-1.0352
-1.0682
1.4771
-1.0445
-0.8390
-1.5656
-0.9918
-1.3007
0.0551
-0.2116
-1.1586
2.3119
-1.0385
-0.3052
-1.0082
-0.9158
-0.2864
-0.5845
-0.8365
-1.3981
-0.9986
2.8180
-0.5604
-0.5556
-0.9211
-0.8342
-1.0012
-0.9339
-0.5724
-0.8743
-0.0161
-1.3081
-1.0412
-0.1271
-0.1154
0.4927
-0.8398
0.4518
-0.8655
-0.8048
-0.0865
0.0961
-0.2301
-0.7843
-0.2346
-0.3403
0.2278
-0.7790
-0.3883
-0.3133
-0.2106
0.3629
-0.5810
0.6646
-0.4042
-0.4791
-0.3360
-0.4835
-0.2906
0.3439
-0.2746
0.1496
-0.5569
0.1441
0.0638
0.1054
0.1884
-0.0992
0.1543
-0.2886
-0.0733
-0.3198
-0.5547
0.3569
-0.4221
-1.4663
-2.1509
-1.3013
0.6639
-3.6435
0.0647
-0.4288
-0.8583
-2.1450
-0.7876
-1.0906
0.9710
-2.1030
-1.1937
0.2678
-0.1144
-2.9658
1.9194
-0.8560
-1.9923
-0.0097
0.8269
1.8718
0.9803
-0.6464
0.1886
0.8216
-0.1675
-0.3554
-5.0169
0.9987
-0.5822
0.6594
0.6630
-1.8974
-2.0561
0.0806
-2.7113
1.4045
-0.7615
-5.0365
-2.7481
0.4930
1.8784
1.0481
-2.6787
0.3115
2.3411
-2.0652
-1.1987
1.6601
-4.7939
0.3495
0.4522
0.4608
-0.6346
0.9718
-0.6684
0.2981
0.1590
2.0027
-0.4401
-0.1036
-0.0860
0.3755
-0.0575
-0.8133
0.4855
0.4537
0.1303
-0.0157
0.9206
0.5260
0.4034
1.0747
0.6609
-0.1024
0.2563
-0.1177
-0.1848
-1.1411
-0.2728
-0.0559
0.4487
0.1409
0.1255
0.4401
0.1462
0.2421
-0.1658
0.4960
-0.2218
0.5323
-0.1156
-0.0468
-0.2334
-0.0752
0.2715
0.1842
0.6831
0.6576
0.0031
0.5253
0.1330
0.2907
0.5387
-0.1867
-0.0931
0.0127
-0.1670
0.1719
-0.1196
0.2388
-0.0513
0.7559
-0.0172
-0.0590
-0.0335
0.0285
-0.0127
0.0856
-0.0046
-0.4884
-1.5927
-1.5853
-1.4625
-0.1140
3.0477
-2.6269
-2.1163
0.3213
2.5609
-5.3604
-5.4631
-5.9181
0.1692
-0.2557
3.7456
0.9096
-0.3606
2.3209
0.7520
-0.7218
-0.8347
0.6285
-0.5613
-0.5764
-3.9045
0.8166
-0.3174
0.5059
0.9271
-0.0736
-2.1889
0.2158
0.4209
-0.9092
0.7748
1.3802
-2.3210
0.8299
-1.7992
0.0815
-0.8370
-1.7764
-5.4826
2.5472
-1.9823
0.5562
0.5917
-1.6107
5.4515
0.2020
-0.1143
-0.7431
-0.2707
-0.7036
1.2921
-0.8490
-0.2088
-1.3865
-0.9359
0.2792
-1.4244
0.1262
-1.0760
-0.8312
-1.1473
-0.7538
-1.2227
-0.5072
-1.1400
-0.6134
-0.8541
-0.2601
-0.7278
-0.0245
-1.1603
-0.2612
-0.8473
-0.6954
-0.1128
0.0055
-0.3253
-0.5329
-0.1501
-0.1323
-0.0333
-0.2379
-0.6312
0.8792
-0.2000
0.3432
-0.5676
-0.9774
-0.1620
0.0216
-0.2154
-0.8304
-0.4864
-0.3437
-0.0432
-0.6572
-1.0453
-0.2017
-0.3898
0.0825
0.5252
-0.3062
-0.2684
-0.0840
-0.2503
0.0245
-0.3103
-0.1993
-0.0810
0.0340
-0.0080
-0.0002
-0.2312
0.2182
0.0591
0.1342
0.1416
-0.0154
-0.2771
0.1807
-3.9529
0.3957
-0.7697
-0.5156
-3.2455
2.1389
2.4612
-0.2081
2.0902
-3.1354
-0.9610
-0.7398
-3.8433
-2.0978
-0.0686
1.9221
-0.8703
-4.3826
2.1322
0.2304
-0.6227
-2.2884
-0.3446
0.3263
-0.9933
1.9173
1.7113
-2.6948
-0.4740
-0.7242
-0.1953
-5.3554
0.2489
2.5598
-4.1814
-1.6406
1.6246
1.7043
-2.2859
-0.6206
2.5542
-2.4814
-1.8047
0.2562
-4.4768
-1.3213
-2.0525
0.7358
-0.1502
0.7208
0.1176
-3.0563
-0.2661
0.0495
-0.1288
-2.5828
0.3715
0.2224
-1.5545
0.9298
-1.5550
-1.4594
0.7988
-2.2477
-1.3577
-1.3673
-1.0548
-0.0487
-1.0981
-1.9372
0.4609
1.0031
-1.3128
-1.4734
0.2928
-1.0144
-1.0878
-1.4699
-0.0124
-1.3643
0.1428
-0.6219
-1.5295
0.5650
-0.6783
-1.2312
-0.5474
-0.9660
0.8744
-0.9390
-1.4251
-0.9317
-0.7548
0.5077
-0.0355
0.7482
-0.6853
-0.5443
0.2431
0.1455
-0.7960
0.4241
0.4529
-0.3465
-0.1648
-0.9435
0.2084
0.3160
0.1873
-0.3038
-0.3906
0.2372
0.0948
-0.3881
0.3724
-0.0285
-0.2978
0.4261
-0.2422
0.0257
0.1712
-0.1353
-0.2703
0.1142
-0.1318
1.1414
-1.5756
-0.2462
1.1787
1.2198
-0.6015
-0.1240
0.3814
-1.5445
-0.5298
-0.0639
-0.7636
-2.0631
-0.6800
-1.0595
2.1273
1.6896
-1.0695
0.0000
-0.3163
-1.7946
0.6634
2.9822
2.7069
-1.7662
-0.9879
-1.2224
-1.0545
1.4475
-2.1800
-0.0851
-2.8954
-0.6514
1.5716
-0.8339
3.3957
-2.9598
-2.7097
-2.2543
-1.5021
-3.2859
0.8845
-2.4789
0.2568
-2.5730
-1.6521
-1.3128
-2.1712
-0.2858
-1.1322
0.4106
-1.1702
0.9922
0.5811
1.9529
0.1143
0.7113
0.8473
0.4805
-0.5678
-1.2281
0.2514
0.3975
-0.0277
-2.0054
3.0222
0.1343
-0.1698
0.0575
0.5964
0.5767
0.3049
0.8440
0.6891
0.9078
-1.4640
-0.4050
0.3606
0.6259
-0.7280
0.0480
1.3656
1.1309
0.2800
1.1550
-0.0504
-0.7798
0.2998
0.3737
0.9339
-0.2287
0.6380
0.8221
0.1575
-0.3586
0.3739
0.8809
-1.5871
-0.0670
-0.4746
0.3251
0.4542
0.3400
-0.6692
-0.0667
0.3504
-0.3094
0.2597
0.2055
-0.3406
0.2875
0.3347
0.3311
-0.1199
-0.1737
-0.1760
0.2587
0.1353
0.0429
-0.1083
-0.0978
0.0434
0.0736
0.2324
0.0862
-2.1301
0.3165
0.9730
-0.5450
1.6095
-1.4891
-0.3481
-3.3862
-2.1613
0.8713
2.4910
-0.3008
2.0495
-1.5143
-0.6297
1.8095
0.3991
1.6968
-1.9730
-3.1433
-0.5198
-1.0243
-1.9927
0.5242
-3.6290
-3.8185
-0.1815
0.6337
-2.4208
-2.4237
0.0105
-4.8754
-2.7861
-4.0590
-2.8152
-5.2332
1.2227
-3.0794
-1.8805
1.9970
-0.6693
-3.1759
0.5387
-3.3923
-1.7986
-0.6770
2.1939
-1.7444
5.4626
-0.4514
3.7747
-2.2139
-1.5310
2.8806
-0.2370
-1.0862
2.4103
-0.4963
1.7019
1.4354
-0.2152
0.3007
0.3938
1.1192
-1.1309
0.2648
-0.5195
-0.9420
0.5292
-0.4632
2.2208
1.3615
-1.4142
0.5796
-2.2803
0.2025
0.1668
0.9026
0.6277
-0.2860
1.4050
-0.3159
0.3852
-0.0082
-0.7233
-0.0007
0.0420
-0.3762
-1.6899
0.5647
-0.6611
1.1161
0.0653
2.0691
-0.2221
1.0269
0.1621
0.5435
1.1913
-0.0614
0.4536
0.3559
0.7692
0.5241
0.0099
-0.6745
-0.0232
0.3018
0.5389
-0.1287
-0.1736
0.0049
0.0221
0.2238
-0.6536
-0.8297
-0.3413
0.3590
0.0500
0.0651
0.0355
0.1247
0.0248
0.0163
-0.0544
-0.4868
-2.0338
1.6874
-2.2755
-0.5356
2.0257
-2.1896
-0.7627
-0.9361
1.7343
0.5415
-2.9309
-1.0645
0.8156
0.8054
-1.0911
-1.8412
0.4085
3.7943
-0.3988
0.9663
-2.2044
-0.9672
1.1710
-2.7789
2.2607
0.5766
0.2807
-0.2032
-0.1596
-0.0697
-2.0129
0.7157
-2.1250
-4.5227
0.3286
-3.5953
-2.7625
-1.0703
-3.9249
-4.3332
-0.5627
-2.9841
-2.0472
-0.4275
-3.2506
-2.3992
-2.4933
2.1255
1.6875
1.7651
0.6146
2.8210
2.1434
-1.0852
-0.3104
2.1804
1.6947
-0.9870
-1.6460
-0.9881
-1.0991
1.6581
2.3452
-1.9151
1.3907
-0.9657
-0.6061
0.2392
1.6926
2.0488
2.0052
-1.2554
2.8887
-0.9089
-1.5464
0.1387
1.7820
1.6549
-0.2964
0.3209
-0.2962
1.8339
-1.1480
-0.3435
-1.0630
-1.4718
-0.6005
-0.1054
1.7124
-0.1981
1.6204
1.5327
1.6645
-0.3768
0.8895
1.3449
-1.3765
0.1126
-0.9518
1.3708
1.2538
0.9277
0.2999
-0.0944
0.1842
-0.9848
0.5371
0.5825
0.1206
0.3849
0.9377
0.0547
0.0690
-0.1669
-0.2271
-0.0535
0.0968
0.2044
0.0901
-0.0170
0.0417
-0.2688
0.4314
-0.0720
-2.4863
0.1702
0.6774
0.9896
-2.0327
2.8626
-0.1483
-2.7177
1.0711
-1.2851
0.0961
-0.4208
-3.7659
-1.2404
-0.4738
-0.1668
-0.0513
-2.6812
1.3401
0.5112
1.1068
0.7915
-1.2929
-0.9593
1.7336
0.5432
1.8028
-0.9200
-0.8709
-2.8831
0.0296
7.1416
-1.1998
-1.7470
-2.1155
-3.1847
0.6481
1.9171
-3.0773
-0.4723
-0.2752
0.6188
-2.7865
1.6259
-0.7909
0.4067
-0.3339
-1.7066
3.5275
0.0640
-2.3085
-1.8596
-0.1766
-2.3119
1.3381
-0.4718
-1.2630
-0.4359
0.7715
-1.5208
0.2296
0.1665
0.3633
-2.4497
0.8830
-1.9685
1.6200
-1.7907
0.6520
0.1936
-1.3031
-0.8225
0.0831
-2.0660
2.2152
-0.6885
-0.5817
-2.1787
-1.8189
2.1151
-0.3977
1.6542
-1.6554
0.0717
-0.2562
0.1625
-0.4426
-0.1720
-0.0170
-1.5117
-0.1851
-1.5213
-0.9896
-0.5275
-0.0476
-1.6330
-1.4590
0.4705
-0.0637
0.1770
-1.2623
-0.3774
-1.2237
-0.3224
0.0328
0.5786
-0.4723
-0.4152
-1.3238
0.3382
0.1028
-0.6044
-0.1904
-0.1837
-0.0142
0.2124
-0.0622
-0.2515
0.0568
-0.0020
0.0300
0.0311
0.1671
-0.2483
-0.1436
-1.4995
0.9435
1.0746
1.0984
-2.4094
0.4198
-2.5664
-2.0890
-2.8787
2.3364
-2.6735
-2.5997
0.4517
-1.6251
-0.7580
1.8584
1.5029
2.2540
-0.5151
-3.1780
-0.5371
-0.3070
0.1786
0.1364
-1.3994
-0.4578
1.1962
1.4149
-0.0667
0.0637
-0.0664
-6.0258
-0.4932
-4.1453
-6.5292
0.5032
-4.0598
-3.2989
-0.2319
-3.4687
-0.4570
0.0694
-1.2679
-1.5796
-0.0514
2.2978
-1.9818
-1.5275
-1.5980
-1.5030
1.5691
1.9488
0.0747
1.9651
-0.7108
-1.6421
2.0407
0.8880
-1.1272
-0.6350
1.0153
0.8494
-0.3321
-0.1134
-0.6842
-0.6366
-0.6081
0.1762
-0.3861
-1.7068
2.0418
1.2841
-1.3324
-0.4915
-0.5259
0.3623
-0.4795
0.0763
1.8728
-0.4563
-0.1373
-0.2144
-0.0709
0.7893
-0.9278
-1.1318
0.4768
-0.2586
1.2421
0.0080
-0.8930
0.4095
0.1261
2.2499
0.0701
1.3702
0.0114
0.0652
1.2709
0.2155
-0.2043
0.8044
1.4945
0.1509
-0.2053
-0.3505
0.1549
1.0007
1.0063
-0.0265
-0.3623
0.5073
0.0677
-0.1467
-0.3083
-0.2847
0.0274
0.1906
-0.0560
-0.1150
0.1072
-0.5097
-0.3951
0.1911
-0.1367
1.0397
-1.4580
-0.4867
-1.4167
0.5299
-2.7352
-2.8013
1.4441
1.8405
1.0223
-0.6906
-0.6100
1.4119
-0.0658
0.6618
-0.2905
3.2502
-0.7947
-5.1369
-1.2334
-1.8034
0.8510
-1.4266
-1.7141
-0.8471
-2.1456
-1.5736
-0.2817
-0.5615
0.9115
-0.3741
-1.5342
-1.7480
0.0523
-2.0855
-4.1612
-0.1796
-0.7315
1.1002
0.9259
-0.3467
0.1350
2.8588
0.3992
-0.8596
-3.2472
-1.1455
-1.2510
-3.5190
-0.7342
3.6283
-2.2400
0.4235
1.7387
-0.2957
-0.1342
0.9509
1.5829
-0.9644
-0.1446
-3.5843
-1.7398
0.1351
-1.6926
-1.2436
-0.7642
-0.7790
-1.0743
-1.4929
-0.2039
0.7522
1.6588
-0.7625
-1.7734
-0.1290
-1.4178
-1.0082
-1.2012
-1.9484
-1.3184
0.4048
-0.2955
-1.3442
-0.1752
-1.2420
-0.5754
-0.9632
-0.8963
-2.1442
-0.8106
-0.1563
-0.5397
-1.4221
0.6639
-0.5032
1.5478
-0.7741
0.2999
0.2463
0.1459
-0.9090
-0.7005
1.2055
-0.1402
-0.1450
-0.8437
-0.0908
0.5193
1.1352
-0.4869
-0.3370
-0.0662
-0.6366
-0.4827
-0.0545
0.0446
0.1514
0.4194
-0.0267
0.2132
-0.0373
-0.0142
0.0421
0.1171
-0.1537
0.2315
0.8959
-0.5944
0.2678
2.0073
-1.4241
-0.8802
-0.3813
1.4492
0.3410
-0.9438
-0.6603
0.8073
-3.8590
-1.3742
-0.3042
-2.3458
1.6635
0.2014
1.1799
1.0770
0.2682
-0.7595
-0.7500
1.1964
-2.2422
-0.8887
-0.7296
0.6570
-2.0686
-0.4812
-5.5659
-3.7500
-0.8137
-3.1138
-3.8479
1.0773
1.2954
5.0769
1.4081
-0.5509
-3.4819
0.4678
-0.3364
2.6962
1.1174
-2.7220
4.1588
4.4573
-1.8803
-1.4239
-2.1793
0.0357
-1.2830
-2.0339
-1.3915
-1.6778
-0.4695
-2.0129
-0.3685
-1.8227
-0.7251
1.0872
-1.9166
-1.0473
-2.1700
-0.2709
-2.5013
-0.4456
-1.9514
-0.9844
-0.3271
-2.4024
-2.0203
-2.2122
0.0225
0.2349
-1.9387
-1.1856
-1.5665
-0.9231
0.2441
-2.0355
-0.9320
-2.3789
-1.0312
0.0799
-0.7033
-1.2151
-1.2556
-1.1028
-1.1747
-1.3136
-1.3265
0.1665
-0.4784
-1.4197
0.4762
-0.4305
0.5485
-1.5098
-0.7138
-0.4593
0.3027
0.7015
-1.3921
-0.1413
-0.5791
-0.6651
-0.0522
-1.0829
-0.2217
0.2859
-0.5926
0.7815
-0.7061
-0.0519
-0.2379
-0.3832
0.2235
0.1445
0.1963
-0.0818
-0.0983
-0.4702
-0.8356
-0.3996
-0.1680
-1.8064
3.3049
-0.5637
-0.7303
1.1862
0.2973
0.3453
0.8038
-0.1121
0.6556
0.0312
-2.0357
1.5363
1.6481
0.3971
-0.0122
-1.2058
-0.8239
-0.6761
0.2623
-1.5490
0.5265
-2.5303
-0.2659
-1.4040
0.6903
1.0932
-0.0167
-3.1965
0.2021
0.7194
0.0018
-0.0535
-3.0569
-1.9681
-3.9490
1.3306
-3.3387
-3.3035
-3.0281
-2.0545
-1.9309
-2.9152
-2.4605
-2.8839
2.9108
1.3169
2.5989
1.3458
-1.8387
2.2065
0.7542
3.0897
2.3954
1.4238
0.6276
-0.2710
-0.7993
-1.6663
-1.2221
0.8764
-2.2049
-0.5934
-1.4196
-0.3367
-0.7361
1.7800
1.3753
2.3462
1.4146
2.0131
-1.0184
-1.5095
-0.0463
0.5179
-0.6025
0.1583
-0.4288
-1.4879
0.3046
-1.7388
-1.4283
-0.8400
0.3055
-1.1667
-1.3913
0.4190
1.5399
0.3040
-0.1936
0.2570
-0.3132
1.0056
-0.1071
-0.0705
-0.4389
-0.8181
0.4204
-0.2327
1.0976
0.1091
-0.2812
-0.0542
-0.6599
1.0750
0.5541
-0.5869
0.0936
0.2855
0.1135
0.0119
-0.1466
0.0406
0.0007
0.0674
-0.0962
0.0486
-0.0576
-0.2275
0.0292
0.2180
-0.0280
0.6599
1.2040
-4.0524
-0.8999
-1.2497
-1.2043
0.6977
-0.1625
0.2135
-0.0321
-2.8302
-0.0341
-1.1262
-2.5461
-2.1228
-0.0683
-2.4198
0.4994
-0.2785
-0.0236
0.0533
-0.5501
-2.4755
-2.6567
-0.4840
1.1444
0.4319
-3.1046
1.2208
-1.3973
-0.0367
-3.4797
-2.8642
-2.6331
-4.1496
-2.9915
1.7924
0.3923
2.0309
2.1837
-3.3734
-0.5733
2.4965
-1.0727
0.7253
1.1693
-1.7188
0.0475
3.9667
0.0623
-1.5384
1.4915
0.5817
-1.8529
-1.1406
0.2236
-0.7805
-0.5914
-0.5683
-0.2175
-1.1518
-0.4084
-0.1615
-0.7359
0.2460
-0.8525
-0.2991
-0.6323
-0.0558
-0.3510
-0.1960
-0.6799
-0.3333
-0.6260
0.2860
0.0223
-0.3083
-0.4364
-0.3387
-0.4255
0.1050
-0.5288
-0.5695
0.0726
-0.5473
-0.5066
-0.2090
0.0162
0.1082
-0.4653
0.0677
-0.3609
-0.4613
-0.2333
0.1633
-0.8759
-0.3846
0.2410
0.1356
-0.0657
-0.4094
-0.2293
-0.6930
0.0198
0.0653
-0.2405
0.0871
-0.1615
-0.9431
0.1255
-0.0771
-0.3555
0.0418
-0.1020
0.0920
-0.2606
-0.0512
-0.1243
-0.0267
-0.1567
0.0899
-0.0978
-0.1779
-0.1199
-0.0844
-0.4466
-1.1786
-1.6200
1.2738
0.2561
1.9796
-0.7773
-1.8244
1.2237
-3.3048
-1.5582
-3.9562
0.1720
-0.0828
-0.5627
-4.7095
3.6931
0.8189
-0.4493
-0.2129
2.0704
-0.2280
-5.2907
1.1010
2.6257
-3.1244
-5.0377
1.1941
-2.5073
-4.5477
0.0543
-3.6948
2.0544
-1.0908
-4.9554
0.4003
0.2191
-3.3112
1.1755
-2.4905
-2.5594
0.2866
-1.6610
0.5683
-0.8444
-1.7879
2.5401
-1.0949
0.1773
-1.9999
0.0362
-0.1474
-0.6858
-0.4097
-0.1431
0.5988
0.4267
0.0971
0.0438
-0.3809
0.0635
-0.7098
0.1673
-0.6143
-0.6170
-0.5923
-0.6573
-0.2414
0.0588
-0.0719
0.0169
0.0875
0.4267
-0.4628
0.5447
-0.8589
-0.0103
-0.3576
0.3641
-0.2968
0.7989
-0.2428
-0.4347
-0.1292
0.0976
0.0545
-0.3099
0.1847
-0.1110
-0.1587
0.4720
-0.0932
-0.1397
0.0859
-0.1663
-0.1218
-0.2037
-0.1862
-0.2097
-0.3338
-0.4195
0.1902
-0.1664
-0.0227
0.1053
-0.3175
-0.0468
0.1887
-0.2245
-0.0291
-0.1502
-0.0382
-0.0139
0.1184
0.0431
-0.0586
-0.0574
0.0873
-0.1849
-0.1667
-0.1723
0.1166
0.1158
0.0381
0.0204
-2.8259
-2.7123
-0.3306
3.0577
-1.4428
-1.9263
1.0415
-1.1157
2.2018
-2.5817
0.1292
-2.0453
1.2845
-2.1691
-2.4040
-0.9595
2.5334
-2.3666
-1.4772
-0.0371
1.5230
-1.1210
-0.0997
-2.2205
2.4421
0.0420
0.2199
-1.0659
-0.0703
-3.4999
0.1643
-0.6837
-2.4563
2.5110
-3.9039
2.2140
-1.1943
0.5040
0.9115
0.1932
-3.6834
-3.9120
0.8294
0.9000
-2.4890
-2.9103
-0.3970
-0.0326
-0.4528
-2.6952
0.3056
1.3516
1.9992
-0.0928
0.0898
-0.2419
-0.4235
-1.3296
1.5253
0.8305
-0.2230
-1.8098
0.7638
-0.8114
-0.6109
1.6612
0.0709
-0.4455
1.4094
-1.8503
-0.3630
-0.3893
0.1268
0.3042
1.6066
0.6187
-0.6857
-1.1323
-0.5027
1.2075
-0.1735
1.2365
0.2361
0.2141
-1.0128
0.0879
-0.9968
-0.2059
-0.0751
-0.2946
-0.5859
-0.3567
-1.0511
-0.1484
-0.4446
-0.1344
-0.2455
1.6114
0.0897
0.6157
-0.1266
-0.3065
-0.4094
0.3217
-0.7416
0.3164
0.4776
-0.2802
-0.0803
0.5072
0.8471
-0.2888
-0.7880
0.4544
-0.1464
-0.0524
0.0304
-0.5005
0.0992
-0.0271
0.0406
0.2224
0.0141
-0.1646
0.4129
-6.5708
0.1750
-4.1633
-0.5912
1.3929
-0.4429
0.5159
-3.2617
4.4483
-2.0062
0.4158
0.6282
0.3093
-0.6565
-3.2392
1.0664
-1.6670
-1.6688
-2.5470
-0.3374
0.6866
-5.8012
0.0600
-1.8877
-1.7523
-1.9007
-0.6582
1.1408
2.6308
-1.4955
-0.0558
-3.9844
-0.8297
-3.2378
-1.0755
-4.5463
-1.7097
-2.0208
0.3362
2.5746
3.3773
1.7326
-2.8086
-2.8192
-1.9341
-1.4079
-2.5408
-1.4548
2.7540
0.3598
1.6688
-1.1795
-0.4662
1.5026
-1.5299
-0.8198
0.7442
-0.3688
-0.1067
1.3333
-0.0503
0.6578
-0.3768
-0.5067
3.7412
-0.5316
-0.8057
-0.5023
1.4275
0.3376
0.7146
0.2741
-0.8448
0.3569
0.2834
-0.3160
0.0428
0.5965
0.4070
-0.0061
-0.5806
0.0555
-0.2861
0.1057
-1.1252
0.8940
0.3154
-0.2717
0.9366
-0.1017
-0.4215
0.2356
0.4985
0.2438
-0.1554
0.6030
-0.0914
0.6328
0.2005
-0.5252
-0.0980
0.2621
0.2358
0.4589
-0.1792
-0.5090
0.0664
0.4649
0.2935
0.0047
0.1016
0.0287
-0.0493
0.0630
-0.2033
-0.1089
-0.0640
0.1477
0.1639
-0.1087
-0.0244
0.1612
0.0107
0.1885
0.0063
-0.9033
-1.2430
-3.3594
0.2747
-3.2833
-0.6639
-0.7387
-1.2675
-0.5482
1.6222
-1.0058
-1.0343
-1.1723
0.5558
1.2509
-0.5981
0.2174
-0.3215
2.1656
-0.6950
-0.2599
-0.9686
0.6150
-2.3596
-1.1448
-0.7297
-0.3516
0.0626
1.6130
-1.9279
-0.0789
-2.4233
-2.1370
6.2607
-0.6067
-3.4936
-0.8453
-3.4927
-2.9014
4.6832
-2.3747
-2.0657
-2.0766
-1.5362
-3.4635
-1.5281
-0.9662
-2.7874
-0.9732
0.0093
0.1014
3.1791
1.8221
0.3327
-0.7303
-0.2195
0.1451
-0.5497
1.8754
2.4307
-1.2512
-0.0290
0.6995
-0.5586
0.0797
-0.9682
-0.4031
0.1021
1.4560
-1.1562
-0.1511
0.1034
-0.3937
-0.3688
-0.0014
-0.2566
-0.7008
-0.7096
-0.1654
-1.0314
0.1029
-0.6955
-0.5535
0.4203
-1.5806
0.5662
0.0188
0.3867
0.0289
-0.6528
-0.5394
-0.3651
-0.5044
-0.0871
0.4903
0.0458
-0.2192
-0.2045
0.3792
0.0527
-0.4915
-0.2604
-0.1468
-0.1981
0.4583
-0.3123
0.2770
-0.0086
-0.1880
0.3719
-0.3413
-0.1431
0.2941
-0.2242
0.0236
0.0254
0.0515
0.0168
0.1144
-0.0444
0.2385
-0.0294
0.3676
-0.1883
-0.1574
-0.2625
2.3530
-1.9246
-1.6383
-2.3372
-1.0486
-1.1396
-0.9704
-0.4294
0.2113
-0.9470
-1.8022
-0.8711
-2.7128
-0.9720
1.1663
-1.4034
-2.2154
-1.2709
1.3574
-0.8158
-1.3437
-2.2940
0.5353
-0.7304
0.0860
0.4154
0.3274
-2.6556
-4.4440
0.0612
-4.4993
1.7385
-5.0599
4.1659
-2.1810
-2.3847
-3.0949
-4.5519
0.2589
-0.6640
-1.7967
-1.7069
-4.5593
-4.6921
-3.9424
-1.1416
-3.6148
0.0861
-0.4686
0.7753
0.4823
1.1623
0.5516
-2.0015
-0.6315
1.2114
1.2938
-0.7043
-0.1103
1.8840
-0.3588
0.0073
-0.2546
-0.5589
-0.4108
-0.5711
-0.4306
-0.2423
-1.5489
0.8825
1.0342
-0.2485
0.7218
-0.1365
0.5813
-0.2006
-0.2755
1.1610
-0.2754
1.0358
0.0314
0.0580
-0.5406
-0.8114
0.0655
-0.0314
-0.1480
0.8017
0.5433
-0.1008
0.3177
0.2948
1.0720
-0.3612
0.7227
0.1986
-0.0247
-0.9237
-0.6770
0.4094
0.7745
0.4431
0.4432
-0.5732
-0.6518
0.1954
0.1718
0.2492
0.0349
-0.0274
0.6928
0.1929
-0.0221
-0.4327
0.5218
-0.0266
0.0584
0.0498
-0.0570
-0.4533
0.0270
-0.1517
0.0501
-0.0512
-0.9077
-0.1579
0.0551
0.8968
-0.7549
-0.1906
-0.2162
-0.6638
-0.0909
-0.7208
-0.5305
-3.4251
-0.0825
-3.1900
-0.2042
-1.0651
0.1113
-1.0312
-5.7943
1.3416
0.3318
0.3169
-0.9031
-0.4742
0.8420
3.6671
0.4713
-1.3890
1.2134
-0.2041
-0.0442
-2.6532
-0.6520
-0.7930
0.5844
1.7135
-1.0274
-2.9785
-1.0424
0.6849
4.9767
-2.0341
1.4711
-1.7580
-2.6942
3.7646
-1.3563
-1.3818
0.1055
-0.5316
0.0487
-2.4440
-1.6063
-0.4910
-1.1678
4.5189
-0.7275
-1.1952
-1.4007
-0.6520
-0.6290
-1.3301
-1.4470
-1.1862
1.3386
-0.2789
-1.4075
0.3277
-0.8679
-0.9920
-0.5730
-0.6301
-0.5667
-0.4505
-0.3067
-0.5869
0.1183
-0.9998
-0.5277
-0.5593
-0.8188
-0.8332
-0.2058
-0.4982
-0.5477
-0.9514
0.3118
-0.3082
0.1306
-0.5179
1.6660
-0.6904
-0.8011
-0.4595
0.2444
-0.2392
-0.6248
0.2061
0.3603
-0.2423
-0.7290
-0.3677
-0.2376
0.1385
0.3043
-0.3606
0.0805
-0.1707
-0.2466
-0.3641
-0.2359
0.0337
0.2619
-0.5111
0.1460
0.0803
0.2351
-0.5014
0.0970
0.0168
-0.0816
-0.2093
-0.1016
-0.1716
-0.1601
-1.3147
0.1285
1.2442
-1.3338
-1.4199
0.6010
-1.0115
0.1985
1.0375
-2.7296
-1.8560
-0.9028
-2.2709
-1.9556
-3.6285
1.0870
-1.8299
-0.9522
3.3495
-3.0969
-3.2689
-2.1740
-0.4931
-3.4050
0.0634
-1.1184
-0.3567
3.3805
0.1967
-0.5024
-0.0056
-2.9238
-1.6267
-2.7418
-2.0095
-1.9394
1.2598
-2.7630
-0.1898
-1.6319
-3.2696
-1.5274
0.3808
-2.7161
-0.3089
-2.1218
1.8462
-0.3611
0.1535
0.7713
-1.2306
1.4347
1.2023
-1.2612
0.4967
0.6593
-0.4867
-0.1886
-0.2401
-0.4500
-0.6968
-0.3787
0.2313
-0.4550
-0.7083
-0.5077
-0.2908
0.5218
-0.1515
-0.0824
-0.3194
-0.3030
0.0321
0.0817
-0.9255
-0.8490
0.0018
-0.7559
-1.0247
-0.1624
0.2092
-0.0966
-0.4909
-0.0052
0.0573
-0.1078
-0.1657
0.0494
-0.3475
-0.3106
0.4073
0.0138
-0.2196
0.0727
-0.1965
-0.5987
-0.2352
-0.2396
-0.0083
0.0706
-0.2571
-0.0040
-0.3872
-0.1753
0.0368
0.1820
-0.1104
-0.1421
-0.2625
-0.0804
-0.1652
-0.0663
-0.0006
0.0798
-0.1082
-0.0521
0.2152
0.0643
0.1191
0.0442
-0.0445
0.1070
0.0615
-0.1362
-0.2056
-1.4682
-0.5848
1.2835
1.6313
0.6316
-2.1378
-2.7989
0.9631
-3.6859
0.1423
0.0356
-1.7510
0.6715
-4.5907
-1.6126
-2.8293
-3.6976
1.1625
-5.9387
-0.5937
-5.8912
1.1362
-3.8079
-1.2792
-1.0917
-0.9622
0.6479
-0.3925
-2.0195
0.2101
0.0113
-3.4514
-2.0893
-1.2921
1.1500
-1.2677
-3.7414
-2.2367
-2.0766
1.1965
-0.9201
-3.1364
1.5336
0.2828
4.1544
-1.5196
0.4064
-2.4840
-1.9192
-1.7474
0.0272
-1.1774
-1.1117
0.1721
0.3541
2.9863
1.3084
-0.0118
0.6234
-0.5284
1.2456
-0.4173
-0.6328
-0.3215
-0.2220
-0.4166
-0.1007
0.2755
-0.7642
-1.0028
1.1401
1.3558
0.3803
-0.3669
-0.1199
0.5443
-0.0587
-0.3398
0.3277
-0.2823
0.3696
-0.0817
-0.4322
0.2981
-0.3490
0.7194
0.0376
0.0249
-0.2226
-0.2339
1.6980
-0.0311
0.3302
1.1438
0.0737
0.2997
0.1658
-0.0650
-0.0243
0.1170
-0.1316
0.6277
0.3247
-0.0294
-0.1619
-0.0395
-0.1158
0.0301
0.2738
-0.1774
-0.0786
0.3071
0.0363
0.3436
0.3915
0.3212
-0.0210
0.3717
-0.1341
-0.1585
-0.1463
-0.0206
0.1032
0.0789
0.2762
-0.3793
-1.0610
-2.0804
0.9678
1.8527
-0.8077
-1.8257
1.3573
0.4695
-1.4142
-1.5134
-2.9673
0.0869
-1.9365
0.2387
1.7908
1.8117
1.3503
1.2255
1.2687
-0.5993
-2.2272
-0.1546
-1.8845
-0.7682
0.9369
-1.5574
-3.1108
0.9890
-1.7026
-0.2102
-4.8013
-1.5855
-1.9277
-2.1372
-5.9335
-4.6385
-2.1488
-2.1620
-1.2416
-0.1192
3.5673
1.4274
-0.4289
2.9566
5.3971
3.6456
1.5877
-1.5907
4.9288
-1.1349
5.3372
1.8222
-1.4393
-1.2294
-1.3840
-0.9238
-0.6290
-2.2994
-2.1894
-2.5568
-1.3569
1.2654
-2.5514
-0.9134
-1.9930
0.7336
-2.7346
0.2901
-1.6335
-0.7575
-0.7629
-1.0810
-2.1305
-0.8222
0.1727
-1.1087
-2.0141
-1.4898
-1.2624
-2.2040
0.1417
-2.3361
1.6830
-0.7820
0.1273
-0.4478
-0.8386
-1.4163
-1.7734
-1.0517
-2.3647
-2.0774
-1.5679
-0.2033
-0.5118
-2.0985
0.9762
0.9149
0.7920
-1.5342
-1.5719
-0.2929
-0.3677
0.3176
-1.6007
0.3038
-0.2052
-0.2158
0.1023
-0.6507
-0.9023
-0.0065
-0.4029
0.2264
-0.2990
-0.3926
-0.2034
-0.2432
-0.0770
0.0757
-0.1383
0.2052
-0.1328
-0.1394
-1.0581
-1.4065
0.5769
2.0595
-1.6981
-1.0520
0.5070
-1.1906
-0.5102
-1.8604
-0.0942
-0.4617
-1.5688
0.6710
-0.3700
-1.5294
-2.0947
0.3289
1.1226
0.9341
-0.2497
0.8058
0.2329
0.5223
1.7184
1.4310
1.8451
-0.0004
-1.3015
0.6800
0.0187
-1.9431
1.5390
-2.5798
-0.1070
0.8835
1.4760
-2.8531
2.7164
1.0991
-1.4951
-1.7044
-2.7531
-3.2641
-1.3957
-1.6228
-0.5385
-2.7035
0.7851
-0.5421
0.6824
-0.3643
-0.2901
0.2828
0.3437
6.0013
-0.3279
-0.2101
-0.8862
0.6252
-0.9037
-2.3598
0.9881
-1.4660
-0.5464
1.5863
1.0535
1.9573
-0.7946
-0.7689
-0.3260
-0.3800
-0.6058
0.0905
0.1529
-0.2162
-0.5573
-0.1694
-0.7098
-0.3766
-0.1523
-0.3447
0.5527
0.3407
1.1834
0.5285
0.2102
1.2004
-0.6952
0.3157
2.7324
-0.2338
-0.1247
-0.0761
0.5751
-0.0526
0.3714
-0.6828
-0.3311
-0.1554
-0.1142
-0.1130
-0.1876
-1.0584
0.3933
0.1926
-0.2622
-0.2131
-0.0582
0.1858
0.2820
-0.0421
-0.5189
0.0395
-0.1335
0.1850
0.2438
-0.2725
-0.0253
0.0264
-0.0866
0.0588
0.0591
-0.0274
0.0731
-3.2016
-0.8173
-0.3209
-1.3415
-0.6037
-0.4302
1.5927
-1.5697
1.1896
1.5961
1.6419
0.8061
-0.5814
-2.0739
-1.3976
-0.8023
0.0331
-2.2817
0.1826
1.8565
-1.6735
-2.1124
-2.0017
0.4140
-3.0809
-1.2616
0.4620
-0.9271
-2.3657
0.8567
-0.2648
-5.7095
-4.8450
-2.5383
-3.1339
-4.1638
4.2538
3.6462
-2.2798
2.2168
-3.4518
-0.8443
1.1075
-3.6661
-1.8220
2.6690
-0.8186
2.3243
0.8217
-0.6733
-0.6229
-0.6420
3.0481
-0.5482
1.5959
-0.2093
-0.9700
-1.1715
-2.3745
2.6146
-1.8001
-0.5606
0.6405
-1.4932
-1.5373
-1.2903
-0.4754
-1.5732
1.5122
-1.3520
-0.8096
-0.0710
-2.0052
-1.4870
-0.9413
0.9780
0.8626
-1.3409
-0.7539
-1.9667
-1.2733
-1.0539
-1.3512
-0.8892
-1.8547
-0.7584
0.8845
0.0859
-1.3056
-1.1164
0.5031
-0.8294
-1.0413
-0.5220
1.0859
-0.3583
-0.8958
-0.0499
-0.1791
0.8476
-1.0699
-0.4071
-0.1388
0.6916
0.9791
-0.9020
0.1098
-0.5176
-0.1357
0.2831
-0.9253
-0.4249
0.4899
-0.3937
0.4042
-0.2926
0.1550
-0.2506
-0.0234
0.1339
0.2148
-0.1691
0.1632
-0.2828
-0.3062
-5.8615
0.0400
-3.1187
-4.5598
0.3916
-0.7664
0.4570
-2.0304
-2.9035
2.1689
0.5367
-0.3173
0.5342
-1.4262
2.3080
1.5548
0.6190
-1.6449
-0.4694
0.6746
2.4228
-1.0485
-2.7850
2.6891
-2.4442
0.2847
-2.0433
0.2421
0.6749
-0.6365
0.0397
-3.2920
-0.3921
2.3860
-0.8081
-2.3591
3.5095
2.0186
0.4071
-1.4683
-2.8672
-2.1617
0.7450
2.2693
-1.9241
-1.0977
1.5444
-0.1439
-2.1895
-0.9953
-0.4658
-0.2740
-1.7455
-0.4935
-0.2173
-0.8744
-0.2688
-0.3365
1.0922
-0.3223
-0.4324
1.6655
-1.2530
-0.9141
-0.4404
-1.0447
0.3860
-0.0797
-0.9260
-0.6039
-0.0982
-0.1367
0.1284
-0.4199
1.9477
2.1172
0.1898
-0.4025
-0.5388
-0.7223
0.0194
0.7370
-0.5747
-0.0591
0.9687
0.2937
1.2357
-0.7741
-0.3042
-0.5878
-0.1175
-0.3438
-0.4211
-0.0240
-0.1260
-0.1459
-0.2518
0.2781
0.0332
0.4265
-0.5218
-0.3134
-0.2020
-0.0790
-0.0261
-0.2957
0.6710
-0.1509
-0.2721
-0.3575
-0.2234
0.0136
0.6124
-0.0956
0.0582
0.0347
-0.0374
-0.0191
0.0274
-0.1522
0.0308
-0.0637
0.0161
0.1025
-0.0428
-1.5880
-0.6616
1.4535
-2.2944
-0.3998
2.6660
0.1541
-1.4448
2.0828
1.3432
0.9789
-0.6903
-2.9414
-0.8373
-3.1782
0.8040
0.4922
-4.9181
-1.2703
1.7697
-2.5770
0.6281
-0.2170
1.7818
0.1820
-4.7025
-1.7227
-1.9973
-1.9087
-0.6406
-0.1280
-2.8674
-3.2399
-3.4653
-3.3293
-5.4655
0.1864
1.4295
2.3762
1.1142
0.8047
2.2091
0.7103
-5.0678
1.7915
-1.1006
5.2592
3.4713
-2.6235
1.2409
-0.9401
3.1294
-1.3502
-0.6786
-0.5993
3.1857
-1.1275
-0.8357
-2.0171
-0.5085
-1.3909
2.5233
0.5545
-1.0325
-0.0610
-1.3684
0.7379
-0.7840
-0.4734
-1.5772
-0.5010
-0.1290
-2.1681
-0.9074
-1.9894
0.6300
0.7318
-1.0678
-0.7467
-1.9537
-1.5613
0.5123
-0.8853
-0.7626
-1.3922
1.6942
0.2886
1.6491
-1.9718
-1.0867
1.7487
-0.8065
-0.9923
-1.8169
0.7890
-0.3030
-0.9412
0.8535
-0.5233
0.7364
-0.9485
-0.2352
-0.3580
-0.2203
0.4113
-0.6014
0.4890
-0.7458
-0.1752
-0.0785
-1.1180
-0.2278
-0.0278
-0.6813
0.2896
-0.7821
0.0983
-0.0235
0.0330
-0.0770
-0.0619
0.1958
0.0207
-0.3225
-0.3514
-3.9219
-0.5298
-0.1087
-0.8440
-0.1330
1.5012
0.3330
-0.9598
0.2167
0.5720
-1.8096
-0.3527
-1.0697
2.5467
-0.7412
-0.0588
-1.0907
-0.6439
-1.3683
-0.7188
-0.2801
-1.5362
1.5287
-0.5991
-1.4592
-0.7900
-1.4676
0.6565
0.1312
1.0705


Weights 1->2:
-1.3055
-1.1799
-0.5059
-0.6487
-0.5625
-0.4854
-0.5817
-0.7931
-0.2749
-0.5843
-0.5499
-2.1108
-0.5111
-0.8714
-0.7531
-0.3266
-0.3763
-0.4722
-0.4672
-0.5801
-0.5481
-0.6699
-0.3721
-0.3236
-0.5236
-0.7414
-0.4121
-0.4066
-0.3278
-0.4663
5.0241
-1.2549
-1.1553
3.1273
0.8600
2.5816
-2.0136
3.4884
0.3637
2.2914
2.5686
-3.2246
3.7721
3.1492
1.5288
2.8842
-1.1837
0.4503
-0.6383
1.2878
-1.2475
2.1903
-1.3986
-3.4886
2.0598
0.6551
-1.8824
0.0598
0.3377
-0.1768
1.8361
0.8090
0.6770
0.8965
1.0354
-1.6668
0.9310
2.7548
-3.2788
-0.6582
-2.3464
3.2233
0.2226
2.1825
3.3989
-1.3158
3.5962
-1.6598
1.0275
-1.1427
2.2872
1.2215
1.3570
-2.0992
-0.2627
4.0318
0.1061
3.5886
-0.2859
3.5113
3.0885
1.9221
-0.1519
-0.8802
1.1488
-3.3411
0.2575
1.8868
-2.9277
0.7108
-1.1644
2.4360
1.0877
2.0177
3.3078
2.3193
3.1563
-0.3375
0.5343
-0.2261
-0.3780
1.3794
2.3831
-0.4703
-1.1083
2.7398
-3.2843
3.6061
0.7739
4.1010
2.7701
1.6809
-0.3835
-0.1790
1.2259
-2.6503
-0.5620
2.9303
-2.4178
0.5467
1.2353
2.7079
1.2052
1.5490
4.1961
-1.3486
1.9984
1.6761
-0.2253
-0.8169
3.4697
-3.0265
1.8992
-1.1074
-0.8611
3.3610
-0.4435
4.0970
-0.6080
2.5732
1.8724
1.8736
-0.5154
0.4551
2.9817
-2.3606
0.0523
2.7775
0.3696
-0.4214
-0.9184
1.1799
0.7695
-0.1834
3.3646
0.6665
3.3147
0.5394
-2.1869
-1.1654
2.2737
-3.0638
2.8394
0.6063
1.1894
2.8825
-1.8301
4.4012
1.8652
3.2624
5.6119
1.5091
0.8440
1.2731
0.6729
0.4928
0.4609
1.3946
-1.5687
1.7873
-2.1486
1.6955
0.4789
1.5044
-0.3789
-0.4844
-1.4638
3.4074
2.7892
-3.4563
1.4904
1.4932
-0.1907
2.0133
0.6075
-0.3213
-1.1451
-2.2095
3.1419
-0.6469
4.9756
1.4494
1.8504
0.1025
0.0453
1.3978
1.9531
0.8702
1.5714
-1.9270
-0.0693
1.4652
0.0792
2.9960
2.0975
-1.1322
0.0402
0.1815
-0.0701
-2.0880
0.3054
2.2255
-2.2578
-1.4846
0.1087
2.0194
0.3649
-2.1384
-0.7659
4.4325
4.3294
1.5857
2.5064
2.0866
2.3775
0.9085
1.2468
1.9742
-2.1572
-0.9756
-0.5019
1.5154
-2.3909
1.6307
2.8309
-1.7711
-0.1459
1.4281
-0.5177
1.7776
1.3190
2.6498
1.2157
4.8512
0.6256
-1.6637
-0.3129
-2.3224
-0.0280
-1.4993
5.8932
1.2353
-0.6505
-2.1867
-1.7525
-0.2517
1.5837
0.0346
1.5714
0.3563
-2.8917
2.6433
-1.2889
1.7631
0.7331
0.7336
-1.5588
0.4808
-0.1270
2.4061
4.6129
-0.0383
-1.5313
-1.4140
1.7086
2.9937
-0.9600
-6.1994
1.8390
2.6185
3.6000
2.5239
2.5518
2.6677
1.7197
1.0880
1.4253
3.5633
-1.4125
-0.0558
0.3412
2.1494
-0.3624
0.7116
-0.5752
-0.3491
0.1937
-0.9302
1.2743
-0.2312
-0.2784
2.2841
1.0677
1.0126
-0.6113
-1.1298
0.2331
-2.3823
-0.2779
-3.9832
3.4738
1.7639
-1.3394
1.6681
1.7628
1.2419
1.6664
3.8104
2.6906
-2.2568
-1.4626
2.5736
-1.1853
1.6192
0.2808
-0.7974
0.8797
0.1299
-2.4311
2.9233
0.3042
1.0414
0.8555
-1.5006
-0.0113
0.4995
0.7813
0.3100
-0.1841
-1.1072
3.4839
2.2417
0.2379
2.0251
0.3176
-0.8990
1.4874
1.5045
-0.4021
-0.3547
-1.6511
2.3217
-1.6950
3.0217
0.0185
-0.5638
0.5338
2.5616
-1.3014
-1.8515
0.3262
0.9625
2.0016
1.3523
0.5192
0.0517
0.5565
-2.2939
2.8136
-3.9837
1.7034
1.9196
0.9752
1.3164
2.2010
0.0580
0.6067
1.0070
-2.1318
-1.6410
-1.5934
1.5952
-0.7719
1.3273
0.7064
2.4507
2.3176
0.6338
-1.4085
-2.8507
0.2487
0.6254
3.6205
2.0293
1.5802
0.9290
1.5466
3.4447
-0.6402
4.7547
3.0388
1.7135
2.2985
1.8571
-2.2623
1.3008
0.8468
-0.5835
0.4915
-4.5046
-1.9936
2.4616
0.4392
1.1623
1.5367
0.0735
-1.9874
-1.0424
0.7466
1.9323
-0.1276
-0.3775
3.2222
-0.9164
2.4606
2.4912
0.5800
-2.3492
-1.7123
-1.3395
4.2476
1.5612
3.5931
1.4059
-1.9657
1.6636
0.3686
1.6230
-1.6340
-2.0057
-2.9624
1.9095
-0.4414
0.9588
-0.3392
-0.6557
1.2156
-0.9363
2.9242
-0.8642
1.5529
2.1521
1.1515
-2.8235
0.5197
1.5402
0.7693
-1.7078
0.4733
-1.3590
3.7292
2.0297
-0.2677
0.5361
-0.3199
0.9203
0.6621
2.2501
0.9766
1.1287
-1.2282
0.6136
-0.8580
1.2428
-0.3773
-0.8748
0.2104
2.1420
-0.9382
-1.2853
1.4019
1.1661
1.4573
1.9106
-0.0660
1.5347
-0.0431
-1.1054
1.6912
0.5296
4.1219
1.9601
-0.1452
2.4112
-0.5669
2.7076
1.6280
2.0528
1.8245
-1.4099
-2.5541
0.5280
-0.6961
1.2572
2.3062
1.8202
0.5074
0.0420
-2.4616
0.3745
-1.4647
1.5904
0.9840
-0.9857
-1.3652
-1.3330
-1.7879
-1.2856
-2.4100
0.4388
2.8143
0.5580
2.4714
2.6332
2.0121
0.1572
-1.3792
1.2023
-2.4622
0.4292
-1.3795
0.7183
-1.3873
-2.2967
2.7513
2.0999
1.6307
1.0555
-2.8360
2.9762
0.7231
3.3461
-2.1284
5.4093
0.0804
-1.8694
-2.7617
-2.0814
2.2203
-4.0784
0.8936
2.3009
-1.8417
2.2255
-1.9330
1.4328
1.7987
3.1236
2.3343
0.1180
-0.0750
0.8314
-0.7862
1.4175
-0.7014
1.8733
-0.1927
0.1114
-1.1353
-0.3924
-0.6481
1.3827
2.7352
0.2439
-0.8646
0.8799
-0.9436
-1.5835
-1.6340
-1.9225
2.3584
-0.2071
1.2385
2.5489
1.0099
0.1872
-2.0095
2.2963
0.4708
0.7587
3.0640
-1.3734
3.1965
-0.0429
0.8104
0.0366
0.5700
1.2358
-1.2301
0.3549
0.0715
2.4449
-1.5047
0.4499
2.1587
-0.9599
-0.6503
0.2519
0.0884
-0.1097
2.6194
2.0420
3.5459
2.4546
-0.0934
1.7073
-0.6345
0.7500
-0.1785
-2.4738
-1.3887
0.1859
1.0079
-0.6186
-1.7028
0.2012
-2.3786
-1.1653
0.4611
-1.7165
0.8741
0.6889
0.6749
2.6529
0.3334
2.8009
1.0613
-0.9552
-0.7450
-2.3148
-0.7464
1.9410
-0.9366
-1.4061
2.5118
-1.2587
-2.0168
-0.6232
1.3043
-0.5882
-1.6281
0.5835
1.2604
0.1177
-0.3975
-1.4751
1.0338
1.0161
-0.3351
1.4615
2.5141
-1.1800
1.0656
0.1979
0.7671
1.5861
-0.5076
1.3651
0.9108
4.5298
2.4047
-0.4560
0.5254
2.3923
0.7424
0.7305
-2.0033
2.4642
0.4701
0.2134
3.3312
-1.0743
3.3703
-0.2638
0.5157
-0.1313
-0.2839
0.7817
-1.0190
1.1984
0.2300
2.5347
-2.4565
0.1054
2.5631
-1.5225
-1.2930
-0.2405
-0.0133
-0.2436
-2.3503
0.6812
-2.1577
-3.9130
0.4652
-1.2690
-1.6772
2.1060
0.8960
1.1645
-1.3082
-1.7862
-0.9078
2.2508
1.9697
-1.2896
0.8248
0.2529
0.8164
0.2063
3.2739
-2.6958
1.2923
-0.9024
-1.8641
-0.7978
1.3648
3.3955
-1.4320
3.0222
0.6196
2.2999
-1.0198
0.6915
1.9857
0.4575
1.4912
1.6744
-0.9376
0.8825
-0.2681
0.6180
-0.0155
0.3656
-0.6842
-0.2868
0.5536
-0.3152
-1.2521
0.3603
-1.3010
-0.7848
-0.0208
1.2270
-1.2317
0.0776
0.3206
0.7683
0.1341
-0.5213
0.6052
-2.8163
1.4407
-1.5561
3.5064
-0.0595
1.4331
-0.3591
-1.4797
-2.1912
0.3291
0.2782
-2.5874
0.3495
4.4305
1.0796
3.5156
2.0435
-0.7395
0.2863
-0.5319
-1.2178
-1.1277
0.5927
-1.4973
-0.8076
-0.8704
1.3679
-2.3049
-0.0118
-1.8593
2.3346
0.6028
-0.4761
-0.1013
-1.1891
-0.5755
-1.3239
-0.0217
-0.0858
-0.9314
0.1905
-0.3131
1.4560
0.7986
-0.4718
-0.2357
-0.5474
1.9639
-0.7614
0.1062
0.0704
-0.2356
0.7531
0.4699
-0.1751
1.3036
1.9500
-0.2601
1.1349
-1.8559
-2.0378
-0.9451
-1.0103
-0.4255
-1.7877
0.7930
-1.2774
-0.6774
1.1382
-0.1943
3.4130
-0.3921
-2.3415
0.6523
-0.2564
-0.5960
-0.6088
2.8370
1.9927
-0.5922
-1.0199
-0.5429
-0.2897
-0.5376
1.4844
0.5821
0.9457
0.5925
0.6967
-0.6343
-0.9562
-0.6316
-1.2305
0.2596
-1.5214
0.3967
-0.9225
0.0115
1.9544
-0.2216
3.5010
0.3628
-1.8330
-0.5377
-0.0208
-0.5891
-0.2612
1.7679
0.5740
-0.2578
-0.2191
-0.2000
-0.0389
0.0124
0.0963
0.5765
-0.5449
-0.2406
-0.0710
1.2016
-0.2276
-0.2736
2.2279
0.5532
0.0650
-1.9206
0.9400
0.7026
0.2133
0.5540
2.3328
2.9437
1.0057
-1.0891
0.6889
-0.2307
-0.4416
-1.1584
0.4654
-0.0157
1.9719
-1.0944
-0.0657
1.7445
-0.7556
-1.5355
-0.4579
-0.2538
-0.8810
-1.3664
-0.0194
-0.4557
-0.8075
-0.7040
1.6772
0.5074
-1.3128
0.7887
0.0668
0.6780
2.0523
0.0744
-1.0733
-0.3895
0.3980
-0.7601
-0.5875
0.4093
0.0667
0.1494
-0.6494
-0.5821
0.5090
-0.4006
-0.5598
1.2310
0.4804
1.1586
0.2030
-1.1305
1.0918
-0.3121
-0.7114
-0.2922
-0.6496
0.6403
-0.9328
-0.0035
-0.4307
0.6047
2.3703
0.3121
-1.3958
-0.6152
0.3392
-0.4852
-0.4557
0.8956
-0.1187
0.0902
0.0560
-0.1785
0.0145
-0.4824
-0.0673
0.5666
0.0280
-0.0239
0.0995
-2.8065
-1.1043
-0.6424
0.2241
-0.8470
1.0280
-0.2426
-1.4433
0.4337
1.5400
4.9016
-3.4011
0.6890
-0.2456
-1.1479
2.9962
-0.7292
-0.3889
-0.1690
1.2134
-0.0586
-1.2181
0.2184
0.5910
-0.0588
-0.9784
-0.6382
-0.3691
-0.1004
-0.1770
-1.0661
-0.0857
-0.5174
-0.8623
-0.0436
-0.6594
-0.0072
-1.0987
0.3717
-0.3076
0.5116
2.3545
0.4313
-1.8329
-0.3323
0.6571
1.9562
0.1320
1.4588
0.3310
0.0001
-0.8244
-0.1474
-0.0113
-0.0605
-0.3156
0.3264
-0.1434
0.2931
0.1488
-1.9811
-0.8688
-0.4180
-1.2504
-0.8400
3.6885
1.0988
-1.4142
0.3193
0.7698
1.9258
1.4012
-0.7681
0.2666
-0.3993
1.0512
-0.8666
-0.4021
2.4772
0.2833
-0.1868
-0.8599
-0.2449
-0.1368
-0.2241
-0.9396
0.2036
-0.0387
-1.0533
-0.8621
-1.1808
0.0785
-0.5927
-0.7822
-0.7226
0.9047
0.9982
-1.0718
0.0310
-0.6053
-0.1755
2.1049
0.1441
-0.4768
-0.5394
-0.2798
-0.8377
-0.3310
0.4893
-0.5321
-0.3137
-0.7025
-0.2050
0.0554
-0.2027
-0.6241
0.1686
-0.1843
-0.1590
0.1425
-1.5727
-0.7233
-0.7431
-0.3862
0.0602
-1.1093
-0.3210
-1.5115
-0.2622
2.0329
-0.4596
2.0670
0.4467
-1.7225
-0.1447
-0.0355
-0.4145
-0.6288
0.1295
1.3350
-0.8836
-0.2082
0.0992
-0.0049
-0.1727
-0.2345
0.7197
1.9101
1.6559
2.4616
-1.6222
-0.6992
-0.7192
-0.8693
-0.3022
-1.1483
0.4937
-1.2931
1.1037
-0.4822
1.0033
2.6353
-0.5249
-1.4571
0.8270
-0.5234
-0.2203
-0.5662
1.4743
-0.4765
-0.1298
-0.3140
-0.0890
-0.1423
-0.3845
-0.2059
0.3336
-0.4183
2.0053
0.6073
-0.8581
1.6959
0.7375
-0.0014
0.0541
-1.6711
-0.1928
-0.0217
0.8128
0.4704
0.3368
0.3030
1.8640
1.0027
0.0881
0.0406
0.5585
0.1074
-0.4991
0.0718
0.3059
1.0560
0.0167
0.6099
-0.0442
-0.8142
1.2397
-0.2179
-0.1503
0.2006
0.9228
-1.4793
2.7210
1.1255
2.8039
-0.5776
-0.7907
1.1595
-0.5556
-0.4325
-1.6057
-1.9231
-0.7343
0.0917
1.6802
-0.2446
1.6321
-0.2493
2.6300
-0.8418
0.4719
-0.7152
-1.2520
-0.6773
0.2092
1.7718
-1.4320
1.3323
-0.1354
0.0922
0.3095
-2.3388
-0.6573
3.7825
3.9077
-1.9361
4.4516
-1.4742
-0.8620
-2.6354
-1.8993
-3.1149
-1.2701
-1.8224
-2.5821
-2.0063
-1.2114
-0.3841
-1.0910
-1.4016
-2.9469
-2.1037
-1.8884
-0.5663
-0.3708
2.4417
-0.7968
-1.5875
-1.1565
-2.1590
-1.3008
-1.6943
-0.5314
-0.0966
-0.5922
-0.7519
-0.7989
-0.8601
0.3541
1.5558
0.3086
2.3594
0.7727
-0.7173
-0.0104
0.2049
-0.2738
0.0444
0.7400
0.6660
-0.4000
-0.9444
-0.2479
-0.0925
-0.3485
-0.4910
0.0215
2.0676
0.2415
1.4125
-1.3547
0.0924
-0.2063
-0.3670
-0.8493
2.5697
0.7432
-1.6581
0.2321
1.4961
2.1743
0.2650
-0.1458
-0.1141
-1.2482
0.4631
-0.5533
-0.3485
0.1408
0.2706
-0.4463
-0.4508
-0.2690
-0.2738
-0.3482
-0.0003
1.5042
-0.2443
-0.7616
-0.5068
-1.5784
0.2898
-0.3414
1.2110
-1.0733
-0.6968
-0.7380
-1.8360
-0.1345
2.9375
-0.4803
0.8942
-0.6180
-0.5971
-0.9206
-0.6512
0.8860
0.0916
-0.0536
0.3781
-1.1549
-1.1013
-0.2255
-0.2428
0.0024
-0.3348
-0.8477
2.9025
-0.6839
0.4890
-0.5200
-2.4057
-0.3288
-0.5991
-0.4012
-0.6539
-0.7394
-0.8236
0.2844
0.6627
-0.3871
2.5507
0.1107
-1.4070
-0.2878
0.4634
-0.3287
-0.3303
0.5778
0.2832
0.1953
0.3243
-0.4424
0.0475
0.2441
0.0329
0.9578
0.0104
-0.2410
0.0233
-0.9040
-1.2427
-0.5338
-0.4418
-0.5096
-1.4820
-0.5789
-0.8211
-0.0801
-0.0118
0.1809
2.4314
-0.0769
-1.2913
-0.3245
0.1070
-0.2596
-0.2156
-0.3623
-0.3425
-0.3619
-0.0399
-0.3392
-0.2318
-0.3879
-0.1373
0.0214
-0.4803
-0.4055
-0.2067
-2.7482
-0.4581
-0.5189
-0.4455
-0.7821
0.5031
0.0538
-1.0022
2.6164
1.2837
2.4216
-1.5482
-0.3994
0.3985
-1.2228
-0.1096
-0.4605
-0.4068
1.4549
-0.0694
-0.3382
-1.1067
0.5573
-0.4830
-0.1388
-0.8527
1.2524
0.9078
-0.1606
0.5091
0.2873
-1.3414
0.3252
1.1296
-0.1377
-0.1131
-0.6834
-0.0521
0.9688
1.2062
2.2243
-2.5549
2.7803
-0.1715
0.3497
0.2201
-0.2825
0.9477
-1.3910
-0.4047
0.2533
2.4414
-1.1041
0.3317
1.2145
-0.5479
0.6334
-0.2567
-0.3547
-0.6390
-1.3102
1.0065
-0.5396
-0.7836
-0.6677
-1.9023
-0.6417
-1.1689
-0.1969
-0.7772
-0.5020
1.0297
-0.3119
0.5321
-0.7740
-0.5298
-0.0138
-0.2047
-0.3106
-0.6752
-0.4089
-0.7143
-0.2791
0.4100
-0.5156
-0.5041
0.2542
-0.3380
-0.1136
-0.8354
-2.4171
-2.1018
1.5583
0.4772
-1.0441
-0.9434
-0.5064
-0.0865
-0.3487
-0.5161
-1.8008
-1.9306
0.4283
1.0123
1.6585
-0.7628
0.3600
-0.3657
-0.0065
-0.2001
-0.9517
1.9574
1.1077
1.2708
0.4807
1.8462
0.7031
4.6177
1.3266
-0.4542
-1.0828
0.2572
-0.3387
-0.5019
-0.5850
1.6399
0.3465
-1.1488
-0.2077
-0.3423
-0.0681
1.2732
-0.0129
-1.1426
-0.7515
0.0188
-0.2837
-0.0407
-0.4228
-0.3560
-0.3690
-0.4737
-0.5053
0.0548
-0.2958
-0.7246
-0.2325
-0.3099
-0.2832
-0.3370
-2.7683
-0.1003
-0.5806
-0.8950
-0.5501
-0.0364
0.1869
-1.4959
1.8312
1.3356
2.0022
-1.6849
-0.5652
0.5886
-1.1533
0.7034
-0.3994
0.1349
1.0164
0.2511
-0.3354
-1.0803
0.5895
-0.4275
0.0093
-0.4147
1.6235
-0.4150
-0.3487
-0.0619
1.2267
-0.6602
1.2431
-0.9147
2.0303
0.7393
-0.2928
1.5224
0.6820
0.6702
0.8745
-1.7501
0.7158
-0.3218
-1.1212
0.0711
1.5529
0.4777
-1.3837
1.7285
-0.8592
0.5477
-0.2050
0.0529
0.6550
1.1979
-1.1452
-1.0594
1.3519
-0.1288
-1.1979
-0.9025
-0.4663
-0.0547
-0.3446
-0.3283
-0.2402
-0.9274
0.2119
0.4425
0.0712
1.6122
0.1739
-0.7409
-0.1973
0.2183
-0.2990
-0.3669
0.0773
-0.1354
-0.1391
-0.3713
-0.1939
0.0174
-0.3546
0.3549
0.7141
0.9344
-0.1071
0.8093
-1.1851
-0.1959
-0.3072
-0.6396
-0.6881
0.4721
-0.0820
-0.8447
-0.2138
-0.2214
-0.4328
1.4606
-0.2269
-0.9464
-0.5589
-0.1703
-0.3699
-0.4007
-0.1206
-0.2261
-0.1544
-0.7992
-0.4472
0.2082
-0.4969
-0.5379
0.0042
-0.2847
0.0421
-0.2278
-1.1979
0.5886
-0.2559
-0.5140
-0.6070
0.8855
0.6363
-0.8133
-0.1968
-0.2097
0.6803
0.7062
-0.2824
-0.5341
-0.2815
0.0069
-0.1325
-0.3523
-0.0262
-0.3785
-0.2024
-0.6327
-0.3209
-0.1217
-0.1656
-0.0219
0.3812
-0.1188
0.3473
-0.2696
-1.1429
-0.3197
-0.5148
-0.7721
-0.2593
1.0337
0.2752
-0.8466
0.0125
-0.4647
-0.0294
1.2501
0.1322
-1.2864
-0.5664
-0.1534
-0.3535
-0.3806
-0.0377
-0.0541
-0.1860
-0.4167
-0.0317
-0.0469
-0.2223
-0.5557
0.4447
-0.0476
0.0464
0.1392
0.7027
-0.5151
-0.1312
-0.5566
-0.6691
0.2660
-0.3852
0.0735
0.7500
-0.5995
0.2911
-1.6333
1.2771
1.3869
1.3753
-0.4540
1.4935
0.1820
0.1783
0.3245
0.0011
1.4046
-0.3835
0.4504
0.7134
0.8740
-0.4281
2.1954
-0.6096
1.2164
-1.9700
0.6328
-0.4221
-0.4684
-0.8499
0.7741
0.6913
-1.1375
0.2548
1.7184
1.8142
-1.0014
0.0676
0.4949
-1.1190
0.0927
-0.6891
0.4029
0.6405
1.0386
-0.5313
-0.7054
0.1650
-0.2811
-0.2865
-0.5146
1.2917
-0.3955
-0.1972
-0.5547
-1.2747
-2.3564
-0.5033
-0.6873
-0.5170
-0.8401
-0.5914
-0.9591
0.2730
-0.5221
-0.1406
2.2007
0.4077
-1.1745
-0.3999
0.2908
-0.4891
-0.3581
0.6156
0.0704
-0.0537
-0.4618
-0.2723
-0.2105
-0.4647
-0.7473
0.5603
-0.3748
-0.0664
-0.2132
-1.9648
-0.5141
-0.5249
-0.2895
-0.5597
0.7621
0.4983
-1.0701
0.9770
0.9874
2.1612
-1.9416
-0.4010
-0.4164
-0.6454
1.3361
-0.5667
-0.0936
0.6104
0.4439
-0.0982
-0.8890
0.0921
-0.1369
-0.2290
-0.2437
1.2869
-0.1318
0.1917
0.3667
-2.0049
-0.0795
-0.3355
-0.3045
-0.6126
1.1288
0.4809
-1.5505
0.9562
1.4457
2.3234
-1.1110
-0.3991
-0.0788
-0.7378
0.0943
-0.7725
0.0136
0.3484
0.7253
-0.2520
-1.0383
-0.0411
-0.3203
-0.3347
-0.8493
1.1987
-0.0191
0.0976
0.0201
-1.2003
-1.2157
2.5893
-0.0533
2.3774
-0.8900
0.4807
0.1106
-0.6852
0.4166
-0.7265
-1.3339
-1.3330
1.6605
0.1010
0.1895
-0.1256
-0.7049
-0.2656
1.1889
0.2755
-1.1805
1.8257
-0.2404
-0.2778
-0.4593
-0.3002
1.4906
0.1359
-0.5071
-1.2520
1.0546
-0.2464
-0.5162
-0.3182
-0.6727
-0.0603
-1.0162
-0.0206
-0.4549
0.0315
0.4870
-0.2753
-0.6845
-0.6597
-0.0147
-0.3926
-0.4172
0.1318
-0.1479
0.0893
-0.5226
-0.1197
-0.0626
-0.4556
-0.7243
0.0464
-0.0999
0.0564
-0.2750
0.7591
-0.8368
-0.1985
0.5194
-1.0469
-0.4385
-0.4663
1.7167
0.1253
0.1713
0.8529
-2.3829
1.2456
-1.1714
0.0534
-0.5177
0.2294
2.2356
-0.8756
0.0417
0.2046
2.5235
-0.9867
-0.3138
0.9613
-0.0393
-0.8959
-0.0337
-0.3935
-0.0681
-1.8967
-0.0653
-0.4076
-0.6629
-0.6750
1.3864
0.4342
-1.0012
0.6128
0.9521
1.9708
-1.0865
-0.3777
-0.2264
-1.0292
0.2685
-0.4592
0.0671
0.7304
0.6550
-0.3752
-0.7677
0.2625
-0.4053
-0.2508
-0.0889
1.6573
-0.5162
-0.2511
-0.2275
-1.3640
1.2603
-0.4480
-0.8348
-0.6750
1.3323
0.4525
-0.9066
-0.1623
-0.5975
-0.0414
-0.0433
-0.5608
-0.6516
-0.8809
-0.3289
-0.6958
-0.5031
-0.2214
-0.3860
-0.2633
-0.4783
-0.4966
-0.3452
-0.3228
-0.6647
-0.2800
-0.4635
0.0015
-0.4230
1.1451
-1.1619
1.9564
-0.3315
-0.3286
-0.7288
-0.1427
1.5849
-0.0482
-0.9051
0.5823
-0.5162
-0.5374
0.9131
-0.6353
0.8924
-0.0094
-0.3749
-0.7440
-0.6639
-0.8044
-0.5670
-0.9219
-0.4441
-0.5190
-0.0720
0.9381
-0.5347
1.9446
-0.2062
0.9775
0.3823
-0.1325
0.4111
-0.2270
0.0261
-0.4265
-0.2147
0.3097
0.0354
-0.0073
-1.3985
0.1504
0.6985
-0.5259
0.2821
0.0765
0.1432
0.4653
0.1759
0.0422
0.1648
0.7329
0.5665
-0.2105
-0.4083
0.4437
-0.0879
0.4030
0.1943
-1.8167
-0.3671
-0.4368
-0.6341
-0.5593
1.7768
0.7072
-0.9774
0.5904
0.9995
1.6636
-0.9066
-0.4818
-0.3495
-0.7887
-0.0688
-0.6328
-0.0769
0.8091
0.3275
-0.2757
-0.6464
0.3163
-0.3827
-0.0845
-0.2470
1.3355
-0.5180
-0.3291
-0.3648
-1.9762
-1.1483
-0.3371
-1.0096
-0.4210
0.4109
0.6928
-0.3206
0.3679
1.9912
1.9201
-2.4510
-0.6789
-0.3268
0.2991
-0.4577
-0.6584
0.2309
0.9306
0.9962
-0.7274
-0.0171
-0.5196
-0.2294
0.0047
-1.0472
0.1477
-0.7744
-0.8728
-0.6080
1.4483
-1.0202
-0.0437
0.0734
-0.7876
-0.5517
-0.7569
-0.0960
0.1064
-0.2083
0.2162
-1.8121
1.5095
-0.9129
-0.5061
-0.5576
-0.1213
0.5422
-0.2366
0.4046
-0.5653
1.3696
-0.5234
-0.2787
1.0032
-0.9151
-0.4249
-0.1698
-0.5180
-0.5620
-1.2790
0.7307
-0.5719
-0.7290
-0.5265
-0.3511
-0.3548
-0.8550
-0.4400
-0.2692
-0.7562
-0.0475
-0.3033
-0.3312
-0.7834
-0.1496
-0.4481
-0.5952
-0.5378
-0.2990
-0.4429
-0.5999
-0.3782
-0.2812
-0.1736
-0.5781
-0.3387
-0.4769
-0.4348
-0.5133
-1.3650
0.9396
-0.3735
-0.7412
-0.4816
-0.5161
-0.3395
-0.7796
-0.1800
-0.3482
-0.4446
-0.1469
-0.2224
-0.2621
-0.8233
-0.1058
-0.3149
-0.2362
-0.2866
-0.2830
-0.3068
-0.5662
-0.5659
-0.2565
-0.3175
-0.6974
-0.1202
-0.6467
-0.2962
-0.4251
-1.7013
-1.2156
-0.4941
-0.3649
-0.0291
0.5463
-0.9785
-1.0263
0.8936
1.6011
1.4448
-2.1285
-0.3233
-0.6372
-0.5065
-0.3885
-0.4866
0.0389
0.1309
1.1975
0.0392
0.0220
-0.2980
0.1951
-0.0296
-0.4387
0.9588
-0.0925
0.1656
-0.3955
-1.2960
1.0651
-0.3211
-0.5014
-0.2079
-0.0432
-0.0040
-0.7145
-0.1730
-0.2674
-0.2449
-0.6897
-0.3894
-0.4199
-0.5878
-0.1096
-0.4147
-0.1115
-0.2413
-0.2424
-0.2026
-0.2695
-0.2837
-0.0391
-0.2217
-0.3895
0.1331
-0.0418
-0.1326
-0.0922
-1.1718
-1.3138
-0.6404
-0.6712
-0.6113
-0.7609
-0.6152
-0.9321
-0.4984
-0.5460
-0.4638
0.5616
-0.6464
-0.7589
-0.6549
-0.5251
-0.4444
-0.4672
-0.3335
-0.3671
-0.4668
-0.6945
-0.4012
-0.2853
-0.5474
-0.7516
-0.3460
-0.6234
-0.3232
-0.2211
0.6276
-0.7739
-0.3096
0.2556
-0.5977
-0.0965
-0.9164
0.3759
0.6017
-0.5079
0.1902
-2.2628
0.9923
-0.3521
-0.1608
-0.2955
0.1415
0.4449
-0.4361
-0.3191
0.2293
0.5767
-0.5225
-0.0426
0.4218
-0.7481
-0.4615
-0.5917
-0.4521
-0.7279
-1.3194
0.5929
-0.3625
-0.8077
-0.4862
-0.5054
-0.3823
-1.0899
-0.5172
-0.5780
-0.4548
-0.7642
-0.5357
-0.5473
-0.8773
-0.4672
-0.5562
-0.3278
-0.3074
-0.3835
-0.6155
-0.6026
-0.4142
-0.2882
-0.2928
-0.6784
-0.2212
-0.4974
-0.5928
-0.3028
-1.1762
0.4644
-0.4207
-0.6781
-0.7222
-0.5782
-0.6959
-1.0225
-0.3453
-0.7541
-0.4685
-1.0282
-0.5912
0.1098
-0.7868
-0.4273
-0.0369
-0.5014
-0.5958
-0.6689
-0.5255
-0.4954
-0.2816
-0.1692
-0.4421
-0.7585
-0.3824
-0.4553
-0.1375
-0.5516
-0.8811
-1.2200
-0.0991
-0.4636
-0.4554
0.0200
-0.2464
-0.7488
-0.0764
0.9701
0.7938
-2.1943
-0.0457
-0.4405
-0.5854
-0.2271
-0.4172
-0.0058
-0.2558
0.0691
-0.2549
-0.0133
0.0026
-0.2155
-0.1796
0.0037
0.4642
-0.1743
-0.1628
-0.2722
-1.3237
0.2251
-0.4630
-0.7071
-0.4821
-0.4006
-0.5899
-0.6288
-0.2483
-0.6762
-0.4479
-1.0029
-0.6417
-0.5545
-0.7519
-0.2523
-0.5324
-0.3313
-0.3590
-0.5195
-0.5872
-0.5311
-0.3471
-0.1773
-0.2274
-0.6024
-0.4167
-0.5639
-0.4307
-0.3801
-1.2121
-0.6128
-0.4452
-0.5701
-0.4529
0.5427
-0.0544
-0.4416
-0.2194
0.0021
0.0997
-1.1345
-0.6430
-0.6511
-0.8639
-0.1767
-0.4002
-0.3928
0.1094
-0.1449
-0.1955
-0.5106
-0.4236
-0.4523
-0.1527
-0.5905
-0.0874
-0.4101
-0.2714
-0.4532
-1.3699
-0.7090
-0.6506
-0.5217
-0.3187
0.3093
-0.4441
0.9373
-0.3170
-0.6312
-0.3851
-2.0970
-0.5431
0.8005
-0.4899
-0.4883
-0.2401
-0.4071
-0.4424
-0.4471
-0.4404
-0.3106
-0.4015
0.0203
-0.6578
-0.9343
-0.5597
-0.5022
1.7484
-0.5001
-1.2912
-1.0653
-0.4282
-0.7525
-0.6100
-0.4514
-0.7246
-0.3762
-0.3819
-0.1399
-0.4001
-2.2328
-0.2865
-0.3926
0.0785
-0.5488
-0.1313
-0.3431
-0.3742
-0.2639
-0.5216
-0.8031
-0.3451
-0.3084
0.9586
0.0277
-0.5082
0.3270
-0.3753
0.1227
-1.2197
-0.9455
-0.3735
-0.5946
-0.5809
-0.7023
-0.5991
-0.8886
-0.4730
-0.4712
-0.3133
-2.2038
-0.4035
-0.6152
-0.4687
-0.5248
-0.5504
-0.4088
-0.2926
-0.4939
-0.4247
0.2505
-0.4717
-0.2071
-0.4383
-0.0966
-0.2801
0.5567
-0.4591
-0.2325
-1.3999
-1.0269
-0.4399
-0.6377
-0.3432
-0.4794
-0.3304
-0.8843
0.2324
-0.6029
0.0671
-2.2277
-0.4528
-0.8009
-0.7576
0.0793
-0.5325
-0.4962
0.1919
-0.4475
-0.1638
-0.5113
-0.1184
-0.3032
-0.3270
-0.7714
0.0022
-0.4430
0.0360
-0.2661
-0.7473
-1.1358
-0.5350
-0.3887
-0.5286
-0.4233
-0.6754
-0.3314
-0.1620
-0.2416
-0.4573
-2.0535
0.2730
-0.9432
-0.5796
-0.4809
-0.3100
-0.2217
-0.3116
-0.4200
-0.5088
-0.4038
-0.5380
-0.3559
-0.2877
-0.7923
-0.3503
-0.3209
-0.3192
-0.3559
-0.6977
-1.1735
-0.5323
-0.4858
-0.2499
-0.3649
-0.4993
-0.6507
-0.1613
-0.1724
-0.4712
-2.1498
-0.4359
-0.6094
-0.6072
-0.2602
-0.3761
-0.3897
-0.4268
-0.6050
-0.3222
-0.4930
-0.4414
-0.0278
-0.4650
-0.7892
-0.0588
-0.1799
-0.1077
-0.6834
-1.2624
-0.9408
-0.6665
-0.7559
-0.0944
-0.0736
-0.4638
-0.6642
-0.4168
-0.7587
-0.3183
-2.1094
-0.3611
-0.6490
-0.7196
-0.5308
-0.1398
-0.3166
-0.4964
-0.2281
-0.4461
-0.4976
-0.4349
-0.2781
-0.4463
-0.4493
-0.3203
-0.5771
-0.1511
-0.5716
-0.6794
-1.1080
-0.5737
-0.6504
-0.2056
-0.7079
-0.4022
-0.9171
-0.5396
-0.4686
-0.6195
-2.1478
-0.4373
-0.6814
-0.6693
-0.3515
-0.4968
-0.4477
-0.4650
-0.5319
-0.4891
-0.1017
-0.4037
-0.2119
-0.1990
-0.7628
-0.3780
-0.5652
-0.4172
-0.5377
-0.7659
-1.0096
-0.3586
-0.6033
-0.4751
-0.3908
-0.6257
-0.8350
-0.5310
-0.4380
-0.5978
-2.2055
-0.5732
-0.7933
-0.6460
-0.3778
-0.4400
-0.4195
-0.5278
-0.6001
-0.4829
-0.1231
-0.3018
-0.3574
-0.4392
-0.7496
-0.5563
-0.4279
-0.4344
-0.5093
-1.2328
-0.8663
-0.5047
-0.6801
-0.6215
-0.5784
-0.7075
-0.8756
-0.3126
-0.5472
-0.4630
-1.7778
-0.4494
-0.8074
-0.7808
-0.4643
-0.3570
-0.4858
-0.2252
-0.4019
-0.4295
-0.6746
-0.4586
-0.2746
-0.4191
-0.8038
-0.4005
-0.6405
-0.2403
-0.3318
-1.3052
-0.9566
-0.6819
-0.7367
-0.7793
-0.6584
-0.5057
-0.7479
-0.4190
-0.6197
-0.4998
-1.8316
-0.3443
-0.7185
-0.6184
-0.1723
-0.5431
-0.2922
-0.4639
-0.4195
-0.3035
-0.6737
-0.3121
-0.2228
-0.5339
-0.7702
-0.2737
-0.7050
-0.4193
-0.5408
0.2535
-0.0915
-0.2423
0.0898
-0.0338
0.0535
-0.1031
-0.0641
-0.0401
0.0303
-0.0046
-0.0495
-0.1472
-0.0493
-0.2312
0.1049
0.0582
0.0588
0.1206
0.1210
0.0187
0.0404
-0.0301
0.0315
0.0575
0.0402
-0.1823
-0.0313
0.1664
-0.1200

Direct connections:
