version: 10
file format: 0

training data file: /tmp/train-lm-from-UD-corpus.sh.F2OL8jWuc.train
validation data file: /tmp/train-lm-from-UD-corpus.sh.F2OL8jWuc.valid

last probability of validation data: -34295.079251
number of finished iterations: 9
current position in training data: 0
current probability of training data: -34250.088806
save after processing # words: 0
# of training words: 164556
input layer size: 119
hidden layer size: 30
compression layer size: 0
output layer size: 90
direct connections: 0
direct order: 3
bptt: 0
bptt block: 10
vocabulary size: 89
class size: 1
old classes: 0
independent sentences mode: 0
starting learning rate: 0.100000
current learning rate: 0.003125
learning rate decrease: 1


Vocabulary:
     0	         0	</s>	0
     1	     29593	32	0
     2	     10861	1080	0
     3	     10550	1077	0
     4	     10491	1086	0
     5	     10212	1098	0
     6	      8216	1072	0
     7	      7981	1090	0
     8	      7006	1089	0
     9	      5809	1085	0
    10	      5742	1074	0
    11	      4946	1088	0
    12	      4477	1076	0
    13	      4450	1123	0
    14	      4337	1084	0
    15	      3607	1083	0
    16	      2715	1087	0
    17	      2587	1082	0
    18	      2509	1100	0
    19	      2496	1073	0
    20	      2429	1096	0
    21	      2343	1075	0
    22	      2212	1127	0
    23	      2187	1078	0
    24	      2082	1155	0
    25	      1910	1091	0
    26	      1669	1131	0
    27	      1659	42567	0
    28	      1496	1095	0
    29	      1483	42577	0
    30	      1384	1079	0
    31	      1179	1093	0
    32	       870	1133	0
    33	       739	1094	0
    34	       428	1129	0
    35	       387	1102	0
    36	       299	1097	0
    37	       226	1157	0
    38	       110	1110	0
    39	        98	1109	0
    40	        98	1156	0
    41	        98	42566	0
    42	        94	1092	0
    43	        77	42569	0
    44	        44	1055	0
    45	        37	1042	0
    46	        28	1058	0
    47	        27	1141	0
    48	        26	1159	0
    49	        25	1043	0
    50	        24	1041	0
    51	        22	1057	0
    52	        17	1045	0
    53	        17	1053	0
    54	        17	1054	0
    55	        13	1056	0
    56	        12	11756	0
    57	        10	1120	0
    58	         9	1040	0
    59	         9	1121	0
    60	         7	1081	0
    61	         7	63	0
    62	         6	1050	0
    63	         6	45	0
    64	         5	774	0
    65	         4	11757	0
    66	         4	42623	0
    67	         4	1044	0
    68	         4	1063	0
    69	         3	1047	0
    70	         2	1048	0
    71	         2	46	0
    72	         2	1060	0
    73	         2	1122	0
    74	         2	1070	0
    75	         2	11750	0
    76	         2	11753	0
    77	         2	776	0
    78	         1	11755	0
    79	         1	1064	0
    80	         1	11761	0
    81	         1	11745	0
    82	         1	1046	0
    83	         1	11744	0
    84	         1	11751	0
    85	         1	1062	0
    86	         1	42585	0
    87	         1	1139	0
    88	         1	11759	0

Hidden layer activation:
0.0000
0.0000
0.0001
0.0000
0.0015
0.0001
0.0004
0.0183
0.0024
0.0112
0.9994
0.0063
0.0000
0.0002
0.0084
0.0003
0.0050
0.0003
0.0000
0.0011
0.1372
0.0020
0.0009
0.0000
0.0009
0.0018
0.1073
0.0000
0.0015
0.0023

Weights 0->1:
0.0682
-2.0144
-2.5911
1.4309
0.6766
1.8558
-0.6280
-3.6044
-2.9572
-2.1894
0.4804
-3.0261
0.4131
-2.0138
-1.2671
-1.9429
-2.1904
-1.7534
1.2209
-3.2340
-1.4078
0.3816
2.1964
-3.6665
-3.4714
3.9978
2.1297
-0.3385
-1.0515
-1.8371
0.7579
-1.3590
-0.0896
-1.9243
-0.1067
4.1522
-1.3561
-0.1752
-0.2745
-1.2848
-0.3401
0.5063
1.5758
-1.2058
-0.6635
-0.2943
0.2069
0.5259
0.3381
0.0448
-1.4184
-0.8898
1.5698
-0.0011
1.1777
-0.8694
-0.4133
0.6725
-0.1119
0.3269
0.2664
-0.1938
0.1360
0.3250
0.1281
0.1661
-0.1337
0.0963
-0.1647
0.3136
0.3386
-0.0518
-0.1154
0.5990
0.5446
-0.1975
0.0054
0.1900
-0.1520
0.0307
0.0220
-0.0859
-0.0306
0.0297
-0.0828
-0.0919
0.0885
0.0230
-0.1244
-1.1085
-1.1992
0.6844
1.5238
-4.0436
0.6793
2.4413
-0.5956
-0.9069
2.3675
-0.7441
-0.7518
0.3416
0.7697
-0.4647
1.3523
-7.5209
-2.9456
1.1993
-0.7136
-0.8759
-1.3459
-0.2081
0.1585
-0.7784
-1.0906
-0.0818
0.7257
-1.9555
-3.0719
-0.0409
-3.2566
1.2935
2.0714
-0.6604
2.6752
-4.7256
-2.5521
0.9927
-2.2891
-2.9224
-0.6881
-1.5133
-3.1228
1.0006
-2.8123
-1.0168
-1.3487
2.9916
-2.6856
-1.3005
-0.9022
-0.9592
-0.3620
-3.4085
-0.9127
-2.0495
-0.1454
0.6774
2.2995
-3.7216
1.5381
-0.7281
1.2428
1.3317
-1.9744
0.5507
0.2897
1.1597
1.2831
-0.4998
-0.1754
-1.4001
0.5504
-0.9768
-0.9635
-0.9429
-0.4602
0.2106
0.1952
0.0595
0.3612
-0.0323
-0.4482
0.0109
0.2774
-0.5646
0.6523
-0.1656
0.0434
0.0938
-0.0310
-0.6112
0.1099
0.0238
-0.0112
0.2889
-0.4954
-0.0418
-0.0198
0.1558
-0.1502
-0.3311
0.2498
0.0966
0.1127
-0.1211
0.1996
0.1540
-0.1276
0.0781
0.1003
0.0024
-0.0767
0.0740
0.1203
-0.1695
0.0848
-0.0568
1.4400
0.8119
-1.2008
-3.0727
2.1919
1.7961
-1.1469
-0.2625
0.4523
1.3976
-1.7752
-1.7061
1.4835
-1.6595
-3.1779
-2.1083
-2.0416
-2.4396
-0.0180
0.6334
-1.9381
-1.0020
-1.8817
0.0886
-0.3806
-4.6895
-0.7150
-0.9006
1.5044
1.9245
0.0663
-3.2464
1.2334
1.0423
-2.2834
0.0366
2.0427
0.8813
0.4997
-3.0964
-3.8718
-2.9779
-0.2829
-1.0300
0.4276
-2.9055
0.4388
-1.4594
-1.0276
0.9305
-1.2474
-0.0971
1.9356
-3.1165
2.3727
4.4027
-3.1401
0.4404
-0.0357
-0.9651
-2.9610
1.9042
-1.0637
1.9491
0.8239
-0.5673
-0.8391
-1.6167
0.2045
0.8949
0.1908
-0.7308
-1.5011
-0.9587
0.5274
-1.3629
-1.2160
0.0320
-0.0549
1.7433
0.0463
-1.3020
-0.3738
-1.3477
-0.5191
-1.1118
0.0552
-0.4917
0.6137
-0.3287
-0.0486
0.0085
-0.5498
-0.1451
0.4587
0.0213
0.0658
0.0437
0.3677
-0.5782
-0.1146
0.1175
-0.5357
-0.1251
-0.1338
-0.0485
-0.0103
0.0268
-0.0545
-0.1587
0.1017
-0.1043
-0.2356
-0.0706
-0.0177
0.0343
-0.0861
0.1305
-0.0647
-0.1873
1.5956
-0.1080
0.2724
-4.2261
-0.8445
-2.3008
-1.7929
2.7637
1.2324
-0.8531
0.4633
-1.4514
-3.3097
-4.6692
1.0499
-1.9675
-3.7437
-4.5554
2.4185
0.9946
1.7379
-8.0437
2.1384
-1.7585
-0.2877
-2.3514
-1.1241
0.2326
-3.2612
0.0143
-2.5373
0.6191
0.6696
-3.9093
-1.5932
-3.8073
3.7524
-2.0063
4.7664
-2.7820
0.8203
-1.7489
-3.0150
-0.4105
0.9457
-1.6484
-1.6484
-0.2317
-2.0835
4.4783
-1.9133
-0.1646
2.3695
3.5873
0.3514
0.6457
-0.8182
-1.8524
-0.2421
1.0719
0.1432
-0.0828
0.9296
-0.0810
0.1025
1.4060
-0.4166
-1.5463
-0.3878
0.0723
-0.8886
2.0293
-1.6339
-0.0340
-0.8014
0.3391
-0.0199
0.0120
0.3953
-0.0136
0.3344
-0.5146
1.2096
-1.1544
1.1175
-0.2469
-0.8553
-0.6156
-0.5451
-0.3284
-0.1199
0.1978
-0.0755
0.0806
0.0170
-0.3799
-0.2854
0.1804
0.0583
-0.3829
-0.0834
0.3731
-0.2438
-0.1881
-0.1214
0.0919
-0.1153
-0.0146
-0.1822
-0.0583
0.1635
0.0610
-0.0450
-0.0075
-0.1056
-0.3415
-0.0508
0.1124
-4.7620
0.0249
-0.9378
1.2458
-0.9206
-2.2544
-3.5378
-3.9477
0.4122
2.2326
-1.0325
1.2581
-0.7339
-1.2304
-1.7983
-3.1147
-0.0550
0.2461
-1.7631
0.0142
0.0478
-3.1765
-0.4685
-0.8814
0.7314
-5.1726
-4.3484
-0.1826
0.4574
-1.6371
0.0554
-4.9479
0.1763
-0.2110
5.3398
-1.6836
4.8247
-1.5360
-3.1010
-0.9159
-1.5405
-0.6623
-2.8444
-0.4488
-1.4702
-2.1075
-1.3962
-0.7736
-1.2429
0.8672
-0.5274
2.4087
0.6389
-2.2601
4.3570
-3.0260
1.2204
-1.1819
0.5016
-1.0118
-0.5054
-1.1948
0.1318
1.1803
0.8632
0.9599
0.5155
0.4416
-0.0573
-0.0656
-0.5793
-0.0299
-0.1121
-0.8717
-0.0233
-0.3756
-0.2471
-0.3997
-0.2135
-0.1283
0.4648
-0.5702
0.9992
-0.2649
0.6136
-0.7784
-0.1544
0.7142
0.2621
0.2059
0.0115
-0.2583
-0.2225
-0.0531
-0.2325
-0.3089
0.0737
0.0503
0.5297
0.4724
-0.2233
0.0121
0.3746
-0.0691
0.0437
0.0166
0.1187
0.1179
-0.0792
-0.0704
0.0903
-0.1865
-0.0071
0.0071
0.1180
-0.0708
-0.0095
0.0934
0.0178
-1.4851
0.7760
-2.7745
-0.6173
-0.7082
-3.6222
-1.6833
-1.1544
-0.5279
-0.7048
-1.8378
-0.6458
-1.2191
-1.3083
0.1281
1.6068
0.5397
0.7332
0.5000
-0.3643
2.3260
0.3554
-3.3293
-5.2781
1.0416
-1.6322
-2.4477
1.1214
-3.5388
-1.5656
-0.1957
-4.4325
-0.0520
-0.2062
-2.1880
-2.7345
-0.5829
-1.0999
4.2158
-3.0231
1.2912
-2.1460
-1.8933
-0.1146
0.9099
-2.5282
0.1529
-2.8233
-1.0200
-1.6991
5.1889
-0.3598
-2.5546
5.2870
-1.9622
2.1471
-1.0189
-1.0711
5.5284
-1.8441
-4.2235
2.7392
3.4344
0.7442
-1.3463
-1.2728
1.8871
-2.8678
-0.4790
-0.0880
-1.1252
-0.5593
0.1985
0.2023
-0.2705
0.6421
0.5791
0.1656
-0.4100
-0.2253
-0.1258
0.6120
-0.0857
0.3559
-0.1344
0.1345
-0.0429
-0.1444
-0.2431
-0.0570
-0.5824
-0.4059
0.0434
0.1105
-0.0952
-0.1963
-0.0282
0.1539
-0.0237
-0.1240
-0.1784
-0.2404
-0.1463
0.1101
-0.0771
-0.0311
-0.0005
-0.2624
0.0887
0.0202
-0.2248
0.0660
0.0229
0.0553
-0.1529
0.1043
-0.0991
0.0602
0.0278
-0.4485
0.1953
0.9534
-1.1427
-1.0378
-0.2469
1.0616
0.8715
0.3067
-0.8066
-3.9299
-2.4145
0.5340
-0.8845
-0.5689
-1.7214
-0.4210
-0.1532
0.6680
0.6113
0.4179
0.5559
-2.1187
1.4968
-0.0448
-1.8927
-2.3684
-2.4977
-0.8050
-3.3161
-0.0921
-5.0501
1.7782
1.9634
-4.9988
-0.0474
-1.1886
-4.2721
-4.6060
-0.7838
-4.6261
-1.1948
-0.7576
-3.8844
-3.0572
-2.3630
-1.6704
-0.8874
0.3640
-1.1077
-0.3468
5.7052
1.3999
3.0132
1.3778
1.4935
0.2137
1.2884
-2.0737
-0.5886
-2.1439
3.3159
-1.2458
-1.4390
-1.1496
0.5871
0.4691
0.8957
1.9178
-2.1506
0.3533
2.0082
-1.6336
-0.7201
-0.4110
-1.6557
-0.4137
-0.0217
0.0054
1.7016
-0.3580
-1.0576
0.5359
-1.2551
-0.7854
-0.4058
-0.2754
-0.2465
0.4591
-0.4184
0.9837
-0.4447
0.5574
0.0924
0.0531
-0.5987
0.0240
-0.1431
0.3205
-0.1283
0.3721
0.2882
-0.2190
-0.2575
-0.1661
-0.1824
-0.1004
-0.0745
-0.1594
-0.2775
-0.0170
-0.0692
-0.3704
0.0245
0.0538
0.0588
-0.0364
0.1626
-0.0526
-2.6867
1.3827
0.1663
-2.1570
-2.4394
-2.8715
1.6956
0.7423
-0.7595
-2.3387
0.0170
-1.6997
-0.5887
0.2505
-1.9650
-0.8342
-0.7040
0.9677
0.7998
2.3905
-1.1855
0.4885
-1.3257
-1.1364
3.4423
0.0239
-2.0487
-0.0327
-6.7033
-3.4025
-0.0858
-5.3978
1.8418
-2.7274
-2.0532
1.5487
2.9059
-3.1570
-6.2611
-4.8062
-4.4424
-0.0327
-3.3909
3.0129
-5.6047
-3.2823
-2.4713
-5.3330
-1.0330
-2.6128
-1.4793
-2.8907
4.1381
3.6234
-3.6119
-3.1223
5.2686
2.3800
0.6425
-1.7262
-0.1159
-4.2090
3.0898
0.9183
3.0349
1.8210
-0.1510
0.5981
0.6529
1.2136
1.2555
0.8809
-1.6111
-0.0718
-1.1608
-0.8249
-1.1126
0.1231
0.3112
-0.4874
-0.8116
0.4568
0.7077
-0.1218
-0.0211
0.1253
-0.8899
0.0117
0.4353
-0.4796
0.9817
-0.3018
-0.6121
0.8791
0.2617
-0.7198
-0.3208
-0.3783
0.0102
-0.1366
0.2529
0.1996
-0.1192
0.4217
0.2569
-0.2370
-0.3492
0.1478
-0.0573
-0.2666
-0.0666
-0.0464
0.0907
-0.1261
-0.0369
0.0516
0.0462
-0.0430
-0.0867
-1.5265
-2.3678
-2.7399
0.9877
0.2130
3.2609
-0.7029
-1.0072
0.0056
0.0314
-2.3182
1.4282
0.3787
-1.7237
0.7031
0.2903
2.5235
-0.8301
-0.3537
1.8003
0.3971
0.6802
-0.7362
1.0729
-0.0707
-0.5257
-2.9935
0.2244
0.2840
-0.3332
-0.0463
-5.2378
-2.3495
-1.0236
-4.9829
1.1918
-0.8477
-0.7144
-1.1692
-1.7726
-1.3010
2.4794
-1.8071
-1.5815
-1.4511
-4.6005
-0.7858
4.4621
1.4222
0.4980
-0.8069
-0.2610
-2.8082
-3.8617
3.7603
-2.1761
-2.0641
1.5883
0.6194
-3.3133
-1.6411
0.5610
5.0444
-2.9810
4.3009
-1.6392
-0.5603
0.5343
0.7401
-1.3267
1.1295
3.4459
-1.1196
-0.0568
0.0266
0.4622
1.6810
1.2742
0.6138
-0.1514
0.6376
-0.2549
-0.8658
0.0400
0.2353
-0.2015
-0.2010
-0.1434
0.2437
-0.1088
0.7275
-0.2778
0.2885
0.1415
0.2443
0.0540
-0.4801
-0.1421
0.2111
0.0010
0.3193
0.0469
0.2098
-0.0643
-0.0699
0.0536
-0.0415
0.0397
-0.0531
-0.0205
-0.0953
-0.1050
-0.0783
0.0871
-0.0174
-0.1509
0.3436
0.0066
0.0963
4.0308
-1.2629
-2.9474
-0.2730
-1.3498
-1.1658
1.1685
-4.6824
2.5749
-1.0031
-1.8259
0.2504
-0.0100
0.8498
-0.7500
-4.1309
0.4516
-1.7406
-2.4308
-0.3720
4.0467
2.3195
-1.4393
-5.8519
-0.7422
-1.8468
-0.3356
-0.8255
-0.4123
1.1071
0.0107
-4.6243
-3.1698
2.1343
-1.5267
2.7412
-3.8239
-4.3092
-1.9402
1.8135
-3.3041
3.0057
-0.2514
-2.7973
-4.8477
1.8771
-0.5490
-0.7283
1.9202
-2.5763
2.3401
-1.9860
2.2812
-0.4422
-0.2989
1.6618
2.6934
-0.8708
0.4600
3.5016
-2.2685
-1.4984
-2.4446
-3.2223
-0.1711
-1.0292
0.6940
-0.7537
-0.4163
-0.8656
-0.9270
-0.4140
-0.0594
1.4547
0.7408
-1.0921
-1.6913
0.0302
-0.4037
-0.1933
-2.0189
0.0912
0.2929
-0.7058
-0.1276
0.8931
-0.5616
-0.4712
-0.2534
0.0194
-1.1073
-0.2101
-0.5228
-0.0051
-0.1785
-0.3637
0.0040
-0.0075
-0.3065
-0.0836
-0.5186
-0.3237
0.0355
0.0834
0.1598
0.0676
-0.3222
-0.4524
-0.0537
-0.0073
-0.2121
0.0341
0.3271
0.0030
-0.1419
0.0696
0.1111
-0.0405
-0.0510
1.4020
-1.5614
2.7534
-1.1322
-0.5708
-1.5859
-0.3946
-0.8598
-0.7311
0.4943
0.9350
-1.9010
-0.5524
-0.6279
-3.8017
0.1844
0.9541
0.2334
-1.0555
0.3619
1.3530
-0.2840
-1.8904
-1.3729
0.5806
-0.8512
-0.1645
1.3905
-5.7024
-0.8428
-0.1432
10.9186
-1.5088
-0.4152
-2.5038
-0.8976
-2.9284
0.4700
-2.5707
-0.6043
-3.7296
-1.1993
-2.6531
-2.2996
-0.9650
-0.7174
-0.6804
-3.1745
-2.4153
-3.6252
-3.8654
-3.0843
-3.6017
-0.8343
0.9798
-0.4451
-2.4512
-1.7691
-3.6090
-2.2178
-0.8816
-1.7095
-4.5171
1.2248
-0.7761
-1.5908
-1.5576
-0.1384
-1.0731
0.5384
-0.3505
-1.6671
-0.0747
0.4528
1.4865
-1.4303
-0.9646
0.3690
-0.3886
-0.1937
-1.2266
0.2508
-0.7417
-0.0493
-0.4669
0.5588
-1.1393
-0.2316
-0.3324
0.0839
-0.4240
-1.1485
0.0279
-0.4179
0.1240
-1.3854
-0.1281
-0.1451
-0.5176
0.0444
-0.4363
-0.5320
0.0749
0.0757
0.0019
-1.2187
0.0010
0.0375
-0.3530
-0.1167
-0.1716
-0.5620
0.2440
0.0658
-0.1523
-0.2457
-0.5641
0.1750
-0.0818
-0.7141
2.3402
1.1857
-1.7177
-0.4018
-4.0737
-2.5943
0.3772
-0.6085
-0.2553
-1.6215
1.1606
-0.3439
-0.2531
0.3068
-1.2781
-1.8892
0.4167
1.1620
-1.8857
-1.0633
-0.0959
-1.6478
-3.1036
-1.1743
0.8364
0.8018
-3.3633
1.3908
-5.9714
0.0845
-2.3734
-2.0675
-6.3879
1.1867
-0.1551
-0.5041
-2.0695
1.2929
-2.2120
0.3035
3.2365
1.8404
-0.4043
0.8863
-2.6070
-0.1048
-1.3855
-1.1554
-0.9599
-2.5583
1.3363
-2.8607
0.1701
2.2560
-2.4143
-2.3004
-1.1492
0.6463
-0.6524
3.6598
-1.0985
-2.0628
-0.7181
-1.8498
-0.2830
0.1092
-3.0144
0.5074
1.6052
-1.8701
-0.7218
0.3932
1.4025
0.0469
0.2349
0.3983
0.0440
-0.5517
-0.1001
0.2733
0.8483
-0.3186
0.1894
-0.0036
0.3775
-0.4913
-0.3724
-0.2807
-0.1455
-0.3883
-0.8521
0.0021
-0.0891
-0.1853
-0.2069
-0.1552
0.1463
-0.1031
0.1538
-0.2179
-0.2825
-0.1013
0.0895
0.0028
-0.0780
-0.2224
-0.3215
-0.0999
0.2255
0.0262
0.0249
0.1315
-0.2251
-0.1087
0.0864
-0.1805
-0.0458
0.0585
-0.0711
0.6363
-1.7972
1.9810
-0.7029
2.4540
1.4237
0.5466
0.1095
1.9110
-2.0749
1.3392
-3.0011
-0.3048
-1.4339
0.4377
-0.3319
-0.8892
-1.9272
-2.0754
2.2666
0.5532
1.3654
1.6515
-1.1796
0.0346
-3.3548
-3.3550
-3.0545
-1.8592
-0.1579
-3.5634
-1.7143
-3.4770
-4.0595
-1.3580
1.0702
2.9898
-1.4414
1.3562
0.5241
-2.5349
0.1851
1.4195
-1.4814
-2.3469
0.6145
1.7892
-2.9522
-0.5290
-0.7176
0.0189
-1.8899
0.9782
-4.1524
-3.5499
-0.9267
-0.9886
-1.2450
1.1149
0.8776
2.9050
-2.5075
-0.5413
-1.3307
-1.4592
1.9815
-0.3476
0.7863
-0.3387
0.0346
-0.3604
-0.0797
-1.4498
0.8407
0.1081
0.6638
0.2035
-0.5659
0.1861
-0.1983
0.1962
-0.5669
0.1722
-0.4347
0.2972
-0.7858
-0.2152
-0.0151
-0.2242
-0.1945
-0.5233
0.1709
-0.3192
-0.2699
0.0505
0.0717
0.1017
0.0004
0.2491
0.0006
-0.0816
0.0263
-0.1696
0.0188
0.0935
-0.2102
0.0174
-0.2129
0.2014
0.0668
-0.0048
0.0295
-0.2547
-0.0385
0.1079
-0.0848
0.0028
-0.1297
-3.3293
-1.7133
-1.1530
0.5997
2.1285
4.0769
-2.0570
-1.2720
-2.7890
0.8666
-3.2853
-0.9401
1.4126
-0.5507
-0.8063
-2.4997
-1.8494
-0.5467
-2.5628
0.6693
-2.0914
-0.4299
2.7427
1.0630
0.4910
-1.8834
-1.5108
0.4823
-0.0580
0.3233
0.1156
-5.6834
-1.0007
2.8999
-4.9739
-1.7302
-2.1131
-7.4659
3.1725
-1.3519
0.6092
2.2581
-6.5851
-0.6827
-2.2398
-0.7462
-0.8016
-0.6164
0.4109
1.1166
-3.3551
0.4775
-1.8583
-0.4284
-3.2134
1.5324
-0.8569
0.1449
-2.6037
0.7311
1.6601
2.4751
-1.3364
-3.0911
0.0875
1.2724
-2.9386
-0.2671
-0.1071
0.0969
0.2440
0.0328
0.1926
-0.5353
-0.1986
-0.0207
0.1698
0.1107
0.6198
0.0782
0.0827
-0.3460
-0.0736
-0.1058
-0.1049
-0.2426
-0.2574
0.0057
-0.0668
-0.0482
0.2547
-0.5749
-0.0693
0.4263
-0.2535
-0.0811
0.1272
0.1223
-0.2203
0.0580
0.0840
0.0631
0.1130
-0.0714
0.0614
-0.0985
-0.3587
-0.0010
-0.3135
-0.0395
-0.0562
-0.0977
0.1046
-0.2634
0.0445
0.0364
0.1198
0.1902
-0.2389
-2.4679
-0.3264
1.2263
1.5008
-0.6269
1.6472
-0.9139
1.4355
-1.4790
0.9316
-4.3620
0.6826
-0.7576
-3.0027
0.1354
0.4952
1.1670
-0.6299
-0.5390
0.4460
2.8464
-0.3192
0.5776
2.4009
0.4263
-1.6413
-3.8510
-0.4222
-1.3801
-1.3401
-0.5071
-5.9987
0.0762
-2.4497
-0.9017
-3.5609
-0.8343
2.8304
4.5924
-0.9119
-0.0662
3.0172
-0.1350
-3.3404
-1.2947
3.7620
-0.6738
4.2543
-3.9394
-2.1416
4.6140
-2.8585
-4.3959
-3.2246
0.5519
-4.4289
-2.5463
-1.3445
-1.9561
-3.9805
1.1279
5.6365
-1.0932
0.9966
-2.7477
-3.6290
-0.2787
-0.8847
1.1803
1.6890
-1.1395
-0.3828
1.0458
0.0797
0.1422
2.1250
2.2676
-1.1013
0.2035
0.4187
0.1044
0.4415
-0.7023
0.5749
-0.7239
0.2301
-1.5118
-0.2748
-0.3169
-0.5836
-0.2318
-0.9710
0.6378
-0.2826
-0.4461
-0.1825
-0.0034
0.0420
-0.1628
0.2362
-0.2779
-0.0409
0.0647
0.0075
-0.0472
-0.1870
-0.1843
-0.1531
-0.0404
0.1863
-0.1844
-0.2466
-0.1240
0.0840
-0.2418
-0.0556
-0.1536
-0.0913
-0.0274
-0.0579
-1.7343
-5.1467
0.0582
-0.8443
-0.0882
-1.0130
-0.3136
0.6797
-1.3776
-2.9198
0.2119
1.4196
1.0319
-0.3236
1.6451
-0.1841
-0.5717
-1.3825
-0.2504
-1.0858
1.4012
0.3355
-1.0977
-1.5889
-0.9055
0.4146
2.7167
-0.3767
0.5733
-0.0026
-3.0655
-3.4937
0.9172
-0.1089
-3.1315
-2.6356
-0.1478
2.5040
-1.0801
-0.6785
-2.0556
0.6369
0.3439
-2.0261
-0.6347
-0.3478
2.9804
-1.7594
-0.7005
2.8831
2.7369
5.5165
-0.5433
0.0789
0.4777
-0.6962
-2.6008
2.2718
-2.3813
-1.9833
2.4783
-0.3391
2.3580
0.0158
-0.4801
0.1179
-0.5835
-1.8841
-0.1789
-0.0922
-1.2652
-0.5144
4.3840
-0.6512
-0.1153
0.5407
0.2718
0.0833
1.1187
-0.3532
0.1060
-0.0005
-0.2805
-0.5684
-0.8732
0.0336
-0.6477
-0.6764
-0.0700
-0.5735
0.1179
0.0273
0.0446
-0.0234
0.0900
0.0806
-0.2948
0.6864
-0.4412
-0.6195
-0.0282
-0.1560
-0.0365
-0.0165
0.0049
-0.0903
-0.1454
0.0747
0.0797
-0.1356
-0.0227
-0.0675
-0.1041
0.1742
0.4507
-0.1451
-0.1238
0.1354
0.8115
-1.2001
-4.7918
0.0604
-3.9032
-1.1106
-3.0536
-1.0347
0.1565
-0.2647
-0.5071
-0.5136
0.2165
-1.0375
-0.8630
-4.3097
-3.4793
-0.8102
-0.8302
-1.8374
-0.4132
-0.6663
4.5398
-2.2590
1.9476
-1.9755
-0.7343
2.6685
-3.0114
-1.9942
-0.3263
-6.6824
4.5522
2.3852
-1.2621
3.3301
1.5934
-3.9067
1.9387
-4.0070
2.0405
-6.6364
-4.2939
1.5821
-5.6802
-4.7072
-1.4447
-3.1862
4.2579
0.9165
-1.3433
-5.1193
3.9073
-2.8476
4.1541
-0.6958
0.4372
0.7884
-2.4255
1.8468
-2.8077
-4.5792
-0.8128
-2.9030
2.1590
0.9860
-1.0074
0.3716
-0.3111
-0.0173
1.7074
0.2885
-1.4614
0.5011
0.1392
-0.4214
-0.3557
0.6740
-0.9365
-0.2287
-0.1045
0.2596
-0.0127
-0.0296
0.0556
0.0771
-1.3524
0.0580
0.1497
-0.5979
1.3282
-1.1308
-0.1614
0.6944
0.0689
-0.3410
-0.2421
0.0301
-0.1409
0.0787
0.1153
0.1592
-0.0018
-0.0084
0.0215
-0.4682
-0.3089
0.4566
0.0831
-0.0557
0.0404
-0.1219
-0.0180
0.0809
-0.1622
-0.1385
0.3069
0.0614
-0.3655
-0.5395
-0.1284
-0.0490
-1.4501
-1.1318
1.4286
3.5430
0.3622
1.9157
-0.4570
-4.1988
-1.6605
0.1239
-0.5848
-2.6351
0.3371
1.0832
-0.2305
-0.4370
-1.7532
0.3289
0.1088
2.2739
1.6375
-0.7659
-0.0574
-1.4636
2.5397
2.2029
-1.0947
-0.0767
-4.2731
-3.1582
-0.0793
-1.2298
4.6385
-1.8635
-2.9310
-2.1380
-0.9612
-2.4947
-2.3885
-2.5513
-0.4293
0.2745
-3.1389
-2.3870
-3.2811
-2.4116
-2.3212
-3.3033
-1.5760
0.6523
-1.0028
2.4010
4.1955
2.2984
0.8527
-0.6823
3.1918
-1.3938
2.5618
6.3785
-0.2809
0.1753
-0.1248
-1.6338
3.0472
1.1920
-1.0281
-0.2551
1.2069
1.8050
-0.0836
-0.0361
-0.8066
-0.8164
-0.9892
-0.0768
-0.4241
-0.6643
-0.6833
0.6745
-0.1720
-0.1510
-0.8317
-0.2272
0.4814
0.5849
-0.2203
1.0214
-0.1622
-0.5142
-0.2363
-0.1727
0.0596
-0.0648
-0.0299
-0.1139
0.0959
0.3883
-0.0324
0.0862
-0.1258
0.0696
0.1481
-0.0216
0.3804
-0.1969
0.0797
0.0479
-0.0775
0.1148
-0.0680
0.0358
0.0766
-0.0059
0.0779
-0.0618
1.7440
2.0505
-3.9268
0.1828
-0.3843
-1.8107
-0.1984
-1.1302
-2.0546
-0.9936
-0.6642
-0.0554
1.9716
-0.2955
0.6405
-1.0440
-2.4646
0.0920
2.4882
-2.3887
-2.5893
-0.9215
2.0198
0.7478
-0.0941
0.0982
1.6150
-4.1634
-2.5554
1.6992
-0.2305
-2.1992
-2.8443
-3.1933
0.7563
-3.1129
0.3536
-3.9515
-2.3095
-3.4522
-0.6493
-2.1056
-1.3316
0.6091
-2.6817
0.8321
-1.4709
-0.0999
-2.4445
-1.6862
-0.2005
-0.5400
-0.2745
-0.0475
-1.7993
0.7755
-0.3066
-0.0089
0.6664
0.0752
-0.5618
-4.0264
-0.6211
0.3726
-1.4829
1.6449
1.7114
-0.3117
-0.2911
0.7132
-0.5352
0.0388
-0.4474
-0.6055
0.2047
-0.2214
-0.1484
-0.6581
-0.5072
-0.1540
-0.0361
0.0322
-0.0405
-0.2372
-0.0145
-0.0791
-0.7821
-0.0543
0.0126
-0.3425
0.2732
-0.3342
0.0051
-0.0878
-0.1316
-0.2319
0.0611
0.0258
-0.0322
-0.0569
0.1375
-0.2388
-0.0992
-0.1606
0.0925
-0.0432
0.0151
-0.1015
0.0229
-0.0653
-0.0301
0.0050
-0.0355
-0.1572
0.1911
-0.0646
-0.0256
-0.2173
0.0600
-3.1337
1.7047
-1.2234
-2.5462
0.5367
2.6157
1.3460
-0.6277
0.3488
0.4990
-5.6952
-0.1858
-0.1260
-0.2323
-1.5381
0.4905
-2.2170
-0.5218
-0.1991
0.0619
1.6850
-1.5368
-1.3684
-1.0194
-0.4486
-5.0002
0.5420
0.8370
3.7891
-0.9208
-0.2775
-5.5926
0.2717
4.5022
-1.2208
2.1816
-0.1012
-1.2276
-5.8752
-1.3381
-3.7656
-1.2683
-0.8755
2.1707
-3.8604
-2.3133
-1.2533
-4.6936
-2.0209
-2.0776
0.5709
-4.5348
-1.2760
-3.9204
2.5712
2.8956
-2.4122
-0.9697
-3.6078
2.9685
0.7991
2.0279
-0.6668
-0.2138
0.5435
-0.9955
-1.7704
-0.7907
0.9637
-0.3395
0.2959
-0.1221
-0.5531
0.8722
-0.4545
0.8959
0.9916
0.5437
0.7910
-0.6279
0.9498
0.4042
1.8525
0.6294
0.4523
-0.5491
-0.4634
0.0883
0.6763
0.2153
0.8561
-0.3709
0.1221
0.2165
0.1450
0.0698
-0.0313
-0.1587
-0.2343
-0.3034
0.2334
-0.0601
-0.0751
0.3685
0.1812
0.0287
-0.1731
0.3506
-0.0314
0.0777
0.2144
0.0023
0.0999
-0.0100
-0.0481
-0.0802
0.0943
0.0017
0.0762
-1.0978
0.4256
2.9091
-0.1609
-1.4471
-3.3301
-2.7777
-1.2029
-0.7920
0.2946
-1.4266
-2.7416
-0.5691
1.7526
-5.7988
1.8615
-0.9988
1.2772
-2.5155
-0.2216
-2.1611
2.7084
-1.7767
1.6525
1.4209
-2.3667
1.5087
2.3072
-5.8634
-0.1563
0.0793
1.1160
-1.2747
-0.1449
-4.8845
-1.7418
0.7029
-3.0118
-3.1024
0.0110
-2.5827
-4.3441
-1.7738
2.4548
-1.4839
-0.8042
-0.6640
-0.4139
-3.6153
-0.0796
-0.0195
3.3627
-3.9064
0.7139
4.2222
0.6910
4.3160
-0.6368
-1.8426
-4.5533
1.3223
0.1804
-0.4778
-1.1423
0.7746
-0.9541
-1.7856
0.4565
0.4495
-0.1491
0.0282
-0.2491
-0.3493
2.4767
0.0368
-0.0098
-0.1424
-0.6097
-0.2747
-0.0509
0.0386
0.0592
-0.0678
-0.1792
-0.1266
0.0539
-0.7568
0.0482
-0.0740
-0.0523
-0.1025
-0.1726
0.1510
-0.0674
0.0026
-0.0665
0.0039
-0.2131
0.0574
0.0169
-0.0076
0.0276
0.0820
0.0114
0.0349
0.0546
-0.2103
-0.1177
-0.1117
0.0378
-0.0963
-0.0417
-0.1873
0.0530
-0.1354
-0.0289
0.0904
0.0182
0.0632
0.1043
2.1131
4.0506
-3.4958
-0.9032
2.2854
-2.6810
-2.3115
-2.4223
-1.3654
-7.8569
-1.6247
0.0526
-1.3050
-3.7916
0.3962
-1.1460
-1.3466
-2.4065
0.2071
-0.2638
3.7316
-4.4366
-0.8959
-3.1559
1.1040
1.9683
-3.2930
-0.0050
1.5895
-0.1696
-3.7219
-1.5564
-3.4039
3.3491
0.2845
-0.4294
2.5376
-2.6810
-0.8405
0.2583
-2.2085
-1.2359
-0.6421
-1.9203
0.5787
-3.4800
-0.1617
-0.4344
-3.0614
-0.5923
-0.0004
0.4757
-0.8745
1.4050
-1.0120
-0.9535
-0.0966
0.0065
0.7835
-2.7886
-1.1149
-2.2430
2.4890
-0.7293
-0.7628
-1.0941
-0.0681
1.1298
1.6733
0.5173
0.6868
-0.1905
-1.2374
-0.5301
0.8089
0.5223
0.9230
0.2392
-0.7976
0.6294
-0.6711
-1.6804
-0.0533
0.4388
-0.9277
-0.1652
0.2500
0.6144
0.0712
0.6135
-0.3118
-0.1747
0.1595
-0.0506
0.0770
-0.0367
0.1262
-0.1584
0.0071
0.5411
0.0315
-0.2120
0.4255
0.1727
-0.2618
-0.1645
0.0997
0.0113
-0.0941
0.0026
0.0720
-0.1034
0.0473
0.0648
-0.0127
0.1469
0.1538
0.0365
2.6618
-1.1307
0.6336
-1.2135
-2.6583
1.3234
-2.1902
0.2860
-1.0195
1.4333
-0.0039
0.3401
-3.2020
0.3055
0.6676
-0.0041
-3.5256
3.3241
1.6832
-1.8595
-4.1931
-2.2187
-0.6035
-0.7177
2.6660
-0.0181
-0.5864
-4.5170
-4.5798
-2.8607
-0.2009
-6.1765
-3.3233
1.5705
-1.2994
-3.4944
-3.7348
0.9007
-4.7774
-1.6002
-2.6591
0.9520
0.8631
-2.1961
-3.7612
-0.9132
-1.4749
-2.1662
1.0785
-2.4496
-6.0770
1.6324
1.1029
4.1650
-3.4963
-0.3117
-2.7870
0.8467
1.5150
-0.0260
1.0465
1.5197
-0.2298
1.9385
0.5612
2.8609
2.8652
-1.4918
0.8912
0.1306
-0.9010
0.2723
1.4627
-0.9400
0.0066
0.5672
0.6893
-0.9477
-0.4992
-0.3111
-0.2585
0.1562
0.0940
0.3434
-0.0022
0.7230
-0.2323
-0.1017
-0.1598
-0.6106
0.2600
-0.6909
0.0014
0.1793
0.1988
-0.4693
-0.4343
-0.0771
-0.0249
0.1088
0.1598
-0.1388
0.1193
-0.0475
-0.0602
0.0007
-0.1089
-0.0756
-0.2391
-0.0454
0.0310
-0.1513
0.1517
-0.2070
0.0316
-0.1696
0.1409
-0.2940
0.0014
-0.0707
-0.2350
-1.9043
3.2956
-1.5453
0.2839
0.2195
1.4475
-2.7677
1.2115
-3.0579
-2.0263
-0.0572
-1.2296
-0.0783
0.6786
0.2517
0.0911
0.0910
0.1380
-0.4833
-0.0062
0.6259
2.0541
0.6231
-0.6421
-1.7185
0.3254
-4.2010
-2.7914
-0.0483
-1.4532
-1.3712
-0.9740
-2.0114
-3.5551
-2.4291
-0.2365
-0.9511
1.7331
-0.7474
-0.8163
1.1146
-2.0971
-0.8915
-2.8381
-0.6029
-0.0373
-1.0388
-2.7873
6.2619
1.3296
-1.9259
-0.0737
-1.4628
-1.1341
-0.1185
-0.1586
0.8257
-3.3977
2.4213
0.6938
-0.5791
2.3136
0.8112
1.1218
2.7288
-0.2787
-0.4640
-0.1318
-0.0859
0.1341
2.0092
0.7672
0.3634
-0.7409
0.0276
-0.1854
0.1790
0.0937
-1.8515
-0.0115
-1.5599
-0.0441
1.0241
1.0990
-0.5662
0.6557
-0.7802
-0.4302
-0.0225
-0.0949
-0.1282
-0.0657
0.1171
-0.0404
-0.0055
0.0861
0.7879
0.5935
-0.2135
-0.1163
0.3888
-0.7287
0.0886
-0.0816
0.0053
-0.0651
-0.0586
-0.1968
0.0932
0.0262
-0.0815
-0.1876
-0.1257
0.3344
-0.1204
-0.0762
-0.2231
2.4445
1.1415
-1.6359
-0.7734
1.9442
0.0413
-1.1209
-0.6084
-0.0924
-0.2598
0.3510
0.7803
-1.2703
-4.5121
-2.1567
-2.1322
-5.4161
-2.9310
-1.2973
-0.5818
-2.6446
-3.9799
0.2441
-4.0049
-0.8022
-0.1799
0.6616
-7.1850
1.5558
1.6690
-0.0539
-2.6589
-1.5115
0.4867
-2.8553
-0.2262
-0.5911
-0.6734
2.2283
0.9045
2.3374
0.3827
3.6429
2.2365
0.2168
0.1180
-0.8819
-1.8771
0.7137
-0.1271
-2.0744
-1.5700
-0.4706
1.3603
-0.7113
-0.1190
2.5131
0.0485
-0.6053
-1.2436
0.3239
-1.0351
-2.1299
-1.3832
-0.5396
-1.2678
-0.3730
0.2287
-0.2879
0.6290
-0.3614
-0.2974
-0.7826
0.1652
0.1190
0.0166
-0.1926
0.3039
0.6084
-0.2561
-0.3108
0.2491
-0.1741
-0.1607
-0.4859
0.4879
-0.1832
-0.2980
-0.1431
-0.1586
0.2142
-0.0707
-0.2017
-0.1031
-0.2004
0.1387
0.0416
-0.1944
0.0377
-0.1108
0.2613
-0.0907
-0.0222
0.0675
0.0292
0.0545
-0.0165
-0.1200
0.1176
-0.0043
0.0804
0.0625
0.1275
-0.2155
-0.1376
-0.0429
-0.0905
0.0375
0.1807
-2.6757
-0.1680
2.3276
-1.8285
0.4952
0.4852
1.6339
-0.9953
1.4722
-3.9203
-2.5102
0.8985
-2.8215
-0.6622
-3.1531
-3.5748
0.6479
-0.9136
-3.7145
1.1865
3.0099
-1.3777
-4.1378
-0.3687
-1.1428
0.3375
-3.4404
-0.0672
-1.3906
-0.4582
-0.2412
-1.0438
-1.4460
-1.8638
2.1694
-0.8331
1.5489
0.3967
-1.2092
-3.3839
1.6192
-2.7371
-3.5868
-0.0414
1.4108
-4.3942
-1.4754
-3.0333
-0.7081
2.1962
-3.1577
-0.3194
-2.7415
-1.0270
-1.1777
-1.2799
-0.7838
-0.2987
2.1333
-3.6442
0.0115
-0.7445
-2.9161
-3.3572
-2.2671
0.2363
-0.3769
1.0500
0.5712
0.3892
0.3728
-0.3756
-0.1683
-1.0225
0.9343
0.1407
0.0346
1.6131
-0.2715
-0.1965
-0.0803
0.1357
-0.1936
-0.2110
-0.2609
-0.1036
-1.1147
0.0266
-0.1398
-0.8282
0.3966
-0.3046
0.1495
-0.1572
-0.0804
-0.0792
-0.1863
0.0278
-0.1289
-0.1778
-0.0074
-0.0444
0.0743
0.0262
-0.0546
-0.1172
-0.2340
0.0522
0.0585
-0.0816
0.0054
-0.1823
-0.0620
-0.1728
-0.3672
0.1638
0.0275
0.0954
-0.0044
2.4859
-0.0165
-0.2315
1.3914
-1.2728
-0.9805
-1.8164
-3.9481
-0.2139
-0.9165
-4.4672
-2.2251
0.9252
0.5101
-0.2229
0.4160
-2.3042
-2.2272
-1.2556
0.9375
3.2564
-1.0283
0.7092
-1.7507
-1.5945
-0.5655
0.2199
-0.1305
0.9131
2.2516
0.1103
-2.0973
-1.5202
2.2721
-2.4374
0.1986
-4.0025
0.3394
-1.9101
-0.3635
1.2860
-1.8267
4.0965
1.4068
0.1083
-1.2611
3.9728
4.6765
-2.9231
2.5753
-1.8238
6.7233
-4.2674
-4.3537
-0.7547
-1.6841
-1.9787
-1.5653
-2.6284
-1.9424
-3.3619
3.6650
-2.1532
-1.1967
-2.6061
-0.0169
-3.0633
-2.2229
-0.7043
1.0327
-1.1324
-1.1904
0.8875
-0.2169
2.8255
-0.1328
0.2587
0.8110
-0.1826
0.1748
0.7302
-0.5759
-0.4613
-0.1190
-0.4888
-0.7576
-0.6886
-0.2975
-0.3053
-0.1250
-0.9620
-0.4458
0.2615
0.0085
-0.5583
-0.0495
0.1046
0.2430
-0.1603
0.2056
-0.1521
0.0542
0.0016
0.1163
-0.1961
-0.0209
-0.1532
-0.3890
-0.1376
-0.0467
0.0539
-0.0619
0.0353
-0.2104
-0.0173
-0.2215
-0.1463
-0.0891
-0.0443
0.2490
0.8673
1.8499
-1.8066
-0.1560
-1.4491
2.3255
-0.9877
-2.3437
-0.6903
-3.0883
-0.2658
-4.3305
-0.7577
-1.4785
2.1261
-0.5119
1.2780
-2.3531
-0.6604
-1.9069
0.9153
-5.2455
1.1650
0.6291
0.4171
0.8948
-2.0119
-3.2719
2.1802
-0.2514
-3.4294
1.0695
1.9821
5.4786
-2.5770
-3.0097
-5.2043
-2.6201
-0.2341
0.1803
-3.8668
-1.0877
-3.0588
-3.3342
-0.7909
0.2552
-0.6855
-1.4547
3.9452
2.3363
1.1520
-0.6065
1.9135
-1.9062
-1.1615
0.3553
0.8454
-1.0221
1.5322
-1.7726
1.1851
0.6047
-1.0690
1.2116
-0.8068
0.2054
0.2314
0.9851
0.4990
0.2825
-0.3811
-0.3799
3.1993
-0.2891
-0.4773
-0.8692
-0.4700
-0.3113
-0.1338
1.5156
1.0044
-0.3209
-0.2379
0.0755
1.7358
-0.8098
-0.0011
-0.0427
-0.3318
0.3014
-0.3477
-0.5739
0.1320
-0.2074
-0.0249
-0.5366
-0.2042
0.1025
-0.3934
0.2444
-0.1374
-0.3131
-0.1965
-0.0375
-0.1630
-0.1606
-0.0333
-0.0510
0.1083
-0.1170
-0.0065
-0.0846
-0.1090
-0.0051
0.2316
0.1923
-0.1479
-0.2227
-2.6066
2.2724
-1.3100
-3.5370
1.0970
2.8162
-1.2033
-0.8979
-0.0447
-0.5400
-1.5004
-0.5394
-0.9797
0.3810
-0.2975
0.6182
-2.4066
-0.7443
-1.4085
-0.2774
0.3709
-0.1627
-1.0594
-3.9848
-0.7994
-0.7458
0.1889
-3.0180
0.8201
1.8090
-0.2146
-5.1172
-2.3890
-4.8853
-4.6216
-4.8689
-1.8777
-1.3801
-2.5663
4.0790
3.0610
2.5888
2.0642
-0.9981
3.2215
2.4312
0.6045
-1.8120
-3.7751
4.9895
-3.5690
-0.2653
-2.3808
-1.2185
-0.4545
0.2059
-3.3226
-1.4489
0.8627
-2.8653
-2.9560
0.7385
-3.3656
6.9853
-0.6501
-2.4463
1.4023
-1.6193
-0.6487
4.0691
-0.6115
-0.9319
2.6283
1.4902
0.2061
2.6695
2.1095
-0.9856
-0.6917
0.5106
2.4308
0.2249
-0.5245
1.9410
-1.0056
0.5208
-0.4757
-0.8616
-0.7190
-0.8177
-0.5363
-0.7358
0.8645
-0.2934
-0.4973
-0.5787
-0.8430
0.3566
0.1218
-0.0272
-0.1790
-0.2557
0.0016
-0.0819
-0.4457
-0.1762
0.1661
-0.5559
-0.1805
0.0527
-0.0897
-0.1814
0.0405
-0.1923
-0.0324
-0.0558
-0.3478
-0.0075
0.0160
0.3932
0.8273
0.4883
-1.9712
-1.6254
1.0418
0.8736
-0.8618
-0.5968
-0.6324
-1.7410
-2.3741
1.6165
-0.2346
-0.7985
1.1203
-0.7337
0.0202
0.8963
-1.2200
-0.8178
-0.5575
-0.1174
1.8275
-1.0271
-0.1709
0.1357
0.2298
0.9779
-0.1415
-0.2931
-3.9002
-3.7325
-1.8421
-4.4536
2.8999
-0.4828
5.7391
-0.0490
0.2751
1.0949
-4.7262
0.4767
-4.6914
5.3309
-3.9849
1.2017
0.0317
2.9618
-2.9167
3.0720
-0.2364
-1.6568
6.0223
-2.1462
-2.4970
-1.4057
-2.4052
3.4565
-1.9283
1.4983
-1.5435
-1.9574
-1.6416
-1.8173
-2.4996
1.5014
-1.6351
-2.3436
-1.4045
-0.1667
-1.1453
0.7729
4.3392
1.1985
1.4243
1.4159
-0.9546
-0.3216
0.4482
0.1061
1.0831
-1.0002
1.0758
-1.6071
0.9140
-0.8630
-0.9431
-0.6524
-1.1976
-0.5935
-0.4934
0.7587
-0.0848
-0.4703
-0.5012
-0.0410
0.5633
-0.1162
0.2429
-0.5498
-0.0762
0.3073
-0.5088
-0.9606
-0.0167
-0.1442
-0.1451
-0.1542
0.4063
-0.1081
-0.1327
0.0952
0.0873
0.0981
-0.0518
-0.0890
-0.3578
0.0717
-0.8117
-1.1335
1.3115
-1.7049
2.4160
-0.8812
-1.7341
-2.7415
1.0070
0.4667
0.7810
0.6673
0.4311
0.4547
-1.8319
-1.1919
1.9833
-0.7411
-1.5685
-0.4099
1.9557
-2.2492
-1.4755
-0.0132
-1.2884
-0.1986
-1.0054
-0.5900
-2.6512
-1.4447


Weights 1->2:
-0.6489
-0.4831
-0.4076
-0.4104
-0.5441
-0.6283
-0.3041
-0.8238
-0.5307
-0.9321
-2.5236
-0.9645
-0.6030
-0.5592
-0.9088
-0.2843
-1.0660
-0.5457
-0.6402
-0.5618
-0.5065
-0.4634
-0.5383
-0.2556
-0.4485
-0.8085
-0.8274
-0.3720
-0.7563
-0.6091
2.6812
-0.0141
1.1297
-2.1174
0.3987
-1.4071
2.6820
3.0282
2.8255
-2.3163
-2.3699
-2.7351
0.9551
2.1472
-0.0928
-2.5190
4.1233
3.5963
1.0417
3.2926
-1.8415
3.0714
1.3395
1.5606
2.8346
1.6693
-2.6468
2.7988
-1.0613
-0.4030
0.0399
0.6165
-1.2177
2.9550
-1.4057
1.2818
-2.0299
0.8133
-1.6277
2.8998
4.9057
1.1326
1.7443
0.2102
3.3927
0.6475
1.4939
1.0484
-0.0930
-0.1763
-0.8677
-0.5989
3.0921
-1.4434
0.4324
1.9605
1.5851
2.4252
4.2068
3.3810
-2.0626
-0.1198
-0.1645
1.8673
-2.7430
1.9868
0.4062
0.0465
0.0146
2.6793
4.1539
2.5921
2.6334
-2.0862
3.2982
-0.3465
2.0510
-1.4792
0.6468
-0.7126
-1.3119
-1.4159
4.5294
1.9443
0.5276
2.7484
0.1538
2.3214
3.6868
3.1945
0.7912
-0.0751
2.2341
1.1299
-2.1211
-2.6794
4.6947
-1.5351
-0.0692
1.2070
4.4566
1.3943
2.4000
2.5454
4.0378
0.0257
0.1282
-1.3260
-0.5374
-3.3639
0.0079
-0.8325
0.4251
-0.8064
-1.6015
3.2290
3.4555
0.1673
4.3651
3.9863
-1.6008
-2.0639
-3.6011
0.1501
-0.2860
2.3548
1.8389
-3.3155
2.2871
-2.1626
-0.6346
1.0103
3.7424
1.9844
3.9034
1.9871
-0.4369
-2.4598
-0.0685
1.4598
2.1662
0.2048
3.2177
3.0622
-0.4945
-0.9632
0.4552
-2.1854
5.8722
4.4803
-0.0079
-2.1532
-2.6263
1.6749
2.2331
1.9004
0.8311
-0.0401
1.0517
0.9686
3.0501
1.9796
3.2576
0.4347
3.4104
-0.4545
1.1768
0.5774
2.9605
-1.9985
-0.2165
-0.0893
1.8190
3.1886
-0.5115
0.6201
2.9074
-1.9801
4.2984
3.0388
1.9458
1.0296
-2.1543
-1.1018
1.9005
3.9080
-1.8873
2.1275
-0.3963
3.9979
3.5976
1.0603
0.6662
1.5810
2.0710
2.2781
2.9185
1.0422
1.4953
0.3916
2.5874
1.4091
-1.1870
2.4634
-2.7100
-0.2797
1.2236
0.8046
-3.8539
-0.6115
2.3843
3.1101
0.9724
-3.6553
0.9361
0.1248
2.8665
1.8367
3.4224
-0.0132
4.9086
1.8440
0.5480
1.7149
-1.7192
1.7553
1.6368
-0.7268
1.2328
3.3206
0.6824
1.7691
-2.4952
-1.2840
1.5732
1.9120
0.4016
0.6720
1.5956
-2.3795
2.5197
3.2992
-2.6500
-2.4842
3.9049
-1.2319
1.1243
-0.2478
-0.9012
-0.7702
4.3707
0.8475
2.0920
1.0851
2.0132
-1.5432
3.2360
1.5335
-0.1708
-0.1865
2.6708
1.3324
0.3498
3.5386
0.0582
1.2665
2.0123
-0.5412
-1.9783
2.1730
0.2511
2.7773
0.4161
0.0974
1.9297
-2.8573
-0.8802
0.5275
-1.0431
0.2195
4.7958
1.7216
1.5474
0.7165
3.4130
1.3711
0.7015
2.3581
3.0022
1.7589
-0.3415
2.9592
0.3094
-0.4998
2.6650
2.1112
1.7560
-1.6785
-2.6365
2.4043
-1.1882
-1.2936
2.9412
-0.8728
1.3196
0.1229
0.6605
-1.2005
1.3898
0.7617
3.4820
-0.2976
3.2091
-0.4954
0.6614
-0.1310
3.1962
0.2954
-2.1761
-0.0949
0.5361
0.6845
1.8344
1.0592
0.7113
4.1525
4.2964
1.7807
0.3017
4.0374
3.9947
2.9824
1.0978
-3.2293
-0.9570
-1.6731
4.0051
4.3272
0.7439
0.5775
3.7604
1.8160
-2.3023
-0.0335
1.3296
0.4701
-0.1998
-1.2343
2.7448
0.5766
2.8139
0.7577
1.7804
-4.9922
1.2495
0.7958
1.4514
1.4341
-1.5396
1.5666
-3.3235
0.9600
1.1552
2.0890
-2.3770
1.2176
0.3298
1.0072
-0.2713
0.2073
3.2035
2.3920
0.4745
-0.6252
3.5406
-1.0383
0.9811
-1.9367
-0.2379
0.7460
-2.5102
1.3378
1.2955
0.6268
2.0441
2.5758
1.4411
1.7481
5.4416
1.4644
0.3652
1.1434
1.8000
0.6420
0.2804
-1.7605
4.0547
1.4334
0.2298
1.0573
3.5671
0.2500
0.2845
3.3555
2.0543
0.8628
1.8118
0.7107
1.3781
1.5085
1.5193
3.4047
-0.7859
-3.0667
-0.1881
3.2392
1.1012
0.1329
-2.4785
0.1077
-1.0504
0.5998
-0.6010
-1.1203
0.7805
0.6467
1.9645
1.5009
-0.1443
-0.7807
2.6870
2.2617
-0.3496
1.6893
1.4439
3.3945
1.7308
0.9578
1.0093
2.1863
1.0787
-1.1752
-2.6257
-0.9705
-2.3682
1.4330
2.4607
2.2717
2.2625
4.0178
1.4332
0.8889
2.8317
-1.2090
0.4773
2.0982
-2.4347
1.0950
0.8434
2.4199
4.3260
2.5036
-0.1957
1.0446
0.1590
-0.8054
0.8471
2.8940
0.7374
-0.7523
1.2287
1.1896
-0.6207
-2.4202
1.9590
2.8126
2.2214
-0.6940
-3.0082
-2.2488
3.4062
1.7749
-0.1103
3.3291
-1.4717
2.5394
-4.0284
3.2795
0.0050
-0.0967
3.5783
1.4975
-1.0410
1.4533
1.9754
1.0155
-0.2127
-0.0458
-0.2850
4.4151
0.4082
3.8557
-6.6101
0.1448
4.2584
2.9376
-0.2706
-0.7800
0.0079
-3.0227
-0.8722
-3.1037
-1.7462
-0.3186
0.0621
0.9718
0.7919
-0.9971
-0.4167
0.9935
-1.2272
1.9867
1.9491
0.7415
2.8673
0.7014
-0.5207
-1.4547
-0.7286
0.1881
3.1452
0.5023
2.0837
1.0785
-0.1490
2.2366
-0.0702
-0.1758
5.0478
4.1771
0.4434
-2.7971
3.7489
1.9714
0.7366
-2.3555
-3.8581
1.3223
-0.5415
2.9430
4.0813
2.0145
-3.6225
2.3947
-5.8295
-1.0636
0.9129
2.4580
2.9260
1.5398
-0.0849
3.0429
2.1159
2.0460
0.2045
2.1133
1.7204
0.7139
-2.6785
-0.3012
2.4303
1.1170
1.6555
-2.5289
2.1026
2.4095
0.8069
2.6957
0.7211
-0.6304
1.0687
0.0025
-0.0467
0.7434
-0.6026
0.7929
2.7369
2.5214
2.1025
1.2401
2.6430
-0.6544
-0.5380
0.2106
-2.3033
-1.3430
-1.3088
1.3292
-1.0934
1.4311
2.7723
1.7459
-0.6731
-0.8040
3.0561
-1.6062
1.8640
2.4135
-3.1388
1.8239
3.7721
1.6884
-3.0086
1.4160
-0.6587
0.4777
0.7737
1.2847
1.3865
2.2722
0.2978
-2.7465
0.2669
-1.2979
1.6005
2.0843
0.5776
0.7846
-1.1466
0.1222
-4.0211
-0.7724
1.5322
2.3820
-0.5514
4.5912
-1.4158
0.8336
-1.8983
0.7993
-1.0339
1.7730
1.1431
-2.1499
4.2722
0.5549
-0.3941
-0.5918
1.0618
-1.8242
-0.4784
-0.5952
2.0136
0.8554
-0.6323
0.7199
2.5674
-1.6369
3.8853
2.3201
3.3680
1.2345
1.2071
0.3432
1.3664
-2.1629
1.1749
2.0504
1.7252
-1.9444
3.7864
0.5751
-3.6027
-0.1039
-0.1776
-0.0498
1.2035
2.4257
1.6304
3.1248
1.4821
0.5350
1.4381
2.8132
2.4179
1.2260
-2.2989
1.0796
0.4934
-3.0188
-2.0706
1.1358
3.1791
0.9007
2.3461
1.0421
3.1564
0.1988
0.6403
0.8571
-2.4406
-0.9098
-0.5074
-1.4696
-0.7714
4.0894
-0.1423
-0.2180
-1.8991
-2.5205
-0.6188
0.4266
-2.7980
3.5213
1.7516
-2.4444
0.2061
1.9569
2.0509
1.0413
-0.3681
-3.0438
-1.2062
-2.6125
0.8672
-0.4519
-1.6004
0.3581
-1.7861
-0.6648
-0.3622
2.9281
-2.0306
-2.4877
0.6328
1.5705
-0.7311
-0.5034
2.0295
2.8792
0.0795
0.1433
1.8767
6.9917
-1.5345
0.8327
-3.0374
4.9476
-1.7376
-3.0608
-2.9585
0.5772
1.5693
2.0544
1.2362
3.0287
0.6249
-2.3510
1.5564
1.5022
-0.3959
1.6724
4.4726
0.2991
2.3131
0.3143
-0.6799
0.0867
-0.2179
-3.0403
-2.2708
-0.8808
3.6452
-2.0202
-0.3991
-2.1286
1.7443
1.4622
4.1327
2.2009
0.3178
0.4168
-0.7324
0.5693
0.5378
0.0406
-1.3795
0.1156
-0.4866
0.6490
4.5829
1.8066
0.5897
0.9159
-1.8081
-0.5101
-1.8027
-0.1514
-0.2905
-1.5240
-2.7770
-0.0936
-0.1702
-0.0040
0.8419
-2.2745
-1.9034
-0.3002
-0.6499
-1.1252
4.5590
0.8382
3.3110
1.9156
0.0855
1.4618
-4.9150
0.5485
1.9841
2.6539
3.0040
-2.0513
1.4831
2.0429
-2.8084
-1.6493
1.3319
0.6208
0.3195
0.7989
1.6524
2.4736
-3.8538
-2.3929
-0.2334
2.3593
0.2240
0.1609
-0.3506
-0.2518
-2.0132
-3.3918
0.4166
1.4750
0.4187
-0.2666
2.6743
-3.8988
2.3381
-0.7580
-1.1611
0.6901
2.4102
2.6545
2.9789
-0.4174
-0.5489
-1.2588
-0.4237
-1.1311
0.6993
1.3881
2.1547
0.1960
-0.8854
0.0151
1.0963
1.3766
4.8314
3.0622
0.9376
2.4379
4.9410
-1.6580
1.3807
-0.0486
1.1703
2.3824
3.0518
0.0963
2.7703
2.0260
-3.8668
-0.3620
-3.0046
0.1507
1.4840
0.8050
1.3135
1.6877
0.1985
0.7233
-2.5958
-1.1157
1.3751
1.7822
1.1765
-0.3444
-2.6464
-2.5446
-1.7847
1.9242
0.6840
0.4180
3.2000
1.0121
1.6858
2.2314
-2.0422
1.9920
2.1678
0.4753
1.0442
2.2406
0.8888
-1.0746
1.6935
2.6008
0.7972
0.3123
0.4829
-0.1228
-4.9295
-0.4856
2.3826
-0.9522
1.8584
-0.0406
0.6813
-3.3431
1.5277
-0.7975
-2.2528
1.5999
0.3441
-3.1155
1.0576
1.3567
-1.7431
2.3414
0.6488
-0.2527
1.7341
1.7453
3.3919
-1.9101
1.2607
0.6481
2.5695
-0.0174
0.3290
-1.3954
1.0385
1.6492
-1.2817
0.5249
-0.3932
1.4886
1.5059
-0.6838
3.4784
1.9155
-2.5852
4.5913
-1.2143
1.6342
-2.1824
2.0086
1.4354
-1.1041
1.8550
2.6082
-1.1548
-0.4794
1.6145
-1.7807
1.2594
0.6512
-2.1260
-2.2120
1.4443
1.2880
-1.3821
-1.3311
2.2831
0.7014
0.3708
1.2180
-0.0033
0.6854
-0.1316
-0.1599
-0.8095
1.8204
-0.5676
-1.2510
0.7934
0.6920
-2.3127
1.0719
1.7965
-0.8332
2.7733
-0.9453
1.5704
1.8842
1.4195
1.2465
1.2261
1.0096
0.5091
-1.8630
2.9137
-0.6074
-0.6739
0.6787
1.0569
2.4969
-1.6643
-2.1474
-0.4216
0.7524
1.4391
1.8962
-1.1849
1.6632
1.5804
0.3005
-2.1671
3.0651
0.5797
0.3839
3.3583
-2.2266
3.4017
-0.6680
0.6381
-1.5664
0.9220
-0.9412
-1.0079
1.3071
3.4898
1.3530
-2.2367
-0.1635
-1.1136
1.4227
1.9944
-1.0409
3.3487
-0.0721
2.4572
-1.3084
1.0681
2.5448
0.3201
2.3400
0.9073
-1.8673
-2.6229
-3.3309
-0.2163
-0.0590
-2.1191
2.2162
0.8059
1.3113
2.1679
0.3804
3.2993
0.0393
-0.5069
1.0264
-0.5306
-2.7865
-0.1155
1.0352
-1.1464
0.4507
1.8351
-1.3694
0.3333
-1.1838
0.7298
-0.5877
2.5354
1.7447
3.9964
0.9066
-2.8422
-0.5640
-1.3761
0.1083
-0.7915
0.2793
1.4699
0.0639
-1.8458
1.9070
-0.5187
2.0856
2.6468
1.1621
-0.1916
-2.0924
-1.8040
-0.7156
-1.3464
-1.0777
-0.4413
0.0210
-0.6131
0.1541
-0.7457
1.9650
-0.9325
1.1110
-0.3760
-0.1970
1.2717
-0.5670
0.3414
1.0679
-0.9657
-0.8049
-1.0924
-0.5211
-0.6585
-1.0633
2.6642
-0.5435
1.8823
-0.8065
0.1190
0.1738
1.2063
-0.3254
0.9418
2.0801
3.2325
2.2651
0.8012
0.4778
-0.4977
-0.8310
-0.2911
0.8386
0.3007
-0.0702
-0.2426
0.1453
-2.1364
-1.8294
-2.8798
3.4823
0.3384
1.0964
2.3873
-0.5792
-0.9012
-1.4994
0.2570
-0.2109
-0.5083
1.4674
-2.6164
0.5418
-0.1330
-1.0970
-1.4971
-1.7304
-1.3285
0.0532
1.3205
0.5406
0.7017
1.5741
3.1747
-1.4337
-2.9964
-2.0430
-1.9331
0.2602
0.1496
-0.4111
0.8792
3.7202
-0.7430
1.0064
-1.0036
-1.1197
0.9927
-0.7389
0.0611
-3.1008
-1.3905
-1.1930
-0.9148
-0.5902
-0.5526
-0.2593
-0.4488
-0.2278
-0.4157
-0.4506
-0.6879
-1.1623
-0.4708
0.4472
1.6252
0.8966
-0.4884
-0.7326
-1.3847
-0.2187
-0.9472
-0.7259
-0.7319
-0.6468
-0.5450
-0.3134
-0.8975
-0.4148
-0.2306
-0.7728
-0.1862
-0.7005
-1.0386
-0.7558
-0.2140
0.0927
-0.8703
-0.8732
-0.2966
1.2024
-0.6062
1.3838
0.5459
1.2211
0.8969
1.8241
-0.9407
-0.4147
1.4656
-0.6616
0.9200
-0.9308
-1.1369
-0.1960
0.5237
0.2560
-0.6126
-0.8365
0.3667
-0.1216
1.0188
1.6899
-1.2527
-1.0293
-0.8768
0.5592
-0.4000
3.3350
-0.6256
-1.8295
0.7566
-0.2280
2.3494
1.8987
-0.8757
-1.7781
0.3773
2.0757
-2.3256
-1.2973
0.4921
-0.3388
-0.4500
-0.7537
0.2307
-1.3876
-0.8166
-0.6351
1.5804
-0.8329
-1.5214
-0.1116
0.8380
2.0816
-0.3350
-0.5001
-0.4394
-0.3161
-0.3643
-0.2384
-0.6434
-0.8793
-0.5369
0.2450
0.9631
0.1173
-0.6075
-0.6847
-1.2086
-0.5487
-1.0630
-0.6482
-0.7089
-0.3669
-0.5094
-0.4809
-0.3557
-0.4131
-0.1436
-0.4998
-0.2038
-0.7105
-0.8609
-0.7506
-0.5283
-0.3001
-0.4781
-0.3468
-0.2111
-0.4744
-0.5466
-1.1424
-0.5971
-0.2419
0.8038
0.4693
-0.6280
-0.5569
-1.2049
-0.4263
-0.9400
-0.6551
-0.6438
-0.5573
-0.6912
-0.5186
-0.4783
-0.4612
-0.3388
-0.6956
-0.5290
-0.6736
-0.9113
-0.6960
-0.6010
-0.2557
-0.5415
-0.3462
-0.2972
-0.4316
-0.6129
-1.1060
-0.5111
-0.2571
0.2720
-0.1583
-0.5286
-0.6701
-1.0360
-0.3097
-1.0682
-0.4906
-0.7146
-0.4256
-0.3032
-0.5290
-0.4792
-0.4531
-0.3174
-0.5772
-0.6246
-0.5551
-0.8521
-0.5689
-0.3886
0.3739
-0.0048
0.4270
-0.4320
0.4777
-0.1680
-1.1346
1.1116
-0.8229
-1.9252
-0.4226
0.1431
0.0315
1.2889
1.0704
-0.6084
-0.0194
-0.8923
-0.6482
-0.5751
0.5291
-0.5194
0.5388
0.6270
-0.7835
0.6987
-0.7377
0.3349
1.7994
0.0112
0.7846
-0.4791
-0.1655
-0.0750
0.7764
0.6221
-0.0482
0.2494
-0.5519
-2.0286
-0.7688
-0.1497
0.4975
0.1880
-0.3589
0.4746
1.1982
0.7244
0.1864
0.4673
-0.3989
1.2007
0.2103
-0.5755
0.5346
0.9760
-0.8411
1.3106
-0.6754
-0.6661
-0.4093
-0.4935
-0.3748
-0.4532
-0.3297
-0.5497
-1.0407
-0.4658
-0.1218
0.4283
-0.2430
-0.3838
-0.5777
-1.0867
-0.2722
-0.9912
-0.4525
-0.7383
-0.4473
-0.5852
-0.4452
-0.5329
-0.4160
-0.3558
-0.5424
-0.4808
-0.6361
-0.8830
-0.5662
-0.4822
-0.4001
-0.2455
-0.2915
-0.5324
-0.5977
-0.3998
-0.8331
-0.3933
-0.3286
0.3960
-0.1675
-0.4869
-0.7042
-1.1536
-0.4625
-1.0122
-0.4959
-0.7569
-0.5741
-0.5734
-0.4609
-0.6272
-0.3875
-0.3569
-0.5869
-0.6760
-0.5837
-0.8013
-0.6469
-0.4781
-0.5436
-0.3031
-0.3826
-0.5909
-0.3601
-0.7212
-1.0158
-0.5213
-0.1347
0.1795
-0.2666
-0.5281
-0.6299
-1.0537
-0.3490
-0.9278
-0.6588
-0.7420
-0.3390
-0.3764
-0.3566
-0.7346
-0.3010
-0.2128
-0.4560
-0.5040
-0.6318
-0.8044
-0.6774
-0.5870
-0.4595
-0.5539
-0.2051
-0.4169
-0.3692
-0.5362
-1.0661
-0.5597
-0.4830
0.0486
-0.0246
-0.5744
-0.7311
-0.9944
-0.3178
-0.8207
-0.5052
-0.7291
-0.3462
-0.4223
-0.3951
-0.3185
-0.4370
-0.3972
-0.7426
-0.5790
-0.7085
-0.8641
-0.5408
-0.4255
-0.4218
-0.3400
-0.1993
-0.3745
-0.4846
-0.5259
-0.9939
-0.4669
-0.2555
-0.0114
-0.4487
-0.3946
-0.5729
-0.9894
-0.3811
-1.0177
-0.6826
-0.6225
-0.4406
-0.2807
-0.3341
-0.5667
-0.4165
-0.4725
-0.5562
-0.4111
-0.6843
-0.8413
-0.6825
-0.3839
-0.3946
-0.3084
-0.2557
-0.4477
-0.4211
-0.6873
-1.0192
-0.5316
-0.5029
-0.0184
-0.3329
-0.5310
-0.4725
-0.8247
-0.3380
-1.1102
-0.4467
-0.6368
-0.6069
-0.3073
-0.4590
-0.4956
-0.4198
-0.3224
-0.6429
-0.4857
-0.6209
-0.8160
-0.7250
-0.6750
-0.4369
-0.5547
-0.4877
-0.5008
-0.6495
-0.4802
-0.8490
-0.5522
-0.7702
-0.1620
-0.5069
-0.4783
-0.7170
-0.8849
-0.3750
-1.1445
-0.3812
-0.7314
-0.4856
-0.6014
-0.5458
-0.3417
-0.1718
-0.5334
-0.6921
-0.5444
-0.5499
-0.5379
-0.7866
-0.1216
-0.3997
0.0313
-0.1692
0.6201
-0.6075
1.1927
-0.7714
-0.0055
-0.7448
-2.3977
-0.6693
0.3039
-0.5241
-0.2553
0.4865
-0.5777
-0.2087
0.0343
-0.5178
-0.1034
-0.3752
0.3412
0.3795
-0.4603
0.2903
1.9066
0.1643
-0.0224
1.0480
-0.5938
-0.4120
-0.3919
-0.3563
-0.3682
-0.5205
-0.4520
-1.0301
-0.5933
-0.6513
-0.6851
-0.4023
-0.3813
-0.5704
-0.9205
-0.2168
-0.9882
-0.3910
-0.7052
-0.5055
-0.4225
-0.3852
-0.4532
-0.3883
-0.3319
-0.8180
-0.6082
-0.6806
-0.7307
-0.5062
-0.5521
-0.4225
-0.5228
-0.3076
-0.5335
-0.5400
-0.5654
-0.9349
-0.3900
-0.6586
-0.8070
-0.6027
-0.4500
-0.4645
-0.9539
-0.2193
-1.1643
-0.5237
-0.6305
-0.4419
-0.3605
-0.4640
-0.4013
-0.4614
-0.3216
-0.7446
-0.4957
-0.6199
-0.7578
-0.6910
-0.5021
-0.0443
-0.3475
-0.1929
-0.4618
-0.4124
-0.6404
-0.5483
-0.3701
0.6623
-1.4879
-0.7125
-0.5299
-0.1826
0.4560
-0.2829
-0.7563
-0.5848
-0.3024
-0.4084
-0.4774
-0.2637
-0.1832
-0.3700
-0.1696
-0.8558
-0.3775
-0.6393
0.3113
-0.6226
0.3614
0.0905
0.0684
0.1973
-0.3522
-0.2137
0.2467
-0.3395
-0.2754
-0.3394
-1.8733
-1.0532
0.0643
-0.2573
-0.6968
0.0266
-0.3944
0.3392
-0.6122
0.3343
-0.5836
-0.3605
-0.0406
-0.1942
-0.3197
-0.4340
-0.5299
0.2573
-0.8118
-0.4383
-0.2037
-0.0518
-0.1140
-0.0334
-0.3132
0.0051
-0.2286
0.4270
-0.1598
-0.7203
-2.4061
-0.7000
0.2117
0.1417
-0.3572
-0.2121
-0.3077
0.0150
-0.4586
-0.1774
-0.1735
-0.5097
0.0515
-0.2667
-0.2630
-0.3819
-0.7947
-0.6426
-0.2890
-0.5775
-0.5563
-0.4351
-0.2938
-0.3740
-0.4969
-0.5271
-0.3992
-0.9214
-0.6392
-0.7916
-1.1104
-0.8100
-0.5659
-0.6588
-0.8835
-0.2904
-0.8938
-0.5628
-0.8438
-0.5181
-0.3954
-0.5587
-0.6740
-0.3055
-0.1553
-0.7542
-0.6730
-0.6000
-0.6452
-0.4927
0.1052
-0.1665
-0.4760
-0.2463
-0.2506
-0.3577
-0.3810
-0.5044
-0.0909
-0.7668
-2.5505
0.4299
-0.5010
0.1328
-0.3038
-0.0642
-0.2069
-0.5915
-0.4984
0.6075
-0.2348
-0.4179
1.0140
-0.1520
0.6090
-0.6313
0.0660
-0.5971
-0.1730
-0.3034
0.3247
-0.2354
0.2252
-0.0035
-0.2326
-0.1381
0.1584
-0.5501
0.3268
-0.1968
-2.5600
-0.3850
-0.3261
-0.5148
-0.9856
0.0341
-0.0685
-0.1137
-0.7568
0.6209
0.2579
-0.4060
-0.1279
0.0205
-0.0342
-0.6320
-0.2610
-0.6889
-0.5006
-0.2768
-0.3677
0.7511
-0.4303
-0.4227
-0.5963
-0.4689
-0.5410
-0.7171
-0.4628
0.1540
-2.5503
-1.0668
-0.0356
-0.5411
-1.0297
-0.3397
0.4850
-0.4019
0.8616
0.7221
-0.5648
-0.5485
-0.4764
-0.4233
-0.5161
-0.9608
-0.8669
-0.5881
-0.5202
-0.6475
-0.4673
-0.3447
-0.4001
0.0119
-0.4370
0.0150
-0.5285
-0.8057
-0.2404
-0.3729
-2.4794
-0.6639
-0.0088
0.3842
-0.4713
-0.1494
-0.7852
-0.2473
-0.5262
-0.1162
-0.4157
-0.1886
-0.2930
-0.0830
-0.2105
-0.8265
-0.0390
-0.6482
0.6375
-0.3146
-0.4852
-0.2344
-0.4184
-0.3994
-0.4829
-0.4848
-0.5479
-0.8157
-0.6745
-0.8358
-1.5528
-0.7255
-0.5037
-0.6250
-0.8614
-0.2597
-1.0518
-0.5035
-0.8170
-0.4671
-0.5074
-0.4650
-0.4162
-0.2709
-0.4714
-0.8114
-0.5653
-0.6018
-0.6508
-0.5629
-0.6629
-0.5397
-0.3128
-0.3746
-0.4232
-0.3464
-0.4206
-0.9002
-0.4317
-0.9210
-1.4113
-0.7149
-0.3602
-0.6848
-0.8557
-0.3588
-1.1253
-0.4339
-0.7391
-0.5271
-0.5633
-0.4134
-0.3865
-0.2988
-0.4500
-0.7387
-0.6963
-0.6028
-0.8798
-0.5625
-0.7085
-0.3850
-0.5022
-0.3315
-0.2977
-0.5803
-0.4534
-0.8556
-0.4010
-0.9363
-1.6789
-0.9385
-0.5752
-0.7220
-0.9712
-0.2678
-0.9691
-0.6208
-0.5644
-0.4495
-0.4391
-0.3858
-0.5457
-0.2233
-0.3098
-0.8253
-0.5176
-0.7204
-0.5694
-0.8164
-0.5520
-0.5135
-0.3439
-0.3252
-0.4950
-0.5217
-0.4159
-0.8997
-0.4066
-0.8486
-1.9876
-1.0477
-0.5268
-0.4936
-0.9136
-0.3474
-1.0352
-0.5757
-0.7139
-0.4901
-0.4765
-0.5202
-0.4635
-0.3766
-0.3796
-0.7549
-0.7873
-0.5891
-0.7305
-0.7457
-0.4492
-0.3110
-0.2355
-0.4016
-0.3239
-0.4786
-0.5582
-0.8072
-0.4777
-0.7568
-2.5480
-1.0369
-0.4057
-0.3632
-0.7873
-0.4304
-0.1765
-0.5138
-0.5715
0.2447
-0.2330
-0.3925
-0.4317
-0.2793
-0.2707
-0.6102
-0.4078
-0.6633
-0.3861
-0.5202
-0.4783
-0.5555
-0.4704
-0.2987
-0.5349
-0.2680
-0.4561
-0.6293
-0.4622
-0.9462
-2.0005
-0.9584
-0.4485
-0.7530
-1.0231
-0.1981
-1.1045
-0.5441
-0.6531
-0.3771
-0.4822
-0.4896
-0.5455
-0.5352
-0.5493
-0.8992
-0.5770
-0.5468
-0.5516
-0.6341
-0.5929
-0.4678
-0.3807
-0.5393
-0.5869
-0.3689
-0.4347
-0.8435
-0.2713
-0.5713
-1.9796
-1.0285
-0.4694
-0.5702
-1.0462
-0.3808
-1.1880
-0.6093
-0.5588
-0.2391
-0.4190
-0.2674
-0.6213
-0.4009
-0.3323
-0.5884
-0.7236
-0.6174
-0.6779
-0.6645
-0.5133
-0.4719
-0.2243
-0.3115
-0.5311
-0.4634
-0.6405
-0.7795
-0.4461
-0.8550
-1.9722
-0.8927
-0.4076
-0.6567
-0.8381
-0.5043
-1.0506
-0.5381
-0.7276
-0.3840
-0.5570
-0.4855
-0.7384
-0.2888
-0.5318
-0.7753
-0.6203
-0.6295
-0.5956
-0.5374
-0.5020
-0.2894
-0.4106
-0.3548
-0.4476
-0.4767
-0.5543
-0.7952
-0.4266
-0.7924
-2.4058
-1.1265
-0.3845
-0.4313
-0.4334
-0.4167
-0.9904
-0.5298
0.0028
-0.5132
-0.3430
-0.3586
-0.2567
-0.2291
-0.4039
-0.8833
-0.5290
-0.5521
0.0969
-0.5357
-0.4365
-0.2340
-0.0035
-0.2184
0.0214
-0.3637
-0.5019
-0.5246
-0.2871
-0.9767
-2.4953
-1.0075
-0.2220
-0.5013
-0.6127
-0.1805
-1.0895
-0.4248
-0.7036
-0.3066
-0.4928
-0.1111
-0.4976
-0.2365
-0.2272
-0.7984
-0.6251
-0.7268
-0.7290
-0.0254
-0.3438
-0.4262
-0.2390
-0.1433
-0.2302
-0.4331
-0.0618
-0.5759
-0.2484
-0.6998
-2.3987
-1.2045
-0.6396
-0.2836
-0.7218
-0.0303
-1.0354
-0.3591
-0.7193
-0.4115
-0.5724
-0.3997
-0.2017
-0.1238
-0.4412
-1.0340
-0.6752
-0.5775
-0.7344
-0.3880
-0.3632
-0.4853
-0.5574
-0.1886
-0.6918
-0.5878
-0.4191
-0.5383
-0.3592
-0.9143
-2.5181
-1.1039
-0.2793
-0.6955
-0.8199
-0.2051
-0.8439
-0.0913
-0.5661
-0.4035
-0.4037
-0.4306
-0.4971
-0.2885
-0.5247
-0.5708
-0.6683
-0.6117
-0.7230
-0.8198
-0.4899
-0.5910
-0.4729
-0.2709
-0.4320
-0.4004
-0.3835
-0.8718
-0.4753
-0.9239
-2.2372
-0.9635
-0.3139
-0.7049
-0.9040
-0.1415
-1.0117
-0.7440
-0.6872
-0.4395
-0.5316
-0.4604
-0.5104
-0.3572
-0.3337
-0.7923
-0.7375
-0.5482
-0.7024
-0.6588
-0.4246
-0.4098
-0.4336
-0.3034
-0.4192
-0.5161
-0.4581
-0.4483
-0.3072
-0.9206
-2.4471
-1.1149
-0.3839
-0.4988
-0.9789
-0.0557
-0.7102
-0.1012
-0.3061
-0.5593
-0.4067
-0.4917
-0.5733
-0.3953
-0.4595
-0.7570
-0.7582
-0.6889
-0.6311
-0.6958
-0.6072
-0.3814
-0.5383
-0.3220
-0.3025
-0.5043
-0.4817
-0.8240
-0.1893
-0.9649
-2.4633
-1.0915
-0.3428
-0.4544
-0.4894
-0.2996
-1.0600
-0.4355
-0.2540
-0.2644
-0.2757
-0.4545
-0.4944
-0.4461
-0.2822
-0.7806
-0.4443
-0.6199
-0.6872
-0.5967
-0.6105
-0.5543
-0.4538
-0.4318
-0.5087
-0.5110
-0.5088
-0.8654
-0.3163
-0.8757
-2.2099
-0.9944
-0.4364
-0.7316
-0.9798
-0.4351
-1.0035
-0.3688
-0.6537
-0.4273
-0.6473
-0.4905
-0.5323
-0.3849
-0.3215
-0.7051
-0.7748
-0.6255
-0.7881
-0.4899
-0.4036
-0.3873
-0.5371
0.1825
-0.4573
-0.5202
-0.3137
-0.8766
-0.5484
-0.7042
-2.4705
-1.1298
-0.7132
-0.6670
-0.9276
-0.3674
-1.0495
-0.4920
-0.5758
-0.2806
-0.6029
-0.4859
-0.4287
0.1739
-0.4501
-0.8711
-0.7465
-0.6508
-0.2446
-0.1844
-0.4517
-0.4278
-0.4121
-0.2759
-0.3120
-0.3540
-0.5320
-0.7119
-0.3982
-0.6685
-2.4210
-1.2133
-0.4549
-0.5846
-0.7434
-0.2031
-1.0347
-0.2473
-0.7275
-0.3809
-0.5261
-0.5035
-0.4154
0.0644
-0.3383
-0.7002
-0.6473
-0.6752
-0.5965
-0.3083
-0.6434
-0.3349
-0.2787
-0.4788
-0.3831
-0.3432
-0.4619
-1.0164
-0.5550
-0.7532
-2.1672
-1.1757
-0.5259
-0.7209
-1.0070
-0.4175
-1.0841
-0.4645
-0.4964
-0.3234
-0.7445
-0.4538
-0.4527
-0.3202
-0.2433
-0.7161
-0.6366
-0.5898
-0.8798
-0.4196
-0.5576
-0.3824
-0.3347
-0.2967
-0.5959
-0.4713
-0.5790
-0.8636
-0.1410
-0.6826
-2.4858
-1.1172
-0.5559
-0.4560
-0.5912
-0.3836
-0.9118
-0.6333
-0.8213
-0.5776
-0.6107
-0.3242
-0.2981
-0.2134
-0.3716
-0.8397
-0.7440
-0.5519
-0.1467
-0.7636
-0.5474
-0.1323
-0.0924
-0.3494
-0.5410
-0.3743
-0.6655
-0.5892
-0.4923
-0.9331
-2.5332
-1.1254
-0.3929
-0.5267
-0.6261
-0.3467
-0.5600
-0.6397
-0.5850
-0.4217
-0.0728
-0.3635
-0.4620
-0.3443
-0.4956
-0.5158
-0.6559
-0.4963
-0.7626
-0.5683
-0.6671
-0.2093
-0.3785
-0.3627
-0.3744
-0.4549
-0.5810
-0.4243
-0.2578
-1.0536
-2.5001
-1.1103
-0.2601
-0.5138
-0.9213
-0.0970
-0.8234
-0.3150
-0.4297
-0.1367
-0.2330
-0.3582
-0.3647
-0.1442
-0.0042
-0.5454
-0.3447
-0.5475
-0.7146
-0.5648
-0.1141
-0.0784
0.0219
0.0565
0.0953
-0.0797
0.0093
0.1519
0.0142
-0.0301
0.1505
-0.1446
-0.1410
0.0405
-0.1774
0.0368
0.0758
-0.0725
-0.0922
-0.0022
0.0034
0.0209
-0.0700
-0.0930
0.0954
0.0019
0.0960
-0.0555
-0.0664
-0.0974

Direct connections:
