version: 10
file format: 0

training data file: /tmp/train-lm-from-UD-corpus.sh.OaWbj0Sa9.train
validation data file: /tmp/train-lm-from-UD-corpus.sh.OaWbj0Sa9.valid

last probability of validation data: -4683.909969
number of finished iterations: 10
current position in training data: 0
current probability of training data: -4671.817109
save after processing # words: 0
# of training words: 19415
input layer size: 109
hidden layer size: 30
compression layer size: 0
output layer size: 80
direct connections: 0
direct order: 3
bptt: 0
bptt block: 10
vocabulary size: 79
class size: 1
old classes: 0
independent sentences mode: 0
starting learning rate: 0.100000
current learning rate: 0.006250
learning rate decrease: 1


Vocabulary:
     0	         0	</s>	0
     1	      3144	32	0
     2	      1974	97	0
     3	      1759	101	0
     4	      1568	111	0
     5	      1126	115	0
     6	      1095	110	0
     7	      1069	105	0
     8	      1056	114	0
     9	       756	100	0
    10	       738	116	0
    11	       708	99	0
    12	       572	117	0
    13	       553	108	0
    14	       429	112	0
    15	       417	109	0
    16	       183	44	0
    17	       183	98	0
    18	       172	103	0
    19	       154	46	0
    20	       154	113	0
    21	       143	243	0
    22	       134	102	0
    23	       130	118	0
    24	       125	120	0
    25	       115	237	0
    26	       100	225	0
    27	        72	104	0
    28	        62	122	0
    29	        60	233	0
    30	        55	65	0
    31	        48	80	0
    32	        42	250	0
    33	        39	69	0
    34	        37	241	0
    35	        36	83	0
    36	        34	67	0
    37	        29	34	0
    38	        29	78	0
    39	        27	71	0
    40	        25	77	0
    41	        24	79	0
    42	        19	66	0
    43	        16	84	0
    44	        16	82	0
    45	        16	88	0
    46	        15	68	0
    47	        15	70	0
    48	        13	76	0
    49	        13	86	0
    50	        10	73	0
    51	        10	63	0
    52	         9	40	0
    53	         9	41	0
    54	         8	85	0
    55	         8	48	0
    56	         7	49	0
    57	         6	50	0
    58	         6	39	0
    59	         5	58	0
    60	         5	81	0
    61	         4	95	0
    62	         3	72	0
    63	         3	201	0
    64	         3	55	0
    65	         3	57	0
    66	         2	51	0
    67	         2	74	0
    68	         2	45	0
    69	         2	59	0
    70	         1	87	0
    71	         1	52	0
    72	         1	56	0
    73	         1	90	0
    74	         1	252	0
    75	         1	53	0
    76	         1	193	0
    77	         1	54	0
    78	         1	191	0

Hidden layer activation:
0.0527
0.6539
0.0004
0.0016
0.0051
0.0031
0.0020
0.0092
0.0386
0.0139
0.0002
0.0026
0.0320
0.0015
0.0017
0.0021
0.0119
0.0091
0.0003
0.0015
0.0188
0.0048
0.0025
0.7182
0.0011
0.0056
0.8911
0.0008
0.0379
0.0060

Weights 0->1:
0.0634
2.2046
-1.2659
-1.1116
-0.7490
0.4882
-0.3100
0.5815
1.6615
-0.7691
0.4512
-0.0843
0.6419
-1.3412
0.3077
0.3843
-0.5445
-0.2390
1.0547
-0.7558
0.5774
1.2315
-0.5198
-0.6952
0.6946
-0.3503
-0.4265
-0.1109
-0.0801
-0.7511
-0.0787
0.5809
0.4439
-0.0808
0.8856
-0.3771
-0.0636
-0.4306
-0.3271
-0.5687
-0.0568
-0.0986
0.2325
0.1817
-0.4610
-0.3253
-0.2763
0.5633
-0.4948
-0.3621
0.1395
-0.3706
-0.0482
-0.1471
0.0945
-0.4172
-0.4006
-0.4862
-0.0097
-0.1064
-0.0596
-0.0701
0.1224
-0.2018
-0.2354
0.0719
-0.0263
0.2967
0.0335
-0.0686
0.0201
-0.1336
-0.2409
-0.0065
0.0343
-0.0358
-0.0563
-0.0182
-0.1073
-0.2381
-0.2035
0.9736
-1.6425
-0.8806
-0.8435
2.1161
-0.6742
0.6246
-2.1168
-0.0025
-1.3213
-1.0611
-2.2158
0.0932
0.6132
0.1700
-1.3129
0.3756
-1.0692
0.5981
-0.1217
0.3612
-0.4553
-0.1362
-1.6936
0.3533
0.3371
-0.2076
-1.0509
-0.0999
1.7960
-1.5226
-0.7424
-2.7024
-3.1465
3.0073
1.6238
0.0009
0.1017
-0.3401
0.8734
-1.2876
-1.4174
1.0847
0.9635
-1.8386
1.2865
0.9420
-1.9115
-1.7610
-1.0621
-0.0103
1.7011
0.9011
-0.0166
-1.4649
1.6719
0.8890
-1.4093
-0.5981
0.2214
1.1259
-0.0197
1.4337
1.1090
1.0268
-1.5824
0.1750
-0.4244
0.3403
-1.2316
-0.3017
0.4715
0.3198
-0.3629
0.2972
0.5836
0.7723
0.4626
-0.3854
-1.1065
0.0003
-1.1016
-0.5313
-0.7040
-0.7722
-0.8149
-0.6046
-0.6833
-0.3950
-0.4460
0.4170
-0.6595
-0.3393
-0.2593
-0.4074
0.2362
-0.1338
-0.3787
0.2511
-0.2171
-0.3388
0.2983
-0.1422
-0.1307
-0.3152
-0.2118
-0.2323
-0.8296
-0.0312
0.3034
-0.8374
0.8724
-1.2257
1.8547
0.2564
-0.8327
0.6564
-1.4630
-0.1684
-1.1344
-0.7852
0.5715
-1.0743
-2.0197
-0.1621
-0.5597
-1.8458
0.2678
-0.3589
0.4961
0.2773
-1.0267
0.3407
-0.2339
0.2073
-0.2907
1.0162
-0.3057
-1.9661
-0.9410
-1.9548
-1.5884
-0.4804
2.0684
1.7651
1.7028
0.1791
0.5336
-2.2139
-0.0407
0.1022
-0.3127
0.0069
-0.5419
-0.0576
-0.4515
-0.6625
-0.7257
0.3575
-0.4889
0.0628
-0.0490
0.5433
-0.9544
0.3868
0.6699
-0.4167
-0.4759
-0.1923
0.8247
-0.6875
1.0706
-0.0679
0.9393
-0.3371
0.2010
0.0878
0.3837
-0.7757
-0.2067
-0.1314
-0.1971
-0.0500
0.2782
0.0240
0.3647
-0.2486
-0.3935
-0.4068
-0.2155
-0.0838
-0.2232
-0.3553
-0.4215
-0.4958
-0.2452
-0.2083
-0.1104
-0.3111
0.1226
-0.3596
-0.2760
-0.2582
-0.0454
-0.0062
-0.1344
-0.2510
0.2080
-0.0535
0.0274
-0.0065
0.0781
0.1166
-0.0272
0.0096
-0.1175
-1.1767
1.5583
-0.3941
-0.4103
-0.0700
-1.3712
-0.6389
0.2443
0.0833
0.0989
-1.7112
-0.9130
-1.0052
-2.3709
0.0140
0.4108
-2.0582
-0.3799
0.0709
-0.9596
1.2404
0.2022
0.6072
-1.0664
0.0709
0.2809
-1.9401
-1.1349
-0.0343
-2.0366
0.0086
-1.7584
-1.2647
0.1661
0.3940
-1.7136
-1.4168
0.4825
-1.9134
-1.7555
-0.3241
0.3810
1.2271
-0.0087
-1.1253
0.2166
0.3891
-0.2435
1.3554
-0.1833
0.7313
1.6527
-0.1333
0.0450
-0.2628
2.1324
0.4597
0.8212
1.0080
0.9004
-0.5141
-1.2404
1.1108
-0.3624
-0.2320
-1.5252
0.0316
-0.8367
-0.2144
0.8162
-0.2033
-0.0862
0.1946
-0.6400
-0.4556
-0.5293
-0.0554
-0.5556
-0.5077
-0.2555
0.2332
0.0918
-0.2232
-0.2660
0.5991
-0.2136
-0.2849
-0.3306
-0.0767
0.1888
-0.0154
-0.0452
-0.1094
0.1136
-0.1431
-0.0644
-0.1318
-0.0266
-0.0326
0.0804
0.1603
-0.1425
-0.0069
0.1496
0.1326
-0.0276
0.1074
0.0950
-0.0870
0.0550
1.0040
0.3615
-1.1223
0.2494
-1.1247
-1.0669
-1.0707
-1.4405
-2.7708
-0.5022
-2.1356
0.4321
-1.6281
0.2593
-0.2366
-0.1695
-0.0247
-3.0783
0.3887
0.8095
-1.5711
0.7133
1.1194
0.2293
-0.5212
-1.1050
-0.3408
0.2795
-1.5074
-0.1188
-3.6010
0.7619
-1.5726
-0.5401
1.5787
-1.4819
-0.6910
0.0728
-2.5230
-0.8200
0.8040
0.0474
2.0158
-0.0407
0.0386
1.5730
-1.6943
-1.4300
2.0591
0.1056
-0.8187
-0.5979
0.1784
-0.0135
-0.7551
0.0051
-1.0707
-0.4377
0.6745
0.7909
-0.4854
-0.4235
0.2350
-0.5470
-0.1528
-0.4420
1.0466
-0.6818
0.5683
-0.1427
0.1804
-0.3037
-0.2694
0.3826
-0.0888
-0.1387
-0.3460
0.0495
0.5503
-0.2186
0.2660
-0.2509
0.8315
-0.1986
0.0357
-0.0349
-0.0957
0.3089
0.6366
0.0028
0.3321
-0.0666
0.1367
0.4163
-0.0887
0.1239
-0.0131
-0.1582
0.2922
0.0592
-0.1317
0.1987
-0.0762
-0.0481
0.0853
0.2879
0.0421
-0.1386
-1.2899
-1.0929
-0.2764
0.5509
-0.0354
-1.3588
0.7147
-0.7179
-0.2883
-0.8213
-1.0063
-1.9894
-1.8684
1.0981
-0.6350
-0.6660
-1.8432
-0.5937
-0.6501
-1.1793
2.0736
0.1497
-1.5816
1.1056
-1.6084
-0.9167
-1.7315
-1.3638
-1.4531
1.0643
-0.1450
-2.7893
-1.5785
-0.0529
1.9479
-2.2922
-1.5013
-1.4628
-1.6606
-1.7103
0.1578
-0.3425
-1.7437
-1.0864
-0.4230
-0.3595
2.4567
1.4144
1.2296
1.4090
2.5556
0.5416
0.7586
-0.5560
-0.3288
-0.0830
0.7251
0.3148
0.4734
0.9477
0.4379
-1.2400
0.0217
-0.5321
-0.7711
-1.4927
-0.6748
-1.1825
-1.2505
0.9914
0.0041
0.0728
-0.2195
-0.0366
-0.1704
-0.6804
-0.3031
0.3707
-0.7377
-0.2345
-0.4908
0.6575
-0.6752
-0.0212
-0.2413
-0.4193
-0.1355
-0.6813
0.0678
0.6112
0.8770
0.2516
-0.2156
0.8185
0.7475
-0.3083
0.0155
-0.1173
-0.1844
0.1060
0.0197
0.0012
0.2066
-0.1880
-0.1138
-0.0966
0.5081
-0.1468
-0.0989
-0.1071
-0.9908
0.5092
-0.8344
-0.9482
-0.9659
0.3483
0.7299
0.7719
0.8236
-0.3167
0.3267
-1.8730
-1.5605
-0.4062
2.1606
0.3269
-2.4898
1.6363
-1.2483
0.1562
0.4688
-1.8310
-0.5175
-1.6297
-1.4541
0.0532
2.0503
-1.0462
0.5389
-0.1023
-2.8851
1.4948
-0.4392
1.5524
1.3878
1.4608
0.7542
-0.9565
-1.1279
-2.7359
-1.8913
1.9915
-0.9639
-1.2816
-1.0615
1.3137
-0.3755
-1.3697
0.8663
-1.5764
-0.6131
-1.0036
-1.6487
-0.8210
2.0329
0.6800
0.1145
-0.6704
0.8367
1.0723
-0.3391
1.1512
0.5470
-0.8469
-0.2838
-0.4426
0.1352
-0.8087
0.5725
0.1904
-0.4864
-0.3594
-0.0824
0.0219
0.2101
-0.1955
0.0326
-0.0761
-0.0420
-0.1568
0.2997
0.0636
0.0968
0.1863
-0.3222
0.0300
-0.2230
0.4503
0.2267
-0.2449
0.2053
-0.0256
0.2158
0.2743
-0.2418
0.0903
-0.1945
-0.2233
0.0317
0.0469
-0.1186
0.0215
0.0145
-0.2067
0.2013
0.0119
0.4081
-0.0408
-1.8075
-0.3813
1.3511
-0.3171
0.2395
-1.0486
0.0004
-0.3084
1.8587
0.5547
2.3749
-0.1534
-0.5311
-1.4131
0.0656
-1.1009
-0.1100
0.8008
-2.2630
-0.0762
-1.9032
0.0882
0.7114
-0.3883
-0.8663
0.6753
-3.9821
0.2655
-1.3067
-0.7954
-0.1794
-1.3850
0.7582
1.0004
-0.6753
-1.6542
-1.3544
2.0419
0.0349
-0.2240
-0.2516
1.2212
1.8704
0.7063
1.1522
-1.0879
0.1353
0.7527
-0.8200
-0.4389
-0.6505
0.0692
1.0409
0.3967
0.5091
0.3801
0.5348
0.2753
-1.2446
0.1498
-0.1202
-0.4987
0.0136
-0.7376
0.7389
-1.0714
-0.5054
-0.7294
-0.6062
-0.6729
-0.1081
-0.4678
-0.2575
-0.1125
0.0332
-0.8133
0.1077
0.2630
0.1516
0.2435
-0.3128
-0.0161
-0.0710
-0.2321
-0.0937
-0.9464
-0.5782
-0.2994
-0.3146
-0.1206
-0.0011
0.1265
0.1639
-0.0812
-0.1158
-0.3137
-0.2015
-0.0972
-0.1496
-0.0791
0.1144
-0.1235
-0.0820
-0.0458
-0.0373
0.0920
0.0497
-0.1403
0.1005
-0.2392
-0.4671
-1.3849
0.0613
-1.0794
0.4837
-2.2978
0.5138
-0.2013
-1.1925
-0.0035
-0.1916
0.1734
1.3501
0.9844
-0.7727
-0.6207
-0.1429
0.4069
0.8967
0.2671
-0.2460
-0.6227
-1.5705
-0.6138
0.4241
-2.8071
0.1931
0.8129
0.6130
-0.0850
-0.7490
-0.9147
-0.4713
-0.3541
-0.4381
0.1653
-0.3983
-0.8614
0.7990
1.5813
-0.5943
-0.4457
-0.9925
0.4423
-0.5791
-0.1530
0.0967
1.5902
-0.4107
3.5054
-0.2767
0.2401
-0.2254
0.1069
-0.0167
-0.5368
0.1870
0.3973
-0.1415
-0.6335
-0.5776
-0.2060
-0.1395
0.1954
-0.5535
-0.0674
-0.6127
0.1614
-0.1164
-0.3329
-0.0781
-0.0316
-0.0546
-0.1412
0.1099
-0.1021
-0.1028
-0.2568
-0.2485
-0.1337
-0.1199
-0.4165
-0.2134
-0.0607
-0.1275
-0.4292
-0.3246
-0.1308
-0.0465
1.0700
-0.1622
0.0550
-0.2270
-0.1521
-0.2037
-0.3441
-0.0658
0.1207
-0.1603
-0.0612
-0.0654
-0.1607
-0.0177
0.0658
-0.1299
-0.2604
-0.0588
-0.0714
-1.0684
-0.3039
-0.2306
-0.5981
-0.7607
0.2925
0.1390
0.1386
-0.0211
-0.1829
-1.3177
-0.3963
-0.1536
-0.8146
0.1245
-0.2166
-0.2498
-0.2648
0.2467
0.2043
0.0803
0.0144
-0.0611
-0.9805
-0.1501
1.1519
-1.8186
-0.4587
0.0294
0.0526
-0.1545
-4.6598
-3.1446
-0.7771
-2.8555
1.9896
-0.7866
-3.6998
0.6837
2.0168
1.1232
2.1847
-2.6379
1.8294
0.6555
0.5393
1.7350
-0.4195
-0.4915
0.5397
-0.7199
-1.4796
1.0842
1.7228
1.4076
-1.2559
-1.6032
1.3215
1.3718
-2.4825
-1.1728
-0.9644
-0.4873
-1.3811
1.4501
-1.0560
0.4541
-1.3049
-1.1043
1.1227
0.8018
-1.1499
-0.5853
0.5723
1.0139
-0.3093
0.9827
0.0834
0.7709
1.2966
-0.9266
0.1761
-1.1380
-0.3393
-0.3878
-0.8111
-0.4948
-0.6855
-0.5137
0.4366
-0.0697
0.0051
-0.0274
0.5071
0.2577
-0.4837
-0.1705
0.1949
-0.9406
0.1668
0.2122
-0.1363
0.3609
0.3588
0.1935
-0.2403
0.1654
-0.1443
-0.1964
-0.7055
0.5255
0.0406
0.7571
-0.5634
-0.9304
2.4818
0.6359
-0.7807
0.7753
0.5511
1.5247
-1.8117
-0.8512
0.6693
0.7173
0.4413
-0.4972
-1.4469
-1.8645
0.6944
-0.3564
-0.0657
0.6544
-1.3256
0.0473
-1.3121
1.2929
-0.1797
-0.3130
-0.1642
-2.1244
-2.5510
0.0866
2.1214
-1.2084
-2.4727
0.9385
0.7947
-1.0718
0.0821
-3.4713
2.8789
-0.3398
-1.7344
-1.8134
0.6007
-0.2389
-0.4386
0.4369
-0.8039
4.0029
-0.9948
-0.1506
-1.1073
0.3319
2.6684
-1.3198
-1.0895
2.3980
-0.3055
-1.5427
0.6096
0.6666
-0.6403
0.3054
-1.7529
-0.7788
-1.8986
-0.9789
0.0555
0.2737
0.2655
0.0700
0.6255
-1.3897
0.3091
0.1015
-0.0911
1.0783
0.7080
0.3079
-0.6321
0.0903
1.0720
-0.1645
-0.0949
-0.3309
0.0757
0.1557
-0.2583
0.2954
-0.1281
0.4908
0.2793
-0.1748
0.1758
0.1645
-0.0734
0.0871
-0.0931
-0.0972
0.0473
-0.3964
0.1655
-0.0036
0.2991
0.1609
0.1193
-0.0023
0.5262
0.2277
0.3308
0.5854
-0.1897
-2.6234
-1.3753
-0.3534
-3.2942
-2.4121
-0.9419
-1.2498
-1.5513
0.7646
-0.6828
0.5792
-0.6551
3.4186
0.7757
-0.9666
-0.3268
-1.4436
0.1160
-0.6106
-1.0616
-0.0310
-0.3143
-0.1642
-1.1078
-0.3913
-2.1231
-2.9255
-2.4989
-3.7651
-0.3535
0.3369
-2.5983
0.5859
2.5790
2.2225
0.9097
1.1236
0.5427
2.5712
0.3440
-1.6994
3.1731
0.7798
-1.6394
-1.6349
-0.9396
2.9785
3.1389
0.9429
-0.9302
-1.8624
2.5603
0.5773
-2.0821
-1.4132
0.3615
0.2935
-1.9506
2.7993
-0.4055
0.6559
-1.4555
-0.3049
-0.0319
0.7834
-2.1939
-0.2807
1.2994
0.8130
-0.9636
0.8756
1.4732
0.5965
0.8331
-1.2919
-0.9873
-1.7322
-0.5137
-0.6897
-0.8362
-1.2868
-1.2348
-1.1589
-0.7730
-0.8402
-0.9270
0.4408
-1.1080
-0.8193
-0.6626
-0.8441
0.4307
-0.2461
-0.4927
0.4100
-0.4566
-0.3070
0.3683
0.1459
-0.3728
-0.4857
-0.1266
-0.2214
0.6569
-0.2449
-0.0519
-0.1901
0.0127
-0.6971
-1.1104
-1.0087
1.9747
-0.4132
-0.5508
-1.2226
-0.3891
-1.2179
0.7509
-0.3909
-1.1682
-2.1099
0.1551
-0.3542
0.6446
1.1629
-0.0034
-0.9653
-0.3833
-0.7446
0.7912
-0.3067
0.5256
-0.2049
-0.3166
-1.5667
0.1650
0.3766
1.2104
-1.7772
-2.0835
1.2860
0.6947
0.2810
0.5163
-2.1684
-0.7601
0.4217
0.1149
-1.2945
0.2654
1.2548
1.1938
0.4076
0.0305
0.9679
-0.0212
-0.1494
-1.6433
0.9727
-0.0911
-0.2091
0.1749
-0.2283
0.3917
-0.6692
0.4059
-0.1705
0.4340
-0.9500
0.1259
-0.8084
-1.1560
-0.2252
-0.4057
-0.4441
-0.5707
-0.1202
-0.1595
-0.5505
-0.3333
0.5135
-0.2636
-0.2073
-0.5290
-0.0840
-0.5469
-0.1982
-0.2377
-0.7751
-0.4993
-0.5603
-0.4096
-0.0373
-0.1181
0.0427
-0.1868
-0.2202
-0.0165
-0.4272
-0.1360
-0.0691
-0.2680
0.0580
0.0227
-0.1603
-0.1003
-0.1396
-0.0745
-0.1333
-0.0636
-0.0282
-0.1997
-1.0895
-0.6107
-1.0019
1.3251
-1.0646
1.1187
0.4932
1.0772
0.5170
-1.1902
1.4045
0.8516
0.3800
0.3671
0.7093
-0.5110
-2.3772
1.3780
-0.8417
-0.9305
-0.1109
0.5006
-1.1806
0.0892
0.3734
-1.1587
-0.7041
-2.0581
-0.1021
-0.0271
-0.2075
-2.9974
0.6280
1.5067
-0.6708
-2.1508
1.4601
-2.2005
-1.4255
-1.3674
-2.5974
-1.7940
-1.3548
-2.7851
-2.7334
-1.4487
3.4942
-1.0552
-1.3442
2.0350
-0.7678
-0.9905
-0.0999
-0.8122
-0.2573
-0.0421
2.1699
0.0325
0.5379
1.6351
0.8283
-1.6865
0.5218
1.2444
-0.7864
-1.2649
-0.0507
-0.9936
-1.0951
1.5035
0.3905
-0.1093
-0.9237
-0.5029
0.0536
-0.5394
0.0936
-0.5769
-0.0451
0.6583
-0.2683
0.8755
-0.7847
0.2528
0.2334
-0.4700
0.1373
-0.5655
-0.1229
0.7133
-0.1881
0.3067
-0.0092
0.9140
1.0452
-0.4183
0.1420
-0.1105
-0.3435
0.4191
-0.0809
-0.2043
0.3576
-0.1113
-0.1628
-0.2510
0.5992
0.1972
-0.1913
-0.5974
-0.1195
1.6788
0.4191
-1.8998
-1.5425
-0.4376
-1.2243
3.2823
0.5700
2.6099
0.9801
-2.3025
0.7319
0.2291
-1.3675
0.2835
-2.7739
-0.0357
1.0971
0.7132
0.1977
2.9134
-1.1730
-2.0656
1.4397
0.7572
-0.3839
-0.8701
-2.7249
0.0152
-0.9347
-0.5073
0.1027
0.0497
-0.5466
-0.6741
-0.0852
0.0273
0.0589
0.0564
-0.2598
0.1761
0.1181
0.2190
0.4673
-0.2030
0.2420
0.2730
-0.3024
1.2333
0.3154
0.3435
-0.2161
0.3246
0.1843
-0.2520
0.6018
0.2084
-0.2627
-0.2214
-0.4567
0.3119
0.0523
0.0016
-0.2936
-0.1751
-0.2084
-0.1080
0.3495
0.0416
0.0008
-0.0335
-0.1153
-0.2834
-0.0979
0.2513
-0.0972
-0.1375
-0.1891
-0.0304
-0.0216
-0.0477
0.0610
-0.2802
-0.0356
-0.2063
-0.2975
0.1152
-0.0744
0.3652
0.0845
-0.0914
-0.2596
0.0478
-0.2902
-0.0618
0.0581
-0.0499
-0.0526
0.0566
-0.0654
-0.2108
-0.1305
-0.0899
-0.1830
-0.1331
-0.0075
-0.0761
-0.5362
-0.8220
-0.5116
-0.6047
-0.8397
-0.6525
-0.6184
-0.4580
-0.2766
-0.4335
-0.6241
-0.6788
-0.2194
-0.5821
-0.2077
-0.2317
-0.7047
-0.8029
-0.2168
-0.4017
-0.6809
-0.3022
-0.4980
-1.2001
0.3788
-0.7151
-1.1838
-0.4172
-0.1570
-0.2631
-0.1656
-1.6320
1.6574
-1.0473
-0.2012
2.1344
1.1528
-0.3259
-0.0241
-0.7779
-0.1322
0.4649
1.1094
-0.5462
-0.8580
-0.7701
0.1728
-0.4819
-0.3900
0.0705
-0.0413
0.5221
-0.9261
-0.5091
-0.3809
-0.0727
-0.2608
-0.3538
-0.2664
0.3109
0.0070
0.1394
-0.3261
-0.4824
0.5709
0.2310
0.0456
-0.2080
0.6897
-0.4665
-0.2701
-0.1643
-0.3346
-0.0833
-0.1848
0.1985
-0.3006
-0.1210
-0.1590
-0.4538
-0.2948
0.1055
0.1960
-0.1102
-0.0836
-0.0625
-0.0555
-0.2021
0.0232
0.2772
-0.0821
0.0359
-0.1190
0.0545
0.2584
-0.1352
-0.1415
0.0184
0.0281
0.0517
0.0296
-0.0284
0.0325
-0.0187
0.1350
0.0504
0.2197
-0.0462
-0.0398
-0.8294
0.2303
0.0758
0.2062
-0.5133
0.4234
-1.6114
-0.8964
0.4585
-0.7781
-1.3411
-2.1533
-2.1051
0.5565
0.0155
-0.3324
-1.0641
-0.0919
1.3231
-0.0334
-1.1550
0.1351
-1.6640
-0.4882
-0.8102
-0.2687
-0.1314
-0.7256
0.2632
-0.9792
0.0503
-3.0703
-1.1361
-1.4438
-1.3566
1.5575
0.0511
-1.8114
-1.1767
-0.9361
-2.7479
-1.5820
-0.4635
0.7392
0.0641
3.3032
1.6070
-1.1627
-0.0959
1.3420
-0.8536
-0.1310
-0.1449
0.4942
0.5217
-0.0946
-0.0089
1.3336
1.0943
-0.5890
0.0913
0.0553
0.1206
-0.1198
1.4505
0.0309
0.1391
-0.2132
-0.2185
0.3985
0.6285
-0.4056
0.2710
0.1026
0.2597
-0.2062
0.1734
-0.1128
0.1509
-0.1571
-0.5076
0.4158
0.1543
0.0028
-0.1596
-0.4199
-0.1359
-0.2265
-0.2929
0.1568
-0.1722
0.3827
0.2532
0.0605
0.2924
-0.3089
-0.0659
0.2249
-0.1973
0.2682
0.1423
-0.1272
0.1274
0.0308
0.2051
-0.1757
-0.1727
-0.1402
-0.0815
-0.1532
-3.8438
0.3886
-1.6221
-0.4759
-0.3754
-0.4347
-0.0070
-0.2154
0.1285
1.1753
1.1880
1.6880
-0.0590
0.3670
-0.5717
-0.5608
-1.4262
1.4700
0.0512
0.5264
0.0818
-0.2579
-0.3677
0.5765
-0.1673
-3.7729
-0.8057
1.6138
-0.1372
-0.0607
-0.7586
1.5421
2.7761
0.3169
-2.2426
-1.0689
2.2503
-2.3102
-2.1351
-0.1850
0.7235
2.4770
-0.9477
0.5373
-1.9156
0.5868
-0.5580
-0.1312
-0.4268
-0.3999
2.9402
-0.0951
-0.8378
-0.7770
0.7279
0.7906
-1.2123
-0.5928
1.8127
1.0114
-0.5530
0.2674
-0.0431
-0.4211
-0.9050
-0.3385
-1.0038
-0.2521
-0.5510
-0.9333
-0.2504
-1.0956
-0.5167
-0.6617
-0.4085
-0.7090
-0.0506
-0.2806
-0.3790
0.0727
-0.0015
0.8900
-0.2155
0.3436
-0.4910
-0.4458
-0.6613
0.1158
0.2715
-0.1341
0.1177
-0.3100
0.1687
0.0462
-0.3876
-0.2597
-0.1541
-0.2112
0.1087
-0.1422
-0.0269
0.0391
-0.0708
0.0692
0.0782
-0.1526
-0.1918
-0.0655
0.7381
-0.4890
-1.5053
-0.9374
1.2641
-2.5408
0.5201
0.4618
-0.8141
0.3177
-1.0716
0.1437
-1.9884
-0.7131
0.3586
0.4702
0.3625
0.3648
-0.6874
0.9697
-1.3980
-1.3871
0.3848
-0.9918
1.5278
-0.4112
0.0953
-1.5907
0.3703
-1.4930
-0.1440
-1.5682
-0.5567
-0.2035
0.9277
1.3583
2.5953
-2.8862
-1.0788
0.7320
-2.0592
2.5780
-2.9781
1.9262
-1.4977
0.3815
0.2539
0.2462
-1.0304
-0.0224
3.1774
-1.5951
0.1990
0.6766
2.2175
-1.1611
0.8600
-0.0035
0.1797
-0.0028
-0.6723
-1.2908
-1.0342
-0.4261
0.4300
0.1983
0.2447
-1.2827
0.2208
-0.1505
-0.4305
0.0262
-0.5897
-0.6294
0.7279
0.2599
-0.0780
-1.0119
0.2511
0.5412
-1.5645
-0.0204
-0.3011
-0.2517
-1.3547
-0.3641
-0.5792
-0.7627
-0.4135
-0.0285
1.1666
-0.1382
-0.1261
-0.1259
0.1385
-0.4123
-0.1792
-0.0527
0.0204
-0.1454
-0.0500
-0.1154
0.1793
0.0245
-0.0715
-0.0731
0.0258
-0.0376
-0.0624
0.3363
0.1151
-1.2270
-1.2856
-0.8183
-1.8585
0.0134
-0.4121
-1.3068
-1.0960
0.2783
0.3027
-2.4525
-0.4877
0.0383
-1.0438
-0.5646
-1.2150
-1.4915
1.3682
-0.7948
-0.1564
0.7394
-1.2466
1.3016
-0.1069
0.9878
0.3562
0.8580
-0.5057
-0.0374
-0.6355
1.0373
0.8971
-1.4298
-1.2734
-0.0232
1.1496
1.0126
-0.9967
-1.3912
-1.4741
1.6995
-0.3848
-1.8911
0.0451
0.4052
-0.6886
-0.0575
0.1882
-0.3045
1.9706
-1.0232
-0.2420
-0.5122
0.1323
0.7143
0.2919
-0.0791
0.4404
-0.1500
-0.1070
0.5789
0.1547
-0.0098
-0.7028
0.2398
-0.3181
0.1226
-0.5819
-0.2984
0.0500
0.0226
-0.5464
-0.2882
-0.0482
-0.4093
-0.7495
-0.2599
-0.4436
0.2423
0.0481
-0.1055
0.0059
0.7027
-0.1740
-0.1850
-0.2822
0.1618
0.1372
-0.1492
-0.0001
-0.1186
0.2522
0.1053
-0.1306
-0.0210
-0.0740
-0.0643
0.1112
0.0145
-0.1504
0.0194
-0.0257
0.1218
0.0398
0.0722
0.0248
0.0263
-0.3497
0.3270
-0.3602
-0.5226
-0.5195
-0.0035
-0.0918
-0.0067
-0.9276
-3.0767
0.1674
-2.1335
-0.0159
-0.2678
-0.3056
-0.1002
0.0881
-0.4319
-2.4096
-0.8964
-1.1625
-1.1460
-1.0944
-0.8961
-0.6842
-0.5641
0.4928
0.6870
-0.8458
-0.7473
-0.0614
-3.9704
-1.6627
-1.0157
1.3360
3.1542
1.0997
2.3144
1.9232
-1.4832
-1.5759
-0.6814
2.1115
-1.8243
-0.6551
-2.9611
2.8984
-1.6579
-2.3498
0.6708
-0.9092
-1.2973
-1.5755
-1.3902
-1.0572
-0.5356
0.0864
-0.0597
0.3922
1.1720
0.6537
-0.4525
-0.2251
0.9607
-1.6361
-0.2699
-0.2159
-0.2743
-0.7008
0.4878
0.2818
0.1029
-0.2565
-0.2030
-0.0833
-0.0944
0.1860
-0.0735
-0.1611
-0.1697
0.0934
0.7996
0.0171
0.1530
0.2419
-0.0238
0.2289
-0.2217
0.1054
0.5475
-0.0258
0.3233
-0.1440
0.2202
0.8224
-0.1916
0.2703
-0.1079
-0.4192
0.4192
0.1198
-0.0211
0.2716
0.0473
-0.0477
0.1373
0.2197
0.1191
-0.1153
-2.2936
-1.2262
-0.7150
1.5051
0.7118
0.6941
1.2389
-0.9758
-0.0128
-0.7723
0.1366
-4.2909
0.2173
1.2593
0.1626
-0.3426
-1.6144
2.3220
-1.4108
0.8104
-1.3240
-1.1692
-2.8055
-0.3833
-1.3814
1.5529
-1.9125
-1.8406
0.0419
0.8974
-0.0954
-1.5198
0.5568
-1.1870
0.1317
-1.0269
0.2260
-1.0167
-1.1478
0.7156
-0.0105
-0.3618
-1.2799
-1.3772
1.2250
-0.9290
-0.1137
-0.0943
3.5336
-0.0778
3.1772
-1.2033
0.5407
-0.2697
0.2307
-0.0845
-0.7407
1.2960
1.3260
0.0167
-0.3074
-0.2624
-0.4747
-0.4724
0.6960
-0.8419
0.2441
-0.5658
0.4940
0.5614
-0.0711
-0.0482
0.2457
-0.1781
-0.3239
0.1170
-0.2537
0.2474
-0.6081
-0.5212
-0.5426
-0.0935
-0.3791
-0.0129
-0.4410
-0.2207
-0.4141
-0.4881
-0.2777
-0.1428
1.1206
-0.3521
0.0476
-0.1946
-0.1893
-0.2546
-0.0874
0.2193
-0.0675
-0.1327
0.0885
-0.0319
-0.1492
0.1568
-0.0508
-0.1366
-0.1258
-0.0567
-0.2713
0.1252
1.1013
-0.2068
-1.1196
-0.6813
-0.7307
0.5569
-0.4519
-1.0756
-1.8036
-1.1624
-0.3896
-0.5166
-0.6878
0.0382
0.0360
-0.7318
0.1049
-0.9691
-0.6576
-1.0680
-0.0492
-1.6843
0.9223
-0.0524
-0.1490
-1.1455
0.0380
0.2739
-0.2943
-0.0755
-2.0299
-0.8806
-2.0275
-1.7844
1.8202
-1.6664
-2.0667
1.0185
1.7684
1.6202
-0.7211
0.7608
-0.2950
-1.3483
4.3101
-1.1033
0.5187
-0.3269
-1.1292
0.4168
-0.3911
1.4738
1.7112
3.0834
-1.3340
0.6003
1.2014
-0.9969
-0.7194
-0.9448
-1.3291
-1.1381
-1.2242
1.5179
-0.9538
-0.0806
-0.9488
-1.3123
-1.3117
0.1803
-0.9111
-0.3629
0.0912
1.2423
-0.8998
1.0075
-0.1079
0.3717
0.7463
-0.7230
-0.4103
-0.2748
-0.4638
-0.4099
-1.1401
-0.9719
-0.5355
-0.2886
-0.4766
0.1139
-0.1959
0.1178
-0.4235
-0.7352
-0.4315
-0.5210
0.1167
0.0844
-0.2484
0.1199
-0.1661
-0.3479
0.0369
-0.2431
-0.3667
-0.0729
-0.0987
0.0390
-1.0422
-1.7597
0.1957
1.6793
0.4674
-0.0112
-1.6033
0.9024
-0.3039
-0.5908
-1.4139
0.3117
-0.5303
0.3861
1.1707
-0.7551
-0.5878
-0.3794
-0.8036
-0.4806
-2.7569
1.1057
0.9672
-1.6519
2.1455
0.6326
-0.2779
-0.2727
0.3809
-0.7566
-0.0901
-1.9443
1.4472
-0.8229
2.5767
0.0349
-2.2543
0.5165
-1.4127
-0.2795
-1.8068
-3.2454
-1.2056
-1.6474
-0.6127
-0.4103
1.3771
-0.3498
0.0285
1.6175
0.5375
0.1246
-0.9307
-1.0213
-0.3757
-0.1680
0.6902
-0.2911
0.9061
1.0481
0.5559
0.0987
-0.1394
-0.0265
0.4457
-0.3981
0.1119
0.4241
-0.0235
0.2938
-0.4071
0.5859
-0.5878
0.0176
-0.4083
0.1393
-0.5431
-0.0784
-0.3497
-0.7604
-0.3177
0.5187
-0.2945
0.6000
0.2758
0.1849
-0.0388
-0.3671
0.2909
0.8125
0.2180
0.1106
-0.1699
0.5266
0.1864
-0.1107
0.0600
-0.2317
-0.3465
0.3656
0.0219
-0.1813
0.2393
0.1059
-0.0915
0.0677
0.2707
0.0517
-0.0304
-1.1154
0.1381
-0.9512
-0.0869
1.9256
0.7981
-0.0905
-1.4102
0.2422
0.0889
-2.3134
-2.9163
-0.6334
0.9344
0.1714
0.6008
0.0692
-0.6046
-2.4816
-0.1018
0.2629
-0.6207
-1.4630
1.0795
-0.5002
0.2343
-0.3241
-0.3490
-0.5916
1.1902
-0.1128
0.2649
0.2599
-1.4816
-1.2352
1.8366
-0.3249
0.0058
0.9357
-0.4136
1.0520
0.7038
-0.9583
-0.8735
-0.1356
1.9165
-0.7440
-0.3744
1.7712
-0.6842
0.7291
-0.5053
0.2357
-0.2398
0.4731
0.0314
-1.0299
0.6623
0.5176
-0.8804
-0.4476
-0.5712
-0.3766
-0.2963
0.5737
-0.4840
0.4519
-0.5453
0.8117
-0.1235
0.3395
-0.2427
-0.1768
0.2487
-0.1444
-0.0406
-0.0881
0.6118
0.0368
-0.3891
-0.3297
-0.3180
-0.4951
-0.2344
-0.1570
-0.3296
-0.5289
-0.3406
-0.1838
-0.2716
-0.0717
-0.3849
0.2324
-0.5324
-0.3595
-0.0229
-0.1371
0.0884
-0.1585
-0.2455
0.1386
0.0150
0.0379
-0.0162
0.0781
-0.0215
-0.2026
-0.0436
-0.0970
-0.7744
-0.4669
0.2015
-1.1615
-1.0038
-1.1827
-0.7317
-0.9543
-0.2755
-1.3497
-0.5773
1.1763
-0.1831
-2.1386
0.0649
0.6384
-1.2130
0.1735
-1.0825
-0.7088
-0.9831
0.5661
-0.3725
-0.8351
0.9332
-0.7569
0.3522
0.0537
0.3495
-0.5222
0.0774
-1.9676
-0.9725
0.1966
-0.7649
-0.8439
0.6017
-0.6274
0.9309
-0.1355
-1.4529
-0.0490
-0.1144
1.3431
-0.0582
-1.7435
1.1480
-0.3802
0.0631
0.3901
-0.6939
1.1063
-0.6776
-0.7200
-1.1506
0.8131
0.7483
0.7976
0.9294
0.5752
0.4940
-0.5906
0.6001
-0.2269
-0.3838
-0.5542
0.1182
-0.4667
-0.4031
0.4451
0.0343
-0.4542
-0.2227
-0.0842
-0.1754
-0.3508
0.2484
-0.2122
-0.0214
0.1115
0.1597
0.1020
-0.2130
0.1894
0.1021
-0.1760
-0.0327
-0.2129
-0.0150
0.2438
-0.0597
0.0269
-0.0034
0.2096
-0.0236
-0.1557
0.0374
-0.0740
-0.1507
0.1437
0.0110
-0.0325
0.2000
-0.0514
0.0301
-0.0367
0.2676
-0.0164
-0.0841
-1.1268
0.2221
0.3669
-0.5098
-0.5051
0.1600
0.4762
-0.4670
-0.4441
-1.2761
-1.0599
-2.4415
-0.1745
-0.2382
-0.0784
-0.4726
-0.3333
0.8103
-0.3295
-0.8054
-0.6317
-0.6013
-0.3576
0.0607
-0.3508
-1.0424
-2.2590
-0.1320
-0.1310
0.0836
-0.1039
5.3162
-0.9779
1.1342
1.0052
0.0160
-2.7588
-2.1044
-1.4320
-0.7815
-0.9125
1.8702
-2.0136
-1.5407
0.5847
0.6551
-1.0087
-0.5512
-0.6280
-0.8035
2.6015
0.1223
-0.9770
-0.4652
0.6676
1.2350
1.0152
0.6591
-1.5331
1.2793
-0.3527
-0.5892
0.8302
-0.7972
-0.1330
0.1857
-0.5849
-0.3185
-0.5627
-0.7756
-0.0868
0.1358
-0.0745
-0.0151
-0.0448
-0.4000
-0.0103
0.0020
-0.0923
0.2256
-0.1972
-0.5524
-0.0146
-0.4739
-0.1042
-1.2302
-0.8029
-0.3808
-0.1736
-0.5657
0.3649
-0.2059
-0.0323
-0.1744
-0.6874
-0.3728
-0.2000
-0.0793
0.1813
-0.3632
-0.0032
-0.1544
-0.2354
0.1040
-0.1983
-0.0006
-0.0208
-0.1703
-0.0381
-0.9807
-0.3042
0.0521
0.0895
-0.0868
-0.2990
0.4343
-0.7549
-1.3188
0.0645
0.4885
-1.4525
-1.3065
0.7231
0.3180
-0.8841
-1.1729
0.3369
0.4596
1.7578
-0.0189
-1.7850
-0.1520
-1.4988
0.9321
1.0328
-2.0650
0.6834
0.5036
-1.6737
-0.0616
-0.6810
0.1230
-2.6258
0.8470
1.2885
0.1731
1.9872
0.1668
-0.9119
-1.8469
-1.9982
1.4342
-0.5468
-1.1938
-0.6593
-0.4989
-0.2320
-0.8264
-0.5001
-0.9183
0.1393
-1.2229
-0.8853
0.5348
2.9971
-0.7077
1.0303
-0.0053
-0.9060
-0.4570
-0.5385
1.5835
-0.1824
0.5492
0.6208
0.3797
-0.3188
-0.4354
0.3117
0.8992
-0.5611
0.4711
0.0634
-0.4395
-0.5857
0.5213
-0.2179
0.1084
-0.3506
-0.1184
-0.2339
0.3192
-0.2963
0.0161
-0.3736
-0.4275
-0.3868
0.0223
-0.1885
-0.4550
0.1489
0.4659
-0.2096
-0.2581
-0.2488
-0.1599
0.3128
0.1243
-0.0448
0.1301
0.0332
0.0841
-0.1755
-0.1102
0.1305
0.0176
0.0340
-0.0288
0.0128
-0.5527
0.1030
0.2745
0.0119
-1.0720
-0.5820
-0.5936
0.9128
-0.0619
-1.7213
-1.0164
-2.2751
-2.3625
0.2198
0.8076
-0.1087
-1.6802
1.5388
-0.7809
0.1325
-0.2899
-1.0214
-1.5821
0.6215
-1.0080
0.5183
0.2504
0.4243
-2.2189
0.0329
0.8357
-0.6363
1.3558
-0.7524
-0.2547
-0.2942
-0.8661
1.2378
0.2782
-0.1493
-0.7851
0.2451
-0.2647
-0.0250
-0.2947
-0.3403
0.1488
-0.0330
-0.0272
0.7104
0.1156
-0.3598
0.0596
-0.2238
-0.2450
-0.1594
-0.1724
-0.1187
-0.3067
-0.0210
0.2759
-0.0078
0.9508
0.0626
-0.0613
-0.2795
-0.2656
-0.2014
-0.2896
-0.0171
0.1541
0.6461
0.1399
-0.0195
0.0493
-0.2108
0.0831
-0.1834
-0.0930
-0.0391
0.0169
-0.0995
-0.1066
0.0256
0.0395
-0.0565
-0.2989
-0.0200
0.1927
0.1706
0.2165
-0.0618
-0.0175
-0.1892
0.0752
-0.0129
-0.2388
0.0329
0.0066
-0.1811
-0.1301
-0.0902
0.0135
0.0445
0.0981
0.0389
-0.1121
-0.1501
-0.2119
-0.9122
0.1979
-0.6736
-0.1742
-0.5844
-1.2244
-0.4896
-0.4007
-0.0830
-0.7558
-0.1369
-0.3864
-0.6932
-0.3749
-0.4652
-0.0829
-1.4157
-0.6709
-0.4525
0.4284
-0.5984
-1.1533
-0.6489
-0.5037
0.0315
-0.5771
-0.4272
-0.2962
-1.2824
-0.1726
-2.4990
4.1924
0.2633
1.4090
-1.0531
-1.5790
-2.0225
-2.8086
-1.0693
-0.4241
-1.0777
0.4037
-0.9964
0.4970
0.2800
0.5649
0.7036
-0.6968
0.2222
0.2728
0.8241
0.7364
-0.5594
-0.1240
-1.6066
1.1817
-0.4957
-0.9466
-0.0982
1.5139
-0.2360
-0.4460
0.2152
-0.5869
-0.5773
-0.5274
-0.5392
-0.6753
-0.2705
-0.4684
-0.0545
-0.7872
-0.1290
-0.2419
-0.0778
-0.4498
0.1845
-0.1127
0.0751
-0.2653
0.1913
-0.1186
-0.0819
0.0704
-0.4337
-0.1293
-0.2104
0.0148
0.1104
0.0905
0.1802
-0.3459
0.1953
0.1658
-0.2404
0.0149
-0.1376
-0.1087
0.1658
-0.2107
0.0565
-0.0028
-0.0592
0.2383
-0.1791
-0.0001
0.1573
0.0924
-1.4412
-0.1214
-0.6588
0.9433
-0.1902
1.5964
-1.2222
0.7760
-0.2515
-0.8123
0.2312
0.1843
-1.0143
-1.0157
0.5067
-0.2438
-1.1352
-0.2220
-1.2138
0.1671
0.0661
0.1232
1.5067
0.2433
-0.3675
-0.1786
-2.6685
-0.7171
-0.4861
-0.5870


Weights 1->2:
-0.5403
-1.1212
-0.4148
-0.2883
-0.3532
-0.5128
-0.6928
-0.6601
-0.3007
-0.4828
-0.4351
-0.3503
-0.5709
-0.5152
-0.3762
-0.3690
-0.6087
-0.7925
-0.4957
-0.2633
-0.5408
-0.3678
-0.3847
-0.6050
-0.3620
-0.5630
-1.4610
-0.5248
-0.1491
-0.5254
-1.2389
-1.4406
-0.0298
1.8700
0.8676
3.0406
0.9804
0.2822
-0.2064
2.3498
1.9395
-2.4436
0.6239
4.1255
-0.7146
1.5156
2.4323
0.7557
0.3031
2.0045
4.7868
-0.6941
-2.3732
1.6101
-1.8399
0.9906
-1.9402
-1.1735
-0.6493
2.1172
-0.2606
1.9960
2.0833
1.5395
-1.7251
0.8272
-0.8521
0.6179
-0.2005
2.9411
-1.6136
3.8146
2.1642
1.2454
0.6157
-0.3583
1.3627
0.4353
0.0983
-1.6953
0.4290
2.0258
2.0401
-0.4032
0.8427
1.3741
1.8005
1.9069
-0.9863
-2.9386
1.2363
1.9636
1.4705
-2.2317
-0.5868
-0.7701
-0.2114
2.7404
-0.1484
3.5943
1.6594
4.5970
0.8001
-0.9228
-0.4418
0.7434
0.6250
-2.2968
0.7734
-0.7618
-0.6183
0.7554
2.6665
0.8200
0.0553
-0.5166
1.1840
1.4124
0.6928
0.2400
-0.4482
2.3178
3.2336
0.0581
-2.2167
-0.8388
-1.6610
0.2547
0.4613
3.3856
-3.3746
3.4253
2.2876
-0.4156
-0.6712
1.5885
1.5540
1.2799
1.1261
0.1905
-0.2945
1.8822
1.5100
0.7564
1.5374
-0.1285
0.8970
-0.0678
-1.0156
-0.0205
0.2955
1.0466
-0.6349
0.7120
0.0967
0.8322
2.6808
0.8181
-0.2842
-1.9592
2.4954
-1.9724
0.9513
3.4379
0.0261
-0.3837
-0.6041
1.3785
-0.6354
1.5394
3.2111
-0.2030
-0.9178
0.8672
-0.0959
-0.3369
1.5979
0.4549
1.2780
1.0652
0.6206
0.8508
-1.1195
2.8919
-1.2244
0.8068
1.4425
0.2162
-0.2860
0.0777
3.7909
-0.5149
1.8180
2.2761
-0.5877
-0.6572
-0.7823
2.5850
-4.7003
1.8925
-0.1019
-1.2632
0.8392
0.1685
-0.5644
2.4824
1.7143
0.6548
-0.7920
1.9276
-1.7284
1.7640
1.2952
-0.4462
2.0346
0.3785
-0.2274
0.9446
-0.1214
3.9163
2.4092
3.5609
0.3500
1.5967
-0.6850
-1.5021
-1.5102
-0.8496
1.9316
-0.2428
0.7025
-0.6659
3.1972
-1.5342
-0.6536
0.3726
1.6217
-0.8729
0.6931
3.5726
1.2521
0.2620
-0.8303
-0.3285
-0.3997
2.8003
1.2944
1.5997
0.6895
0.4646
0.3438
3.9597
2.3628
1.1895
0.2246
-0.9738
-3.0322
3.3315
-1.0633
-2.0757
1.7718
1.2445
-0.5709
0.4051
1.9278
0.0539
0.5638
-2.0460
-0.4870
2.4851
0.9327
2.9085
-0.0712
-1.1608
0.8135
-0.6855
2.5171
-0.9772
-0.6810
-1.6401
1.1964
-1.4417
1.5353
1.2993
-0.3615
-0.1323
0.4444
1.8077
0.6707
0.2398
1.5754
-0.5386
0.1529
-0.5576
-0.0387
1.1598
1.2498
1.1339
0.1912
2.3138
1.3948
0.2504
-0.3867
0.4180
-0.9489
-1.8122
2.8994
1.7962
0.3147
1.2386
0.3520
-0.8246
0.3735
-0.0654
-0.1978
1.7156
0.8239
1.7944
1.5998
-0.4754
3.5180
-0.7696
-0.7486
-2.0724
-0.4696
0.8106
1.7004
1.9534
-0.4758
1.6905
0.7366
1.0963
1.1080
-0.4078
0.2410
0.2668
2.3102
1.7210
0.0127
-0.5982
0.0318
-0.9893
-0.0127
1.8006
0.2058
1.0075
0.3601
1.5183
0.7533
0.1583
1.5982
0.0271
0.9978
-0.1854
-0.3809
1.0990
2.0475
1.2745
-0.2799
0.6926
-0.4051
0.3074
0.3250
0.8436
-0.4892
2.2274
-2.0901
0.0939
3.4481
1.6942
-0.9913
0.4197
1.2635
0.6233
0.9188
0.3535
-0.5398
-0.0985
3.5979
-0.5166
-0.4359
2.7681
2.4277
0.4634
0.6117
-0.8686
1.2965
-0.6456
0.4416
0.4440
0.8969
0.6859
0.1977
0.7815
3.6151
1.4252
1.2017
1.5950
-1.3508
0.7266
0.5490
1.9260
2.3955
0.0295
0.5696
0.1449
-1.5741
2.3821
1.2995
0.1696
-1.5108
-0.5446
0.6920
-1.0045
-1.9880
0.7619
0.6883
0.2418
0.1783
3.1611
2.0176
-0.1582
0.1352
1.1788
-0.1182
-0.0550
0.5445
-0.0315
-0.9120
-2.2719
-0.7944
-1.8248
0.5572
-0.8325
0.2332
1.2168
2.8447
2.1160
1.1666
0.2195
-0.1236
0.1114
2.8447
0.9829
0.4547
-0.9994
2.6444
1.3494
-0.5840
0.2611
1.5327
-0.4954
0.5275
-0.1181
1.4225
0.7914
1.0264
-0.7274
0.1841
0.5487
2.4418
-1.7814
1.8777
0.5276
0.4998
0.6354
-0.2456
2.7091
-1.9972
1.3311
1.1462
-1.7257
0.9955
-1.2220
0.3429
0.3317
2.0551
0.8350
0.3265
2.1965
-1.3631
-0.9705
0.0662
0.2611
2.5354
1.5466
2.4475
-0.9342
0.4775
1.7738
-0.6575
-0.8502
0.4208
2.3366
0.2834
-0.7055
-0.2176
0.4692
-0.3864
-0.5651
2.8726
-0.2505
-1.1196
1.4398
-0.7083
0.5286
-0.7575
-0.1729
0.0393
0.9485
0.6697
0.0020
-0.1100
0.7437
1.0259
1.0212
0.6170
1.3888
-0.4431
-1.5485
0.9685
-1.9917
0.7476
-0.4653
0.5517
0.1083
3.0500
1.3894
0.7203
-0.4231
-1.4605
0.2015
1.6634
0.9681
0.7959
-0.5706
0.2420
1.4792
-0.6208
1.5374
1.4014
0.0918
-0.5659
-0.3305
0.5325
1.5333
2.4452
2.6414
0.2029
0.1103
0.5858
-0.7980
-0.1647
0.8887
0.2053
-0.3493
0.1228
1.8282
-0.8036
0.3560
0.4970
0.0362
-0.1445
-1.2851
0.1455
1.8268
0.6136
0.0434
0.6297
0.0855
-1.0572
-1.7773
-0.5322
-0.4507
2.8952
1.6172
1.7718
-1.0304
-0.0389
0.6296
0.4916
-1.0647
0.4334
2.9253
0.4284
-0.5063
0.6914
-0.4430
-0.3789
-0.3281
2.7010
0.3452
-1.7406
2.5615
-0.9904
0.6153
-0.9265
-0.8294
0.2016
0.4574
1.5564
0.6416
-0.8971
-0.1525
0.3945
0.0469
0.0499
0.3810
-0.3392
-0.7087
-0.4700
-0.4482
0.6902
0.7874
-0.0236
0.1947
0.6863
0.1240
-0.2402
0.4742
1.0435
0.1566
-0.0386
-0.0238
0.4487
0.5411
1.5977
0.3134
0.6132
0.8918
-0.9887
3.0366
2.9624
-1.2521
0.1418
0.4740
-1.7062
-1.1381
0.4410
1.3449
-0.7260
1.0480
0.8293
-1.6406
0.3177
0.9399
0.1508
1.6158
0.9074
-0.8496
-0.4095
0.1809
-0.0776
0.9616
0.7222
0.6727
-4.0056
2.0599
-0.6201
-1.6515
0.5688
-0.2049
0.7407
0.3223
-0.9216
-0.2460
1.5087
1.8020
-0.3109
-1.8063
-0.5630
-0.8827
0.2374
1.6091
0.0703
0.1823
1.3490
0.8251
0.7898
0.1085
0.6625
0.1758
-0.1916
-0.5865
0.6745
0.3516
2.0636
0.6649
-0.3583
-0.9781
-0.1408
0.4677
1.8558
-0.3770
0.3425
0.0271
2.0772
1.7459
-0.1951
-0.8634
1.6056
-1.3432
1.4368
0.8941
0.7279
0.5092
0.1758
0.2600
-0.1372
0.5171
-0.2411
-0.2915
-0.4139
-0.5451
0.3863
1.2979
1.1152
0.6756
0.3677
-0.5324
0.6643
-0.0877
-1.0149
1.1376
-0.3139
0.7934
1.7740
2.0795
-0.0648
-1.6635
0.7482
-0.1212
0.9588
0.0009
0.5071
-0.4225
1.0406
2.7325
-0.0576
2.0899
0.3962
-0.4738
0.1111
-0.2850
-0.4041
0.2191
0.1580
-1.2904
0.9775
0.0145
-0.5484
-0.3699
0.6053
-0.3236
0.9442
-0.9277
0.0610
0.5754
1.2270
1.7594
1.2369
3.0172
0.3221
-0.7453
0.6931
0.8513
0.7536
0.2906
-0.1098
0.3224
0.5139
1.0268
1.4019
-0.4351
-0.3141
1.5860
-1.8988
0.7114
0.6540
1.8596
1.5699
1.3479
1.1408
0.8098
0.0718
1.8631
-1.4630
-0.0850
0.4349
1.5357
-1.1724
2.5636
0.4644
-0.3648
0.2432
-1.0493
-0.4413
-2.1245
0.3491
0.6624
0.0716
-0.3506
2.5306
0.0154
1.3057
0.4044
-1.0505
-0.4662
0.0488
-1.4571
0.2599
0.3547
-1.6602
0.5787
-0.2643
-1.1610
1.3699
0.1579
0.0943
2.2568
-1.9032
1.0360
-1.3556
1.7979
-0.0570
-0.5282
-1.4358
-1.1962
4.5342
-0.4001
-0.8395
0.1197
-0.3747
-2.1601
0.9911
-0.6474
1.3591
-1.6255
-0.0566
-1.4336
-1.0770
0.5921
1.1154
-0.1890
-0.2190
0.2429
2.1510
0.7471
0.3486
-0.1901
-0.1385
-1.2518
-0.8435
0.6160
0.1320
-0.9801
-0.6097
2.9807
-0.7298
-0.2037
2.4450
-0.3597
-0.9232
0.2006
-0.7099
0.7594
-1.3852
-0.3929
0.3129
0.6837
0.5907
1.8170
0.4833
-0.3710
0.8527
0.1630
-0.6303
0.2182
1.0747
0.9927
0.2986
2.7827
-0.6538
-1.9463
0.5559
0.5405
2.3149
-0.8572
0.1510
-0.0251
-0.7710
0.1427
1.5017
0.2676
0.6220
-0.9672
-0.6600
0.2376
0.4978
-0.2351
-1.7674
1.1769
-0.6072
-0.0723
-0.4450
-0.6532
-0.8307
-0.9810
-0.4129
-0.9056
-0.5788
-0.4169
-1.5382
-0.5170
-0.2671
-0.0468
-0.0150
-0.2361
-0.1520
-0.1379
-1.0804
-0.3491
-0.2035
1.4707
-0.5226
-0.6662
1.8343
0.0309
-0.1313
-0.6168
0.5524
-0.0625
-0.0706
-0.1817
-0.2418
-0.7343
-0.9390
-0.4015
-0.2121
-0.8935
-0.4320
0.6132
-0.2566
-1.1643
-0.2999
-0.2991
0.3225
-0.6183
-0.4474
0.2684
-0.6789
-0.1910
-0.3966
0.5411
-0.0075
-0.2807
1.6977
0.1161
0.1571
-0.5477
0.9181
0.2628
0.6871
-0.3359
-0.6190
0.4035
-0.5271
-1.1172
1.3659
1.0153
-1.1278
0.7578
-0.8758
-0.7890
0.5906
1.3508
0.8504
-1.2652
1.7403
0.1327
-1.0421
1.4456
1.3041
0.0055
2.3545
0.2043
-1.6441
1.6190
0.6402
-0.8059
0.6081
-0.3702
-0.1916
0.4542
-0.1076
0.1850
-0.7652
-0.3753
0.0903
-0.0752
0.4725
0.3511
-0.5818
0.3392
0.0937
0.0598
0.1814
-0.5858
-0.0611
0.8002
-0.9022
0.1755
0.3047
0.9021
0.4017
-0.2578
1.1748
0.1853
0.3795
-0.4741
-0.6412
-0.7490
1.3062
1.3316
-0.6381
0.8369
2.1842
1.0922
-0.0858
0.0642
0.6576
-0.2454
1.6968
0.1044
0.1068
-0.4351
-0.4296
1.8899
-1.3086
-0.5145
-1.1229
-0.4284
-0.6672
-0.8547
0.0538
0.1085
-1.2347
0.3250
-0.3711
0.3383
0.2957
0.8343
-0.0964
0.0909
-0.1932
-0.4423
-1.2589
-0.8232
-0.1421
-0.8130
-0.1646
1.5867
-0.9171
-1.0637
0.1798
0.4306
0.0743
-0.1009
0.2086
0.8916
-1.0811
0.5159
-0.5278
1.5825
0.1698
-0.3618
0.4463
0.6502
0.8203
-0.6143
-0.1886
0.0236
-0.3025
0.2125
-0.1760
-0.8408
-0.8985
0.1773
0.2504
-0.7575
0.2140
-0.1070
-0.2905
-0.7257
0.1481
0.3656
0.1018
-0.6219
-0.0157
0.5195
-0.5774
0.2956
-0.2325
0.9392
0.2597
-0.1277
1.2404
0.0817
0.0913
-0.5308
-0.0758
-0.0135
-0.4411
-0.1498
0.9659
-0.3603
1.4828
-0.5738
-0.0801
0.4552
-0.3749
-0.6661
-0.2705
0.1014
-0.1249
0.2929
0.4117
-0.4663
-0.1460
-0.3682
0.7917
0.1072
-0.2612
0.9967
-0.0181
0.1359
0.4001
-0.0851
0.0576
0.8136
0.5380
-0.1490
-0.1449
0.7750
0.0878
0.2022
-1.4127
-0.6324
0.4493
-0.7430
1.1797
0.8621
-0.5354
-0.5302
0.3485
0.1544
0.0273
-0.6366
0.4973
1.1024
-0.5935
0.8245
-0.1767
0.3827
0.4851
-0.3114
0.5766
0.6193
1.1557
-0.7200
0.3788
0.0631
-0.2596
0.1414
-0.1990
0.1460
-0.4346
0.7692
0.3807
-0.3333
-0.3627
0.2052
-0.5767
0.8034
0.2850
0.1833
0.7008
-0.0664
0.3445
-0.0569
-0.6903
0.3984
0.1604
-0.8862
0.7024
-0.1056
0.5298
-0.0998
0.3050
-0.1854
-0.0878
0.1971
-0.3155
-0.3720
-0.4372
-0.7002
-0.7761
-0.2769
-0.0148
-0.6826
-0.4134
-0.5518
-0.5325
-0.9685
-0.0838
-0.2345
-0.1629
-0.5668
-0.5665
-0.1083
-0.5240
-0.3409
-0.2552
0.1931
0.0635
-0.4456
1.2352
-0.0242
-0.1008
-0.5232
-0.5631
0.9090
-0.0450
-0.2994
-0.4590
-0.4323
-0.4557
-0.4200
-0.1306
0.0223
0.0823
-0.0307
-0.6750
-0.6337
0.2056
0.0343
0.5631
-0.6670
0.1667
-0.2761
-0.9933
0.1171
-0.0132
0.6127
0.2422
-0.5163
0.6622
0.3573
0.0883
-0.2553
0.8535
-0.3624
-0.1699
-0.0995
-0.6479
-0.6974
-0.8976
-0.2035
-0.1409
-0.7994
-0.3435
-0.4297
-0.0989
-0.9446
0.0570
-0.0979
-0.2629
-0.7777
-0.1122
0.2162
-0.5656
-0.1726
-0.3248
-0.5552
0.2630
-0.3110
0.7487
-0.0584
0.3193
-0.4945
-0.2243
0.9216
-0.3098
0.0137
-0.2642
-0.6218
-0.7275
-0.6196
-0.0366
-0.8730
-0.0519
-0.3552
-0.4815
-0.5819
0.0340
-0.2317
-0.3393
-0.4479
-0.4388
-0.0705
-0.6427
-0.0862
-0.4272
0.2456
-0.1727
-0.2232
0.4297
-0.2586
0.0195
-0.6059
0.1137
0.2477
-0.1461
-0.0109
-0.3122
-0.6785
-0.6731
-0.3953
-0.1393
-0.7200
-0.2761
-0.1327
-0.5403
-0.3860
-0.0590
-0.0751
-0.4094
-0.5431
-0.4302
-0.1396
-0.6759
-0.3250
-0.3102
-0.1788
0.2996
-0.3147
0.7077
-0.1147
0.0832
-0.5196
0.4759
0.0219
-0.3993
0.2663
-0.1522
-0.4422
-0.6817
-0.2951
0.0587
-0.7346
0.4260
0.2257
-0.1442
-0.5161
-0.0346
0.1617
-0.1089
-0.4502
0.1631
0.2886
-0.6604
0.4935
-0.3164
0.2689
-0.0393
-0.1605
0.2847
-0.1931
0.0614
-0.4693
-0.2165
0.2689
-0.3938
-0.1404
-0.2859
-0.6513
-0.6236
-0.5616
-0.0468
-0.4929
-0.3568
-0.4536
-0.7882
-0.7371
-0.2111
-0.0477
0.0719
-0.7247
-0.2869
-0.1678
-0.6572
-0.1901
-0.3909
0.5463
-0.1049
-0.2657
0.5791
-0.3808
0.2012
-0.4261
0.4110
0.4271
-0.4156
-0.1291
-0.3755
-0.5776
-0.6945
-0.4525
-0.1364
-0.7366
-0.3470
-0.4569
-0.6548
-0.9155
-0.0612
-0.1708
-0.4663
-0.6181
-0.5577
-0.1797
-0.7368
-0.2682
-0.3389
-0.4240
-0.1533
-0.4166
0.6263
-0.0393
0.1077
-0.4920
-0.3184
0.4749
-0.1424
-0.3462
-0.3082
-0.7077
-0.8689
0.3829
-0.2837
-0.8711
-0.4712
-0.4677
-0.5226
-0.7503
-0.1442
-0.1399
-0.3198
-0.8002
-0.3701
-0.2907
-0.5950
-0.2293
-0.2159
-0.2485
-0.3803
-0.1921
0.6233
-0.1341
-0.0795
-0.5344
0.2581
0.1029
-0.4294
-0.1206
-0.3311
-0.5102
-0.5859
-0.4725
-0.1700
-0.7461
-0.2307
-0.3257
-0.6513
-0.8779
-0.1153
-0.1010
-0.3184
-0.6861
-0.2696
-0.0244
-0.6435
0.0666
-0.3492
-0.0992
-0.1167
-0.2671
0.4511
-0.0566
0.0820
-0.6078
0.5904
0.1947
-0.1970
0.1517
0.0511
-0.3441
-0.7688
-0.3155
-0.0217
-0.5480
-0.0170
0.1069
-0.5157
-0.5098
0.0852
0.2154
-0.2415
-0.3478
0.1164
0.3498
-0.6878
0.0847
-0.4802
-0.0404
0.3275
-0.2715
-0.2361
-0.0697
0.1955
-0.4505
-0.6093
-1.0932
-0.0280
-0.1630
1.2206
-0.8130
0.8119
-0.5531
0.2002
0.8623
-0.6528
-0.5830
-0.5670
0.4297
-0.1671
0.3070
0.3537
-0.2052
0.2714
-0.0665
1.2804
0.2554
-0.7597
1.1669
-0.0830
0.3083
-1.5338
-0.2673
-0.3690
0.8706
0.5291
0.6666
-0.4871
-0.1027
-0.5237
-0.5569
-0.6300
-0.7910
-0.1208
-0.4615
-0.3248
-0.4031
-0.8800
-0.7622
-0.2795
-0.4999
-0.6523
-0.3576
-0.4296
-0.3341
-0.6710
-0.2916
-0.4249
-0.1925
-0.3261
-0.5119
0.0289
0.0350
-0.1158
-0.5550
-0.7542
-1.4416
-0.0929
-0.3088
1.3397
0.5964
0.9949
-0.5345
-0.0552
0.9786
0.0233
-0.6231
-0.2137
1.3251
-0.1779
-0.2955
0.4681
-1.2810
-0.2447
-0.2312
0.4838
0.0460
-0.5892
1.3811
-0.5238
-0.1955
-1.1197
-0.5012
-0.1859
-0.2499
-0.1793
-0.0449
-0.3949
-0.2840
-0.2462
-0.4351
-0.7148
0.0076
-0.1660
-0.5584
-0.3092
-0.3888
-0.5915
-0.7149
-0.2128
-0.4292
-0.3003
-0.8019
-0.3260
-0.1496
-0.5717
-0.1699
-0.1648
-0.3196
0.0403
-0.3218
0.0898
-0.3755
-0.2699
-0.5141
-0.1155
-1.1493
-0.0721
0.3237
0.0351
0.1051
-0.5566
-0.3617
0.1551
0.2470
0.4216
0.7202
-0.3288
0.2455
0.1109
0.1599
0.0748
-0.3830
0.5754
0.2287
-0.8275
0.2656
0.1411
-0.1778
0.3979
0.0115
-1.5098
0.2349
0.0264
-0.2805
0.4507
-0.4150
-0.1990
0.2570
-0.0992
-0.2251
-0.7795
-0.4994
-0.0030
-0.2101
0.1926
0.2354
-0.4443
-0.1913
0.1216
0.1995
-0.2732
-0.5084
0.1532
0.4929
-0.6030
0.1131
-0.2725
-0.0769
0.2074
-0.1216
-0.8111
0.2497
0.0993
-0.2689
0.4958
-0.0481
-0.3259
-0.1648
-0.4619
-0.3890
-0.6643
-0.4813
-0.4241
-0.6422
-0.3460
-0.4682
-0.6351
-0.6598
-0.3821
-0.1943
-0.2862
-0.4731
-0.3988
-0.2826
-0.7472
-0.2495
-0.4555
-0.5102
-0.0345
-0.4008
-0.1854
-0.0749
-0.0399
-0.6623
-0.1204
-0.0338
0.2622
-0.0292
-0.2869
0.1907
-0.0198
-0.3074
-0.0021
-0.3657
-0.1144
-0.4355
-0.1659
-0.0475
-0.1424
-0.1870
-0.3253
-0.0827
-0.5856
-0.1446
-0.3193
-0.2522
-0.4184
0.1441
-0.3258
-0.3681
-0.6935
-0.1894
-0.0608
-0.2101
-0.7551
-1.3716
-0.2812
-0.3516
0.3585
0.0663
0.2900
-0.5517
-0.0726
0.4084
-0.3469
-0.4153
-0.4252
0.2640
-0.2710
0.2218
0.0428
-0.0183
-0.1464
-0.3374
0.4368
-0.2187
-0.2362
0.1405
-0.1982
-0.3615
-0.9859
-0.2761
-0.2573
-0.0942
0.1256
-0.5947
-0.1972
-0.2729
-0.4804
-0.6714
-0.5101
-0.3290
-0.2019
-0.5981
-0.3710
-0.6046
-0.4658
-0.8004
-0.3814
-0.3831
-0.3170
-0.5585
-0.5206
-0.3612
-0.5822
-0.2687
-0.5281
-0.4582
-0.1660
-0.1870
0.0482
-0.1525
-0.0774
-0.4299
-0.0975
-0.5738
-0.1506
-0.4168
0.0101
0.0635
-0.1729
-0.5852
0.0020
0.0794
-0.2463
-0.4274
-0.2717
-0.2482
-0.0862
-0.1365
0.0801
-0.7144
-0.1608
-0.2261
0.0386
-0.1185
-0.6101
0.2852
-0.0947
-0.2871
-0.6756
-0.0614
-0.1908
-0.2070
-0.5953
-0.6210
-0.5391
-0.2183
-0.3669
-0.4912
-0.6838
-0.4500
-0.3665
-0.6414
-0.3509
-0.5225
-0.5338
-0.7558
-0.1821
-0.3060
-0.2897
-0.6739
-0.5026
-0.1934
-0.5011
-0.2574
-0.2379
-0.4791
-0.4027
-0.4007
-0.3661
-0.5245
-0.3805
-0.3720
-0.3116
-0.5191
-0.2845
-0.2040
-0.2828
-0.6286
-0.6950
-0.5836
-0.2972
-0.6459
-0.4579
-0.5754
-0.5766
-0.5692
-0.2576
-0.3870
-0.4638
-0.8344
-0.3264
-0.3434
-0.5009
-0.2476
-0.5861
-0.2960
-0.4066
-0.4531
-0.4696
-0.4065
-0.3054
-0.5324
-0.2989
-0.9550
-0.1760
0.0098
-0.2908
-0.1960
-0.8761
-0.6307
-0.2111
-0.3896
0.0517
-0.0974
-0.5672
-0.2976
0.0501
-0.1067
-0.6696
-0.3656
0.1239
-0.1065
-0.5091
-0.0759
-0.4590
-0.1922
-0.1476
-0.2894
-1.0648
-0.1500
-0.1283
-0.5270
-0.5283
-1.0754
-0.4667
-0.2800
-0.3830
-0.4468
-0.6052
-0.2622
-0.2675
-0.3731
-0.1257
-0.0388
-0.2566
-0.3152
-0.0822
-0.1358
-0.4371
-0.5080
-0.0602
-0.1541
-0.5588
-0.1917
-0.0994
-0.1211
-0.3257
-0.1740
-0.9916
-0.2462
0.0777
-0.5288
-0.4129
-0.9947
-0.5655
-0.4173
-0.3353
-0.5315
-0.4641
-0.5126
-0.1322
-0.4306
-0.3376
-0.4133
-0.3244
-0.5453
-0.1639
-0.0872
-0.2030
-0.5283
-0.3899
-0.4306
-0.5329
-0.4128
-0.3150
-0.3645
-0.3545
-0.2765
-1.0325
-0.6840
-0.3677
-0.3860
-0.2751
-0.8704
-0.3521
-0.3276
-0.2816
-0.5987
-0.5839
-0.6067
-0.4058
-0.6443
-0.5169
-0.4363
-0.5138
-0.6235
-0.1949
-0.1949
-0.4267
-0.4360
-0.5712
-0.3979
-0.4862
-0.2518
-0.4930
-0.4695
-0.3162
-0.4438
-0.6727
-0.4298
-0.1685
-0.3367
-0.6482
-1.1894
-0.4525
-0.0521
-0.1677
-0.5371
-0.1807
-0.3508
-0.1587
-0.3847
-0.2550
-0.6351
-0.0610
-0.3221
-0.1469
0.0205
-0.7387
-0.4079
-0.2752
-0.1220
0.0603
-0.0517
-0.3880
-0.1819
-0.2573
0.0245
-1.2917
-0.5361
-0.2675
0.0291
-0.7757
-1.1574
-0.2870
-0.2208
-0.1549
-0.4889
-0.5304
-0.0982
-0.2023
0.0713
-0.2667
-0.4563
-0.4073
-0.6759
-0.0464
-0.0667
-0.1429
-0.3603
-0.2472
-0.3221
0.2124
-0.0716
-0.4377
-0.2358
-0.2068
-0.1751
-1.3994
-0.4186
-0.2758
-0.4210
-0.6033
-0.7533
-0.4294
-0.3315
-0.5684
-0.3485
-0.6811
-0.5613
-0.2535
-0.6033
-0.4297
-0.4587
-0.5618
-0.8343
-0.3681
-0.3047
-0.5339
-0.7401
-0.4945
-0.5114
-0.6809
-0.1990
-0.5222
-0.3583
-0.4260
-0.4395
-1.0953
-0.2891
-0.2934
-0.3803
-0.3358
-1.0479
-0.3252
-0.2842
-0.5193
-0.4407
-0.7081
-0.3269
-0.3392
-0.4289
-0.4527
-0.6762
-0.5918
-0.7955
-0.1822
-0.3414
-0.5346
-0.6720
-0.4388
-0.2355
-0.3302
-0.5660
-0.5652
-0.4164
-0.3699
-0.3328
-1.0813
-0.5829
-0.1333
-0.4773
-0.5729
-1.1359
-0.2388
-0.3317
-0.3481
-0.4254
-0.4610
-0.4909
-0.4233
-0.5247
-0.2213
-0.4149
-0.5473
-0.4738
-0.1027
-0.2140
-0.2003
-0.7024
-0.5612
-0.3557
-0.3336
-0.3522
-0.5843
-0.3131
-0.1460
-0.2470
-1.3930
-0.4694
-0.1233
-0.3350
-0.4870
-1.1564
-0.5156
-0.3918
-0.2045
-0.5484
-0.7514
-0.3906
-0.1069
-0.5999
-0.3021
-0.4928
-0.6795
-0.6463
-0.3801
-0.2498
-0.4891
-0.6858
-0.4793
-0.4086
-0.3664
-0.3018
-0.3699
-0.5201
-0.3559
-0.3313
-1.0283
-0.5171
-0.2842
-0.6520
-0.3864
-0.8294
-0.1143
-0.1523
-0.3695
-0.1633
-0.7180
-0.6053
-0.0140
-0.2127
-0.5372
-0.4418
-0.3338
-0.4785
-0.3028
-0.0981
-0.7268
-0.7390
-0.5407
-0.2926
-0.3553
-0.1069
-0.5909
-0.3617
-0.1389
-0.2475
-1.4294
-0.5929
-0.4091
-0.3714
-0.5633
-1.0227
-0.4403
-0.5414
-0.4094
-0.4433
-0.6167
-0.4175
-0.2458
-0.2369
-0.2827
-0.3828
-0.6334
-0.4294
-0.3162
-0.2980
-0.5607
-0.6231
-0.4744
-0.1585
-0.4966
-0.3756
-0.4021
-0.4745
-0.5458
-0.5358
-1.4509
-0.4909
-0.2225
-0.4463
-0.8154
-1.0087
-0.3512
-0.4393
-0.3369
-0.5441
-0.6920
-0.5628
-0.2129
-0.5047
-0.4588
-0.5525
-0.5748
-0.5680
-0.2728
-0.1121
-0.5154
-0.7105
-0.5306
-0.0800
-0.4453
-0.2460
-0.4958
-0.5483
-0.4323
-0.5452
-0.8316
-0.5598
-0.2687
-0.5292
-0.4035
-0.9125
-0.2948
-0.2361
-0.3473
-0.3580
-0.7280
-0.4594
-0.4514
-0.4611
-0.1457
-0.2374
-0.5000
-0.4532
-0.0600
-0.0912
-0.5760
-0.5315
-0.2450
-0.1216
-0.5889
-0.1621
-0.4059
-0.2014
-0.3021
-0.3633
-1.5433
-0.3164
-0.0600
-0.3742
-0.6929
-1.0441
-0.3106
-0.3948
-0.3207
-0.4051
-0.6137
-0.6363
-0.2903
-0.6520
-0.3879
-0.3087
-0.4879
-0.7430
-0.1926
-0.3633
-0.7279
-0.6532
-0.5474
-0.4395
-0.5586
-0.2769
-0.4247
-0.3394
-0.4563
-0.3719
-0.9469
-0.4852
-0.4643
-0.4438
-0.1578
0.0299
-0.1113
0.0284
0.1655
-0.1230
0.0210
-0.0037
0.0436
-0.0890
-0.0030
-0.1146
-0.0993
-0.0983
-0.0519
0.0399
0.0613
-0.1153
0.1165
-0.0299
0.0631
0.0588
-0.0631
0.1370
0.0566
-0.0525
0.1628
-0.1423
0.1511
-0.2109

Direct connections:
