version: 10
file format: 0

training data file: /tmp/train-lm-from-UD-corpus.sh.EXsP9RYjN.train
validation data file: /tmp/train-lm-from-UD-corpus.sh.EXsP9RYjN.valid

last probability of validation data: -182648.249419
number of finished iterations: 9
current position in training data: 0
current probability of training data: -182168.099884
save after processing # words: 0
# of training words: 834485
input layer size: 129
hidden layer size: 30
compression layer size: 0
output layer size: 100
direct connections: 0
direct order: 3
bptt: 0
bptt block: 10
vocabulary size: 99
class size: 1
old classes: 0
independent sentences mode: 0
starting learning rate: 0.100000
current learning rate: 0.006250
learning rate decrease: 1


Vocabulary:
     0	         0	</s>	0
     1	    133611	32	0
     2	    125650	101	0
     3	     63628	110	0
     4	     49332	97	0
     5	     44337	105	0
     6	     43688	116	0
     7	     42701	114	0
     8	     39304	111	0
     9	     37058	100	0
    10	     27154	115	0
    11	     25351	108	0
    12	     20400	103	0
    13	     16144	118	0
    14	     15901	104	0
    15	     15336	107	0
    16	     14771	109	0
    17	     12269	117	0
    18	     10245	119	0
    19	      9659	106	0
    20	      9482	98	0
    21	      9459	112	0
    22	      8409	99	0
    23	      7485	122	0
    24	      6715	46	0
    25	      5360	102	0
    26	      4842	44	0
    27	      2465	63	0
    28	      2270	68	0
    29	      2216	72	0
    30	      1984	87	0
    31	      1567	34	0
    32	      1379	45	0
    33	      1316	65	0
    34	      1137	66	0
    35	      1135	73	0
    36	      1060	49	0
    37	      1058	77	0
    38	      1046	86	0
    39	      1045	83	0
    40	      1015	48	0
    41	      1011	69	0
    42	      1005	78	0
    43	       781	82	0
    44	       753	79	0
    45	       733	67	0
    46	       707	121	0
    47	       667	80	0
    48	       639	84	0
    49	       623	71	0
    50	       617	57	0
    51	       572	74	0
    52	       554	75	0
    53	       520	70	0
    54	       516	76	0
    55	       511	50	0
    56	       474	90	0
    57	       448	39	0
    58	       430	40	0
    59	       429	41	0
    60	       393	53	0
    61	       393	120	0
    62	       369	58	0
    63	       336	54	0
    64	       334	51	0
    65	       321	52	0
    66	       275	55	0
    67	       262	56	0
    68	       209	85	0
    69	       105	235	0
    70	        93	59	0
    71	        78	113	0
    72	        75	33	0
    73	        70	233	0
    74	        36	47	0
    75	        34	96	0
    76	        32	89	0
    77	        24	239	0
    78	        13	81	0
    79	         8	232	0
    80	         7	88	0
    81	         7	246	0
    82	         4	252	0
    83	         4	244	0
    84	         4	231	0
    85	         3	38	0
    86	         3	224	0
    87	         3	250	0
    88	         3	226	0
    89	         2	228	0
    90	         2	201	0
    91	         2	193	0
    92	         1	176	0
    93	         1	243	0
    94	         1	241	0
    95	         1	234	0
    96	         1	227	0
    97	         1	214	0
    98	         1	61	0

Hidden layer activation:
0.0000
0.0013
0.0066
0.0004
0.0583
0.0001
0.0001
0.0054
0.0928
0.0003
0.9945
0.0001
0.0000
0.0036
0.0000
0.0000
0.0005
0.0013
0.0000
0.0005
0.0000
0.0053
0.0892
0.2942
0.0000
0.0013
0.0000
0.0515
0.0000
0.7171

Weights 0->1:
0.0975
-7.0338
-0.8365
-4.6361
-0.1171
0.2988
-3.4991
-5.6555
-5.3085
-0.4695
-2.7651
-3.2277
-1.8681
2.4983
-0.5019
3.8605
-2.3561
-4.0236
-2.0982
-2.9209
3.1672
-2.0904
-1.9100
-2.6839
-2.4145
-0.7042
-0.2367
-1.3184
-1.7736
-0.0015
-1.4845
-1.8461
1.0072
-2.6049
-0.7378
6.2014
-1.6367
-1.7438
0.1585
-2.1366
-0.2519
-2.1073
-1.1095
-1.8017
-1.6852
-1.0656
-1.9170
-1.3604
-0.2907
-1.2994
-1.2201
-0.3285
-0.7993
-0.8906
-0.5543
-0.5343
2.1082
2.4320
-2.7929
0.3825
-0.2269
-0.8349
0.3086
0.3578
-0.1716
0.0209
-0.4751
0.4773
0.1721
0.5502
0.1922
-0.2334
-0.2419
0.6126
0.0826
0.2988
-1.1946
0.1238
-0.2468
0.0092
-0.2262
0.0311
-0.0354
0.1443
-0.3589
0.1434
0.3176
-0.0153
-0.0832
0.0175
-0.1330
0.3177
-0.0213
-0.0563
-0.0265
0.1666
0.0051
0.2148
0.3747
-1.4707
1.5524
-2.8406
1.8616
-5.1182
0.9448
-4.6373
-2.3160
-1.6509
3.0682
1.3106
1.5102
0.8185
0.0684
2.0606
5.4237
-1.7865
-1.0239
-5.3062
-0.7174
-1.1840
0.2669
1.4646
-8.8410
-0.1054
-1.9091
3.6523
0.6477
-7.9729
0.1542
-0.1757
-4.8621
-2.4964
1.3200
-0.5315
-4.9519
-2.0890
-4.1225
-4.5448
-0.4459
-1.7413
-7.1086
-2.2435
-1.4920
-2.2320
0.8637
-4.5603
-0.1197
-3.1971
-2.9312
-3.3779
-3.5577
6.2776
2.0607
-0.1294
0.8260
1.4056
-0.5078
-2.7201
-1.3168
-2.4554
-2.4583
-3.0537
-4.0759
-2.6806
-3.2912
4.2600
-1.0245
-2.9352
-0.9142
5.0486
-2.1954
-2.6595
2.0129
-2.3613
0.7849
-0.7671
-1.1920
1.5657
-1.1824
2.6189
1.6939
-1.1568
-1.4587
-0.5510
4.1247
1.5891
0.4126
-1.0540
3.0506
3.3432
-0.4157
0.1189
5.1208
2.8043
3.8761
4.2307
3.4628
0.2750
0.7246
0.1884
2.1352
0.6551
2.3259
1.2212
0.4956
1.2247
1.4305
0.6517
-0.7392
0.1931
0.3310
0.3229
0.1373
-0.0068
0.3915
0.1673
-0.0645
0.2520
-0.1045
-0.4405
-0.4054
-0.2257
0.1241
-0.2050
-0.0352
-0.0244
-0.0703
0.1992
0.0435
1.5108
0.9548
3.6741
-1.4205
-0.5279
-0.3769
0.4805
-1.5294
2.3334
0.7543
-5.4852
-5.2904
-2.5711
-5.2607
-2.4495
-4.6221
-1.2233
-0.5223
0.9164
-0.4206
-0.4664
-2.0624
-0.4890
-1.6848
-0.1731
-8.9957
-2.6526
0.5733
0.4068
-0.0828
-6.9623
-0.1659
-7.4419
-3.3690
-1.7595
-3.1488
-1.7455
-3.3495
-3.4580
-5.4615
-5.7645
-6.7809
-0.6166
-6.9263
-5.6917
-4.7590
-5.0315
-2.9977
-6.6661
-2.3753
-4.4379
-4.5870
-3.4964
-0.2727
-3.7582
2.3565
3.5700
-0.8445
-1.4079
-1.5893
-0.4917
-5.2605
0.1332
-0.1170
0.7002
-1.4854
-0.9148
0.0063
-1.5413
1.1511
-0.8561
-0.1887
-1.1725
-0.3537
-0.8655
-1.9386
-1.0923
-1.1845
-0.7922
2.4435
-1.3187
-1.2912
-0.7386
-0.6653
-0.8274
-0.8301
0.1012
-0.7244
2.3773
0.4184
0.8480
2.6598
0.0812
-0.8069
-0.6551
0.5773
1.2959
0.8073
2.4064
1.9522
-0.3198
1.3579
0.9209
-0.4546
0.8706
-0.1186
-0.0421
-0.1405
-0.4912
0.0429
-0.0497
0.2772
-0.2406
-0.2445
-0.0703
0.0555
-0.1033
-0.0935
-0.1821
0.1900
-0.2551
-0.0909
-0.0933
-0.0067
-0.1279
0.0150
0.0405
0.0630
0.6197
-1.9637
-0.1215
-0.0919
1.5067
-4.4904
1.4633
-2.6984
0.0733
-3.9901
-2.5017
-0.2261
-0.8449
-3.2641
0.3311
0.1370
-1.4879
2.2477
0.3269
-1.8905
3.4978
0.5498
-0.8806
1.5448
1.5112
1.9452
0.7700
0.1510
-2.7216
-0.9473
-0.1559
-5.0717
-6.4429
-1.2969
-2.3174
4.8157
-7.4673
-6.0361
-1.6856
-5.1282
-1.3529
-5.4879
-2.4253
1.8836
-1.3719
-3.1165
-3.6082
-0.3856
-1.0314
-3.0715
0.8853
-3.2604
-5.2637
-1.5718
-2.2126
-0.9556
-3.5278
-2.5678
-1.1002
2.5486
-0.8863
-3.0632
-0.8540
-1.9369
-2.3955
-2.0920
-0.9863
-0.8304
-3.2970
-3.8218
-1.7369
-2.5416
-2.0191
-1.6444
-3.0891
-2.7501
-3.5001
-2.4817
-1.4608
-1.2899
-2.0102
0.9099
-1.6728
-0.5265
-0.4137
-0.6238
-0.8207
-1.4843
0.3345
-2.9061
-0.5625
-1.1502
-2.2355
-1.2024
-0.9425
-0.0303
-0.8815
-1.4269
-0.1321
-0.0548
-1.7344
0.1084
-1.2688
-1.5489
-0.2120
-0.7338
0.3306
0.1921
-0.2713
-0.7726
-0.3435
-0.1671
0.3049
0.1577
0.1467
-0.0086
-0.1341
-0.0731
0.0231
0.1855
-0.1406
-0.0280
-0.1201
0.2586
0.1359
0.0151
-0.0229
0.0808
0.0158
0.4932
-2.1849
0.6152
1.4110
-0.3309
-3.3368
0.1820
-1.0618
-1.6835
-0.2367
-2.7609
2.4441
-0.8447
-3.8032
-2.1536
1.8214
1.8996
-0.1961
1.4913
-0.3150
2.9169
-0.8268
0.4634
-0.7787
-0.7908
1.1197
-0.1958
0.2985
-3.0633
-0.7129
-0.8415
-2.8763
1.3874
-1.8017
2.1917
0.7231
-1.4425
-3.9557
-3.8809
-0.5423
-0.6298
-1.7225
0.2354
-4.4500
-2.0675
-4.1732
-2.4160
-0.9037
-3.4255
-0.7294
-3.4100
-0.1585
-3.9970
-4.2241
-5.7198
0.6490
-3.0463
-1.8041
-3.0731
-5.6238
-1.3860
-4.1330
-2.9781
-1.2736
-2.5567
-1.3714
-3.2476
-2.5195
-2.9860
-4.6927
-4.6619
-3.1016
-3.2859
-4.2612
-3.1669
-2.9953
0.8624
-1.6610
-4.7279
-3.0341
-3.7350
-3.0594
-2.6341
-2.5358
-3.7373
-3.3092
-4.3167
-2.6874
-3.6048
-2.5667
-3.6312
-3.6345
1.3719
-3.8732
-3.5116
-3.5015
-4.6278
-3.3080
-2.2137
-0.5437
1.1011
-3.2564
-1.9658
-2.8027
-3.2922
1.3121
-2.0419
0.8145
-2.1910
0.0896
-1.8240
-0.0309
0.3624
0.2413
-1.2545
-0.1925
-0.0049
0.3755
0.2352
-0.0594
-0.1443
0.3193
-0.2471
0.0759
-0.4018
-0.0309
-0.0161
0.1283
-0.1098
0.6923
0.5298
0.1134
0.3584
-0.4927
0.3553
-0.5060
-0.2048
-1.4898
0.4554
0.4060
-1.3254
-0.1136
1.0256
-0.5964
-0.9223
-0.4429
-0.1120
-0.8826
-0.0409
0.3283
-0.4958
0.3850
0.2879
0.0307
0.3732
0.9230
0.4752
-0.2075
-0.1801
-0.0833
-5.1645
1.5272
-0.7526
-2.4061
-9.2966
-5.6083
-2.9061
-7.1134
-2.3702
-0.2896
-3.8996
-0.9492
-2.1910
-2.5645
-0.1381
-2.4589
3.0999
-0.0336
-3.4504
2.0941
-4.2404
-3.7523
0.0471
-0.4466
-0.5435
6.0513
0.2104
-2.0876
-1.7937
2.1758
-0.2054
4.9474
-2.0102
0.2402
-2.1779
1.5782
-1.5165
-0.8165
-0.1755
-0.8799
-1.9454
0.1005
-0.5591
-2.1969
-2.5763
-0.3137
-1.4437
-1.9525
-1.0817
-0.7607
-1.4291
-1.1056
-0.5395
-0.7244
-1.1255
0.8989
-1.0252
-1.1041
-0.5673
-0.5477
2.5772
0.3769
0.4293
-0.3613
-0.2873
0.1931
1.0751
2.2292
-0.3982
0.4488
-0.1374
0.3069
-0.7801
0.6457
1.8081
-0.3406
-0.3541
-0.1782
-0.1775
0.2297
-0.2589
-0.3488
-0.3347
0.1385
-0.0208
0.3523
0.0030
-0.0711
0.0098
0.3175
0.0085
0.0401
-0.0181
-0.1090
0.1951
-0.0055
0.1327
0.0751
0.9628
-2.2865
-1.0786
-2.5140
-4.6496
0.5006
-1.0641
0.1400
-0.2651
-2.0742
-1.1244
-4.7371
-0.3778
-3.9801
1.1534
4.3895
3.7549
-1.8210
-1.7670
1.3340
-0.5372
0.6612
-0.1956
-2.1186
-8.3601
0.9430
-1.9899
-0.1620
0.6920
0.7403
0.0569
-8.0943
-2.3567
-6.6889
-1.2740
-4.4658
-1.5913
-4.9392
-8.0289
-3.8383
-4.5668
-4.5086
-3.1445
-3.7106
0.0879
-2.2323
-2.4153
-6.5289
-4.2370
-2.2811
0.0046
-3.6226
-6.2610
-1.0188
2.7542
-2.5514
3.9514
2.1181
0.7975
-0.2724
-0.6081
-2.4324
1.5709
1.6116
-0.6092
-0.2531
2.0819
-0.6915
-0.5173
-2.8524
4.8271
-0.9011
-0.5781
-1.1955
-1.2313
-1.2281
-3.6925
-1.3634
-1.6573
-0.4872
-0.2214
-0.1259
0.6818
-0.1915
-0.9400
2.7523
0.5572
1.1217
-0.3381
-0.7133
2.5371
-2.8482
0.6745
3.0568
2.8861
2.4208
1.6116
2.2263
0.9889
0.1760
0.8770
1.9204
0.7579
0.0966
0.9846
1.2681
-0.6109
-0.3104
0.7257
-0.4863
-0.3156
-0.1607
-0.1328
0.6899
-0.1782
0.1925
0.1503
-0.1176
0.0643
0.0821
-0.0842
-0.0225
0.0070
-0.2801
-0.0374
0.0512
0.0755
0.0546
0.0686
0.2699
0.5230
-3.0741
3.9495
-0.1490
-1.9280
0.9868
-3.4461
-2.6873
0.9894
-1.3016
-5.3178
-3.2076
-2.1385
-4.0373
3.2979
-0.7204
2.0615
-2.3356
-4.3338
-1.7935
0.9227
-3.2894
3.3149
-2.8874
2.3760
-4.0713
-0.3636
-3.0660
-3.1999
-0.1493
-5.2754
-3.0008
1.2714
1.2343
-1.8944
0.0696
1.8846
-6.2302
-4.5576
1.3628
2.8035
-5.3312
-2.6616
-5.0956
1.7820
-0.4170
-2.5261
-2.9437
-2.0837
2.0005
2.6902
3.3292
-0.4030
-1.2520
2.5174
-2.6840
-1.1851
-2.6737
0.3635
-2.3122
-3.7502
-2.4291
0.8345
-0.8933
-4.1575
-2.8350
-0.4080
-0.6114
1.0535
-2.4493
-2.4055
-0.4304
0.6134
0.3984
1.3639
-0.0673
-1.0148
-0.4050
-2.6350
-3.0773
-0.0897
0.0782
-1.6748
0.1290
-2.2312
0.8952
-3.5655
-1.5812
-0.3435
-2.0544
-1.3769
-0.2606
-1.2626
-1.6574
-2.2074
-1.6530
-2.3737
-1.1042
-1.5542
-0.1216
2.7883
-0.8340
-1.1151
-1.4797
-2.0804
0.4478
-0.2385
0.3126
0.1766
-0.2378
0.0588
-0.1468
0.0124
0.1529
0.2664
-0.5016
0.0543
0.0426
0.0592
0.1118
0.3493
0.0014
-0.0440
0.1892
0.1338
0.0642
-0.2834
-0.4333
-1.2212
1.2639
-0.3754
3.7567
-3.1207
0.4596
-1.3333
-1.3920
-1.4125
-0.4139
-0.1295
-1.6325
-2.4745
-2.2138
-1.3063
4.1322
-1.9957
0.2052
-1.3292
-0.8261
-0.1657
-0.2220
-1.1547
1.4559
-1.4455
-1.2572
-3.2102
1.2454
0.6182
1.2452
-0.5115
-3.5543
-0.8405
-4.8330
-1.4242
-0.9490
-2.8679
-4.0838
7.2211
-4.8331
-6.7472
-5.4765
-3.3618
-3.1342
0.3842
-0.8406
-4.3111
2.4470
-5.5196
-0.1059
-5.2520
-2.2520
0.4958
-3.3346
-5.1172
-4.9904
-3.3279
-2.1738
-1.9211
-2.6224
-3.1271
-4.8398
-4.9009
-2.4139
-0.7101
-2.2055
-1.1689
-2.6590
-3.4583
-3.7803
-2.9169
-2.3786
-2.2341
-3.0926
-0.9744
-1.5901
-1.8888
-2.7416
-3.0480
-0.9598
-0.8253
-2.6264
-2.3877
-2.3566
-2.3897
-2.2259
-2.1753
-3.5524
-1.2136
-3.2522
-2.2738
-3.9110
-0.4314
-1.2170
-2.3380
-2.1035
-2.2254
-2.2240
-1.4147
-0.5441
-0.2547
2.5655
-2.0107
0.2466
-2.5980
-0.7997
-0.0628
-0.0446
-0.4229
0.5012
-1.2476
0.0598
0.5815
0.2092
0.0496
-0.3053
-0.2948
-0.0151
0.0653
0.1363
0.0801
0.1965
-0.2676
0.1743
-0.1611
-0.0092
0.1190
-0.0486
-0.0999
1.9322
1.6721
1.0002
-1.6336
0.7120
-0.9210
-0.3313
-1.0120
0.6115
-0.0065
-2.8784
-0.9869
1.1096
0.2638
0.4886
0.8894
-1.8678
0.4431
1.0214
1.6798
-0.1023
-1.6316
-2.1386
-1.5462
-0.7509
0.6172
-1.2746
-1.1481
0.6347
-0.7187
-0.1281
-7.8413
-0.1533
-1.3041
-1.4318
-2.4877
-6.4605
-2.9387
0.8770
-0.8725
-4.5828
-0.1380
-2.7310
-2.1530
3.9318
-5.4363
1.3272
-0.3079
-0.1794
2.7752
-2.6347
-2.8802
-2.1289
-2.6268
-1.8730
0.6611
-1.7973
-0.8897
-2.1046
0.4346
3.7125
-5.3652
-1.0089
-3.1710
0.5990
-4.1545
1.0586
2.0728
2.1276
-4.2125
0.8601
-2.5010
2.5481
-0.2535
-0.0804
-2.2907
0.3421
-0.0631
-4.0538
-0.5145
0.9482
0.9046
0.5414
0.0893
0.6230
-0.5646
-2.6108
-2.8454
-2.3950
1.8469
-0.2998
1.7716
-0.0965
0.5098
-0.5072
-0.5745
0.0732
-0.5316
-2.6852
-0.0272
-0.0680
-0.1654
-0.4726
-0.1786
-0.1117
-0.1720
0.9997
-0.1396
-1.0843
-0.1946
-0.1788
-0.2594
-0.1916
-0.1916
-0.1828
0.0990
-0.1634
-0.2081
-0.4556
-0.1098
-0.3399
-0.5743
0.0126
0.0137
-0.0073
0.0377
-0.0021
-0.5421
-0.1651
1.5754
1.7118
1.0353
-3.4566
-2.4037
0.7546
2.5977
-1.6464
-1.3714
1.2082
2.2752
-0.0288
-1.2229
-1.1914
1.0212
-0.2948
-1.6711
-1.2191
-1.4494
0.7977
-6.2553
-2.0162
-0.9237
-0.9350
-5.4347
-0.3720
2.1214
-0.7906
0.0503
-1.4898
0.1346
18.8453
-1.5398
-2.3551
-4.4090
-1.6987
-3.7471
-2.2018
-1.9136
-2.6706
-1.9735
-6.9224
-6.4760
-1.6928
-1.6003
-5.1053
-5.7570
-2.8943
-3.8669
-2.3128
-3.4839
-6.3428
-2.0769
-1.4510
-2.6113
-7.0438
-2.7250
-1.0995
-1.3221
-1.6586
-0.9996
-1.7474
-1.8892
-1.7657
-1.1562
0.3699
-1.9820
-1.8060
1.8058
-1.5527
-1.8906
-1.3116
-1.7224
-1.7467
0.9185
-2.5166
-3.3283
0.3541
1.6493
-2.4235
-2.5664
-2.0238
-1.1863
-0.8558
-1.1125
-2.1683
-1.0335
0.3292
2.5588
-2.1207
-1.4271
-2.2168
-1.3189
-1.5546
-1.5839
-1.4361
-1.9430
-1.4903
-1.1618
-1.3999
-0.9472
-1.2078
-1.1534
-1.2037
-0.4859
-0.7071
0.6015
0.2889
-0.3537
-0.8597
-0.3731
0.0803
-0.0310
0.5133
0.0260
-0.0771
-0.2486
0.2964
0.0303
0.0187
-0.0875
-0.1881
-0.0081
0.0750
-0.0363
0.0564
0.0112
0.0526
0.0171
0.0958
-2.2470
-9.9933
-1.2091
0.9117
2.2379
0.5677
-3.8030
1.0688
-4.0675
-2.8258
3.9945
-2.9226
-0.9334
-1.4876
0.6483
3.5717
-0.8983
-2.3029
-0.8502
-1.0042
0.0996
-0.4004
-4.2044
-5.3411
-0.6770
-3.4845
1.9716
-1.2517
1.4833
0.1857
-4.4004
-0.7684
-1.4635
-5.2477
-3.0900
-1.4531
-3.4177
-0.5456
-2.7727
-4.3770
-3.2101
-2.1463
7.9912
-3.7634
2.4320
-0.5827
-3.3126
-0.8906
-3.3886
11.3918
-0.7877
3.8046
-1.7544
-3.4377
-0.4142
-1.6161
-0.7732
-1.1881
0.4357
-2.4830
0.2725
-3.9383
-2.6859
0.2818
0.1657
-3.5821
-1.7363
1.9857
-3.2846
-2.6622
-0.1903
-2.5635
-1.8298
1.8405
-0.7763
-1.3567
0.4639
1.0344
2.4979
-2.6810
-0.1943
2.3211
2.9052
-1.7588
-2.2520
-0.4781
-2.8700
-1.8201
-0.8478
-2.3344
-1.6508
-0.5202
-1.8576
-2.3821
-2.3066
-1.9006
-2.3418
-2.1178
0.0311
-0.5714
-0.5987
-0.7342
-1.2492
-1.3679
-1.8499
-0.0490
-0.2135
-0.6649
0.5342
-0.3716
-0.4734
0.0416
-0.0403
0.1505
0.1465
-0.4660
0.0187
0.1630
0.0947
-0.3725
0.6026
-0.0373
0.1085
0.1437
-0.0370
0.0257
-0.0971
-0.3512
1.0528
-3.3306
0.3439
2.5572
-3.1987
0.2415
1.8367
-2.8400
-2.0571
2.9620
-0.3791
0.2554
-7.2583
-0.8598
-0.9433
-0.4751
1.7994
-0.0163
-2.3628
-6.7406
0.8890
-4.5516
0.1199
0.6795
-9.2933
-3.4291
-0.1553
-0.5857
0.3022
-0.4020
0.0442
-5.2266
0.5483
-1.9453
-4.9191
1.8765
-2.8832
0.9986
2.0613
-2.9486
-1.6101
0.2731
-2.2775
-4.2654
-1.3483
0.1780
-2.8022
-0.8011
-3.6411
9.9055
-5.7848
-1.1894
-2.5098
-2.8700
-3.0596
-1.8272
-1.8580
-0.0930
-3.0052
-2.3753
-2.7352
-3.1677
0.5870
0.2531
-1.6706
0.1449
-1.0676
-2.6677
-2.9762
-2.4679
-0.3021
1.0076
-3.0675
-0.6007
1.9073
-1.4107
-1.5255
-1.3870
-0.5241
-0.9921
-1.9911
0.6584
-0.2937
0.0670
-1.3092
0.3569
-1.2902
-3.1503
-1.1946
0.0385
0.5962
-3.4301
0.3492
1.6751
1.1397
-0.1514
0.6404
0.6041
-2.2399
-1.2046
0.1019
0.0835
-0.3607
-1.7683
0.6480
1.3197
0.3003
0.9248
0.4097
-0.3610
-0.3440
-0.0076
-0.2131
0.0952
-0.2261
-0.3050
0.5276
-0.1130
-0.0258
-0.0080
0.3760
0.2829
0.0965
-0.0561
0.1406
-0.1048
0.0715
0.1802
0.2464
-0.5080
-3.5950
-0.8680
0.7473
-1.1336
1.1350
-1.3048
-4.9984
-1.0839
-1.9326
0.0684
0.6738
3.4058
-5.7982
-4.4160
3.8048
-3.2160
-4.0262
-0.2256
-1.3315
-6.1095
0.9267
0.5732
2.0324
-2.7871
-3.7852
-9.1980
-1.6739
-4.7255
0.4790
0.0975
-4.5391
-0.6953
-5.3504
-1.4451
-2.4314
-0.3004
-2.1164
0.4358
-3.3594
-3.4844
-2.0938
-4.1538
-5.8254
-4.1032
-5.7857
-3.5514
10.7554
-3.6239
-4.5139
-3.5227
-4.8589
-3.3790
-3.2985
-1.9456
-5.0123
-1.2342
-1.1950
0.9725
-0.4302
-0.5992
-0.5223
-3.1113
3.7686
-0.8331
-0.8267
0.7619
-1.5708
-0.8114
-1.2715
4.1640
2.7122
-2.1915
0.3331
-1.5484
-2.0510
-2.8038
-0.6086
1.3603
0.1496
-2.0240
-0.0304
-1.4051
1.5532
-0.4235
0.4970
0.6298
6.3294
0.1912
1.0299
1.2905
-3.5323
-0.6575
-0.5966
0.7337
0.7371
0.9687
0.8004
2.6100
2.3946
-0.5091
4.9334
0.8964
0.2283
0.8372
-0.2506
-0.3939
0.9603
0.5879
0.1198
0.2114
0.1118
0.4153
-0.1104
-0.5029
-0.0201
0.3322
0.0466
0.0537
0.1552
-0.1431
0.2674
0.1258
0.0246
-0.2160
0.0895
0.0393
0.1539
0.1392
-0.4006
1.5619
3.1342
0.0358
-1.2272
-0.5474
-1.2547
0.4964
0.4517
-2.5290
-3.0287
1.6095
2.2085
-1.0292
0.9806
1.4041
-1.6218
-1.7762
1.5269
-2.6079
-2.8674
-0.2917
-2.0049
0.1343
-0.5684
-2.7061
-1.1500
-0.9030
2.8279
-5.0464
-0.0253
-8.4039
-0.5222
1.4267
-3.2673
1.6551
-2.3060
0.3128
-3.2329
-3.0329
-3.3024
3.2357
-1.8365
-7.7346
0.2290
-1.1077
0.4341
-0.5183
0.7063
-0.0930
-1.4263
-2.7501
-6.4629
-4.7709
0.8209
-1.5214
1.2132
3.8470
-1.6119
-1.1202
-0.9449
0.7289
-3.9074
-0.5447
-2.4922
-1.0516
-0.9096
-2.7465
-2.5423
-2.6487
-1.4685
-2.6757
-2.2063
-2.5325
-1.4594
-1.4303
-4.2740
-0.9163
-2.2998
-0.7683
-1.1467
-0.4157
-2.2882
-2.0054
-1.4458
-1.4356
-1.1113
-0.6058
-0.8516
0.7269
-1.7675
-4.1225
1.1608
-1.8233
-1.6658
-1.2335
-2.5612
-1.1368
0.5571
-1.6698
0.4063
-3.5759
0.5433
-0.0571
-0.1692
0.5364
-0.1124
0.3120
-0.4570
-0.3663
-0.3600
0.3137
-0.0454
0.1081
-0.0867
-0.0037
0.1029
0.2198
0.0836
0.2382
-0.0595
-0.0311
0.0313
-0.0472
-0.1364
0.2160
0.2118
-0.0400
0.0976
-0.0438
-1.9832
-0.1397
-0.9664
0.9523
0.2175
0.3064
-1.0522
1.8297
-1.4059
-2.3395
2.5362
2.9175
1.9406
-1.5215
-2.6705
-1.8131
-6.6385
1.4221
-2.0700
-0.8510
-1.2770
-4.9920
-1.6374
2.1897
-0.8452
0.6776
-0.0099
1.1242
0.4461
0.0150
-2.0637
2.5836
-5.0859
-6.3379
-5.9195
0.9750
-3.8627
-1.6763
0.1078
0.4434
-4.6891
-0.7156
-5.4912
-0.2277
-1.4326
-0.5315
0.1842
-0.8671
-2.3312
0.3997
-3.3203
3.5322
11.2578
-0.1886
2.0857
-0.4732
0.0033
-3.2053
-3.5924
-2.6083
-2.3408
-4.9894
-2.9711
-1.5450
-3.2492
-2.6611
-2.9343
-2.4576
-1.2282
-1.3017
-4.0254
0.0724
0.3556
-2.7507
-2.2311
-1.0278
-1.5869
-3.5282
-2.2707
-2.1703
-1.7002
-1.4742
-0.6726
-1.5540
-2.7234
2.2745
-2.8164
-2.3229
-0.8125
-2.4197
0.2180
-0.3418
-2.6712
-2.7237
-2.5955
-2.3039
-2.6591
-0.6777
0.1531
-0.1477
0.4683
-0.8787
-1.7359
-2.1330
-2.3051
-0.8593
-0.3672
-0.8471
-1.2836
-0.4991
0.0131
-0.0478
-0.1253
-0.1884
-0.6074
-1.0119
-0.0986
0.0295
-0.0762
-0.3269
-0.3691
-0.1602
0.0608
-0.0265
0.1193
-0.1440
-0.7540
-0.6653
0.4996
-3.2348
0.4285
-5.3173
-5.5802
-1.1100
0.0607
-10.9856
-3.4860
-0.3299
0.8208
-0.7490
3.0779
-1.3398
-0.9973
4.9232
1.8007
-11.6132
-1.5869
-1.5156
-1.5022
0.4907
-5.6686
-2.0675
-1.9085
-3.5462
-0.9227
1.1882
-3.8037
-3.0113
0.0789
-6.1529
-3.4770
0.2851
-8.3239
-5.6077
-0.6965
-0.2597
-5.9440
0.4045
-1.6384
-0.1566
1.0163
-0.4193
3.0170
0.1481
-1.5097
-6.7014
1.6583
2.6904
-3.6212
0.8353
-0.3540
-2.6921
-4.1717
-1.2524
-2.7159
-1.7613
1.0132
-1.8892
1.4614
-3.6492
-4.0951
-1.2025
1.5361
-1.7872
-2.6951
0.2446
0.1105
-1.8058
-1.8366
-1.1824
0.3384
1.3423
-3.5715
1.2845
-5.8022
-0.5965
0.2175
1.1554
-1.9670
1.8909
-0.3960
0.2014
-0.0883
-1.4450
0.6336
-2.9636
-3.6269
-1.7633
-1.4758
-1.4884
-1.2550
-1.4649
-1.4584
-1.7110
-1.5706
-1.9743
-1.3716
-0.4294
-1.3291
2.1994
-1.1110
-2.8093
-1.1011
-1.3853
-1.8460
-0.5181
-0.2401
-0.3012
-0.6833
-1.0849
0.2040
-1.0423
0.0703
0.3311
-0.9855
-0.0490
-1.0748
-0.1937
-0.7875
-0.4699
-0.1391
-0.0409
0.0526
0.0228
0.2142
-0.4659
-0.5290
-0.4196
-1.5092
0.2303
-4.6034
-1.0864
-0.2199
-0.1758
1.9935
-1.7367
-1.3052
1.0083
-0.7941
-2.4339
-1.2590
-1.3659
0.8543
3.0888
-0.6396
-0.3598
-1.1323
-2.4247
-2.9461
-0.7397
0.9424
-1.3272
1.4990
-2.7527
-1.1631
-1.3213
0.1241
-0.6187
-8.6960
-5.4608
2.3239
-3.1554
-3.1087
2.3014
2.7610
-6.4838
2.1593
-3.5576
2.6787
1.3808
2.3709
-9.4221
3.7832
2.2894
-3.8816
4.6824
-2.9726
3.7670
-0.3649
-0.7256
2.2974
2.1998
-2.5523
-5.1058
1.8147
-0.2478
-1.5657
-2.0731
0.7224
-6.9288
-4.0849
-2.3947
-4.7179
-0.9750
-1.5653
-1.8835
-4.4901
2.5004
-2.9041
-2.1475
-2.5251
-4.0834
-0.8569
-2.2025
-2.5067
0.8798
-2.6173
-5.2510
-0.2951
-2.1200
-0.9980
-1.4940
-0.3160
-0.5065
-2.0199
-3.1895
0.6923
-0.6225
-3.4252
1.9801
-1.1250
-0.7992
0.0253
-0.8273
-1.4829
-2.7520
-2.5021
1.3473
-1.3909
-1.0989
-3.8933
-4.9122
1.6763
-0.6371
-1.0981
-1.4215
-0.8653
-1.1317
-1.6349
-1.6458
-0.8814
0.2395
0.0269
0.3922
-0.9028
-0.4666
-0.9812
-0.5940
-0.4618
-0.1462
-0.6669
0.4240
-0.1308
0.1174
-0.0941
0.2435
-1.9779
2.1703
-0.1029
1.5690
-0.4103
-0.6930
0.7267
-0.0739
0.9471
1.2582
-0.3875
0.4769
0.7077
-1.4633
0.4651
0.0804
-0.7633
1.2348
-1.4002
-0.2978
0.3971
0.9176
-1.8867
0.2715
1.2591
-0.5819
-1.9908
-0.5816
1.0335
1.3487
-0.2114
-1.1211
0.3762
-6.2884
1.5339
-4.8064
-7.8692
-2.5605
2.8569
-0.8484
-0.7495
-1.4936
-3.6878
-3.2693
-1.3950
-1.8290
-1.3822
-0.3078
-3.2595
0.0487
-4.2194
-2.1332
-2.8062
-4.2230
-2.5796
0.1732
-2.2953
-1.1494
-1.8709
-2.7967
-2.1796
-2.5300
-4.2016
-2.6925
0.1329
-1.1097
-2.1849
-1.1552
-1.5853
-0.7523
-1.1547
-0.2771
-1.7974
-1.4110
0.3935
-1.8276
-3.6620
-0.8973
-1.2126
-1.8119
-1.7543
-1.4632
-1.4986
-1.8931
-1.3130
-1.8209
-2.3064
-2.8196
-1.4185
-1.4335
-1.6753
-0.0485
-0.8231
-2.0557
-1.7718
-1.9391
-1.8097
-1.6886
-0.5959
-0.3419
-0.4865
1.5789
-1.1619
-1.2410
-1.4039
-1.4996
-0.0425
0.1278
0.5388
0.1619
-0.0067
0.0023
0.1363
-0.0321
0.0828
-0.1228
-0.4812
0.1467
0.0149
0.1298
0.1800
0.3043
0.1387
0.0403
-0.1916
0.0422
0.0799
0.1939
-0.2495
0.2379
-2.8994
0.4014
-1.1793
1.1038
-0.7417
1.4475
2.4371
-0.8487
-0.0624
0.4414
1.3580
0.0928
3.4676
-7.6609
0.8900
0.8997
-10.0589
1.0356
-0.7955
-3.8264
-0.8261
-7.8632
0.5541
-8.2012
-3.4456
2.5485
-2.1628
-1.1220
-1.9547
0.0930
-4.8761
-7.8940
0.0859
-1.3555
-4.1139
-2.2293
-0.0984
-7.5449
-1.7954
-4.5418
-1.9185
-2.7200
-1.1534
-0.8782
-5.6626
-0.2375
1.9815
-2.1367
-3.7737
-0.6948
-4.2580
-1.4237
-0.1527
2.7875
-0.1641
2.0938
-0.3733
-1.0677
2.2225
-3.0168
-3.1904
-2.5698
-1.2668
-1.3912
-1.8534
-2.3482
-2.7794
-2.2027
-2.1991
-1.5785
-1.0967
-0.1871
-0.7108
0.7046
-2.0064
-2.7450
-0.0134
0.0606
-2.0730
-1.9151
0.0492
-0.0045
-0.9369
-0.9421
-1.3744
-1.0036
-2.9255
-1.0097
-1.6820
-1.2020
-1.0857
0.9343
-0.8599
-1.3739
-1.4071
-0.7803
-0.5588
-0.4275
-0.8373
0.5597
0.2593
-0.3444
-0.1971
-0.1244
0.1361
0.7464
0.2789
-0.1505
0.0892
-0.0477
-0.2476
-0.1935
0.1293
0.2679
0.0395
0.1961
-0.3863
-0.0274
-0.2320
0.0277
-0.1860
-0.0064
0.1732
0.0654
0.0261
-0.3100
0.0537
-0.0048
1.0479
-3.7121
-0.9353
-0.4387
-0.2502
-0.6561
-3.4202
-0.4505
-2.2976
1.0478
-2.0315
0.0585
0.6232
-1.2566
-0.7081
-0.2340
2.7201
1.0943
1.1674
0.4005
1.2846
-1.3192
-0.0394
0.5955
-0.1267
-2.1872
2.0955
1.0980
-3.1386
-2.6610
0.0705
-5.2548
-0.4448
-3.7997
-0.7533
1.4654
-0.9954
-7.7772
1.8950
-3.3842
-1.7046
-4.8569
-3.4862
-0.3997
-4.9870
-5.1131
-3.8188
6.0580
-2.5697
-2.1897
-7.3340
-2.6628
-1.4890
-3.0231
-1.5274
3.6873
1.8159
1.2624
-1.5831
-1.2590
-0.0809
0.4248
-2.1609
-0.9447
0.3901
1.8255
-2.2634
-1.3553
-2.1043
-1.8158
-2.1282
-1.9343
-0.5979
-1.2302
-0.3612
-0.9524
-2.0324
-0.4691
-0.4879
-0.1270
0.3329
-0.6182
-1.4795
-0.2788
-0.6798
-0.7553
0.1582
-2.8056
0.6027
0.3396
-1.3838
-2.0978
0.4202
-2.2888
-1.0937
-1.2672
-1.8896
-1.6049
-0.6820
-1.3183
0.2912
-1.3754
0.4854
-0.2838
0.3056
0.9367
-0.0879
-0.9492
-0.0922
0.0859
0.1009
0.0638
-0.0766
0.1170
-0.0909
-0.1966
0.1231
-0.2348
-0.0381
-0.0761
0.0262
-0.0090
-0.0744
0.0263
-0.0914
-0.0427
-0.1726
-0.1141
0.2098
0.6842
-2.4255
-1.8204
1.2581
0.4676
-0.8754
4.1559
-2.4539
1.0838
-3.0726
-4.9636
3.4688
0.4266
-3.8804
-2.9784
0.7897
-7.1870
-8.2318
0.3701
0.6930
-1.3033
1.9698
-4.4570
-0.9460
-0.0138
-5.6930
-4.0251
-0.5646
0.5159
-0.6935
-0.0199
-4.3024
0.1250
6.0409
-7.4227
-4.4373
-5.4881
5.6506
-3.0676
-4.5094
-1.6799
0.1312
-6.9606
-3.9876
5.2789
-3.8607
-2.6351
-6.7759
-2.7585
-2.6452
3.1577
-4.0943
-2.6786
-2.0626
-4.6768
-3.5698
-2.1289
-1.9413
1.1731
1.8153
-1.1209
-3.5891
-4.1821
-1.6344
-0.5207
2.4799
-2.9635
-0.0692
-2.3476
-2.0130
-2.9096
4.0543
-1.3241
-0.8464
-1.5702
-3.1714
-3.9573
-1.8714
-1.8649
-0.8578
0.3486
-0.5228
-2.2665
-2.0078
0.4671
-2.5421
-0.6894
0.3016
-2.2699
-1.8187
-2.8604
-1.7094
-0.9790
-2.8562
-2.7094
-2.1651
-2.7487
-2.1523
0.1222
-0.5500
-0.6807
1.8482
-1.2465
-1.7073
-1.4152
-2.0593
-0.4319
0.0944
0.1636
-0.4666
-0.4216
-0.0420
0.0404
0.1408
0.0847
-0.0254
-0.7918
0.0861
0.2066
-0.0258
-0.2203
-0.2586
0.1260
-0.0107
0.0455
0.1947
0.2793
-0.1760
-0.4954
-2.4630
1.6090
-4.6514
3.0845
-8.1300
-2.2489
0.7949
1.8251
-1.5264
3.6764
1.5263
-1.2539
-3.7856
-5.7441
0.2203
-1.3310
0.1662
-0.2436
-0.3515
3.7474
-3.3009
0.1501
0.4135
-0.7721
-0.9552
-0.3765
-6.4227
0.4882
1.3277
-0.0042
0.1021
-6.5382
-5.3743
-2.1602
-4.0973
-2.7748
-4.0880
-2.1298
-7.2289
-2.0395
-2.8692
2.8543
-1.9275
1.8089
-6.6102
-2.3980
-0.9736
-2.1301
1.5916
1.8743
-2.6823
-3.1900
-3.8617
4.1198
-5.2691
0.6883
-3.3101
-2.9517
1.4685
2.4520
1.6516
-5.0999
-2.9206
0.3830
-0.3545
-3.1711
-2.1201
1.0563
1.2439
-0.8185
-5.1096
-2.1805
2.4566
0.5582
-3.0389
-0.1864
-3.2421
-1.3659
0.0070
-0.5964
-2.8776
0.7215
0.9311
-0.8938
1.4346
-1.9381
2.6525
-3.2789
-1.8811
-2.5733
-1.8497
0.3914
-2.0688
-2.4585
-2.1950
-1.9636
-2.2736
-2.3517
-1.7213
-2.0618
-1.7433
2.8693
-1.5357
-1.7398
-0.4049
-0.5326
-0.0496
-1.7228
0.7012
-0.4108
0.2222
-0.6793
-0.6356
-0.0352
0.2189
-0.0319
-0.2460
0.3226
-0.0858
-0.1073
0.0136
-0.2177
0.0638
-0.1397
0.0210
-0.3581
0.2153
-0.1120
-0.0828
0.3012
0.3937
1.8895
-2.4890
-0.1859
-0.6020
-0.3098
-1.9748
-1.2306
-0.1836
-1.4957
-2.5729
0.0364
1.2327
-1.4386
0.8522
-0.8467
1.8004
-0.3128
0.9251
2.4710
-1.2625
-1.8580
1.4419
2.6712
3.0836
2.7593
-0.5646
-3.1833
-0.3195
0.3040
-5.3228
-3.7616
-1.6987
-10.7398
-5.2843
-5.6214
-6.2270
-8.7843
-6.1685
-2.6828
-7.7332
-3.9523
-3.4274
-4.9004
-2.9938
-5.0972
-6.3811
-3.1905
-3.3282
-4.0392
-2.2373
0.6776
-3.7933
8.0450
-0.1328
8.3971
6.4572
0.7261
2.1230
3.4693
-1.2393
-3.7086
1.6991
2.3462
-5.2413
4.8087
1.1925
2.7144
-1.1100
0.7730
0.0959
3.6831
1.9672
-4.6210
2.3999
-5.5860
1.4343
2.6450
3.0625
4.2884
1.6367
1.5731
3.3605
1.8496
5.2988
0.4881
-3.1083
0.6500
-0.7537
4.1820
-3.8145
4.2180
4.0401
4.1180
4.0222
4.8669
3.9388
1.7392
-0.3318
3.1724
-2.7230
3.1245
-3.1198
1.3427
3.1524
-0.0030
-0.9612
-0.3938
-1.1418
0.4156
-0.6394
-0.7155
-0.1216
-0.2649
-0.2695
0.7949
-0.2190
-0.1675
-0.5850
-0.1040
0.1040
-0.2701
-0.0634
-0.0535
-0.1437
-0.1523
0.0281
0.3587
0.3510
-0.5246
2.3512
-0.4510
0.4230
-1.8303
-1.1337
-1.8005
-1.3223
0.8533
-0.2157
-2.4093
1.2918
-2.1127
-1.9196
2.6009
3.6305
1.7126
-0.6801
0.5068
-1.0970
-0.8116
-0.8095
2.4046
-1.2363
0.4924
0.4755
-0.2045
-0.9592
2.0506
-0.0460
-4.5344
-1.8396
-5.5001
-2.2959
-5.5144
-0.3253
-1.6824
-4.2081
-7.4646
-3.0017
-4.0171
-4.8129
-0.0708
-4.6908
2.1067
2.1468
-4.5887
-2.7830
-3.3416
-1.2219
0.4343
7.3814
-0.1453
-1.1770
0.2849
-1.0814
-0.3526
-0.2640
-1.8837
2.3731
-1.5482
-1.6893
-0.7589
-0.2211
-1.2534
-0.7452
0.1410
-0.5237
4.0189
-0.4426
-0.9172
0.2007
-0.3335
-0.1605
1.5740
-1.2913
-0.1011
0.9991
-0.3794
-1.1332
0.0558
-0.6793
0.0848
-0.1677
-0.8008
-0.4651
-1.5013
0.1082
-0.1113
-0.5916
-1.6124
-0.2991
-0.5739
-0.4658
-0.5656
-0.7622
-0.4353
-1.9226
-1.4530
-0.2394
0.8939
-0.2221
-0.8539
0.0016
-0.1984
-0.2055
-0.4334
0.1130
-0.5573
0.0574
-0.6175
-0.4231
-0.3512
-0.0797
0.0333
-0.0956
-0.2004
-0.1659
-0.2652
0.0046
-0.0921
-0.1455
-0.0870
-0.1498
-0.0459
0.1315
0.0783
-0.0901
0.5279
-1.9535
-0.1711
3.1111
-0.4881
1.6643
-5.4981
-2.9937
1.2540
-0.1046
-5.2591
-5.0694
-5.7901
-3.6570
-6.4297
-3.5030
2.3496
-0.0987
-1.2772
-0.3039
-6.0685
-0.0679
-1.1080
-2.2725
-0.1888
-1.5973
0.6037
-2.2340
1.3832
-0.0402
-0.2598
-6.8001
-6.2787
-2.8930
-1.8462
0.2109
-3.6439
-4.5925
0.6365
-4.9696
7.8982
-0.4154
-4.7241
-2.5252
12.0966
-0.9710
-1.6818
-5.6586
-1.5888
-1.6842
-1.6050
-0.7316
-0.1896
-1.4796
-1.4543
-0.8947
2.0612
0.3655
-0.8404
1.5224
-0.8687
-0.7655
-1.3160
-1.7609
-0.5142
-2.6553
-0.2340
-0.5560
0.5082
5.7393
-2.6471
-3.1039
-0.2504
0.2227
-0.4437
0.0180
-1.6107
-1.0278
-1.3206
0.4527
-0.5163
-1.4810
-1.2609
-1.0833
-0.4622
-1.0884
0.3461
-0.9837
-1.2259
0.7853
-0.5072
4.7396
1.5528
-0.7939
-0.6450
-1.1886
-0.7832
-0.4425
0.0753
-1.7437
1.1504
-1.3686
0.0226
-0.5142
-0.1155
0.3280
-0.0955
-0.0568
-0.4220
-0.2702
-0.2183
-0.0064
-0.4371
0.2124
0.1107
0.0682
0.0606
-0.1633
0.0944
-0.3192
-0.0087
-0.0962
-0.2342
-0.0485
0.0179
-0.0422
-0.0643
-0.0622
0.2002
0.8417
-1.7559
1.6429
-2.0553
-0.1514
-1.3235
0.2559
1.1744
-0.7493
-2.3216
-1.4799
-0.3689
-1.1784
0.5952
0.2931
2.9826
0.4890
-1.5997
1.1472
-0.0400
3.3321
-0.6452
-0.0383
1.6636
-0.1197
-0.4892
0.8574
-3.7099
-1.4052
0.4435
-0.0801
-6.3664
-3.9409
-0.6023
-1.7590
-6.0319
-2.9082
-5.0811
-6.3530
-4.9402
-4.3855
-9.7770
-7.5469
-1.7276
1.3402
-4.7246
-4.0966
-5.8643
-2.5195
-2.2632
-2.8842
-1.8648
0.3097
-1.7785
-2.5188
-3.6289
-0.9449
1.6594
0.6506
1.6020
-0.0133
0.0059
-5.4010
1.2937
0.4220
1.6068
-0.4675
0.3397
1.9588
2.3691
-2.2240
0.3063
0.4824
1.9242
2.6032
1.7109
-3.3511
1.1368
1.7204
0.2283
-0.8881
0.2792
-0.5401
0.4138
-0.0809
0.1246
-0.4874
1.6763
-0.6391
-0.7420
-1.2227
-2.5920
1.1979
-1.5143
-1.3841
-0.9779
-1.5522
-0.9251
0.7559
0.1791
0.4970
-0.4955
0.3790
1.5734
-0.8371
0.0422
0.0944
-0.4409
0.1521
0.5092
0.0316
-0.3833
0.3516
-0.4606
-0.0705
-0.0544
0.1434
-0.1350
-0.2355
0.1219
0.0397
-0.1549
0.0160
0.0371
0.0009
-0.1047
-0.0181
-0.1259
0.2021
0.0992
0.3574
-7.6550
5.5601
-3.0381
-2.9623
0.6514
1.6821
0.6435
2.6897
-3.9253
3.0183
-9.6638
-2.2252
-4.4059
1.5532
2.6817
-2.9811
-2.7041
2.3964
-7.0351
-6.4329
-0.8661
-0.1605
-3.1995
0.0470
0.1260
-0.2289
-0.0257
-1.5225
0.1610
-2.6840
-2.2911
-3.2281
-7.3789
-5.7554
-2.3790
0.4270
-4.6195
-1.4922
-1.6063
-6.7648
-1.9549
-1.9873
0.2293
-3.5868
1.4901
-1.5476
-2.3836
-7.7866
-1.6707
-3.5101
17.1240
-3.0897
-2.2215
0.0714
-2.6735
-0.8636
-2.3394
-1.0517
-1.0417
-1.0562
-3.5128
-1.7714
-1.7875
-1.5773
-2.5675
-0.9720
0.1537
-0.8258
0.0323
-1.4991
0.5034
-0.8515
-1.5321
-0.6578
-3.5895
-1.2961
-1.0146
-1.0377
-1.8886
-0.6662
-0.5852
-1.9039
-1.1621
-1.0914
-1.4030
-2.1908
-0.2638
-1.6066
-1.3279
-1.6108
-1.1555
-1.3235
-1.0235
-1.8334
-0.3099
-1.4705
-0.5876
-1.0609
-0.5109
-0.8970
-0.8162
-1.0169
0.2898
-0.6373
-0.4123
0.0009
-0.1935
0.5773
0.0712
-0.1592
0.1842
0.1332
0.1736
0.1148
-0.2178
0.0206
-0.0502
0.0624
-0.1306
-0.0120
-0.1607
0.2515
0.0383
-0.0744
0.1002
-0.0768
0.0010
-0.7127
-4.7341
-0.0111
5.3791
-1.4077
-0.1703
-0.6907
-2.4766
0.4904
-2.1298
-0.3864
1.7021
-0.8310
-3.3694
1.5643
-1.9463
-11.5989
1.5603
2.0446
-2.3342
1.4175
0.8749
-4.2918
2.9377
-0.5278
-7.6690
2.6549
1.6305
0.0614
-1.2518
-0.0574
-3.3299
-3.1982
-1.2504
7.1192
-1.4661
-0.9166
-4.7699
-4.7061
-2.1232
1.6440
-5.0414
-3.5880
-6.0944
-0.2623
-4.4377
-4.7978
-1.3202
-1.0999
0.3480
-2.5494
-4.5747
-2.4261
0.0700
3.0391
-4.7987
1.6673
-0.8556
-0.5509
-3.8972
-0.4486
1.2773
-3.8929
2.9708
-2.7394
-0.0378
1.6209
-1.4664
-1.1154
1.2484
-3.5746
-2.0999
-1.2018
-2.5403
-0.4007
-0.4114
0.7900
0.0943
-3.0161
-3.8306
-1.6100
-2.1746
-0.5539
-0.0733
-0.8703
0.0920
-2.4692
-0.0736
-1.2944
0.0847
0.4477
0.1827
-0.2645
2.2364
0.0744
0.3190
-0.3211
-0.0466
0.7689
-0.0338
-0.1544
0.0450
0.0020
2.0546
0.6789
-0.3520
-0.4876
0.4711
0.2903
-0.0565
0.1404
0.6539
0.2645
0.4345
0.1789
0.5795
-0.1931
-0.0044
-0.1272
0.1198
0.2818
0.2583
0.1435
0.0509
0.0309
-0.0213
-0.1031
0.1972
-0.0164
0.7069
0.1587
-1.7276
-3.0873
-5.4860
-1.7908
1.5667
2.2861
-1.3285
0.2212
-1.6472
1.4494
0.6964
-2.3799
-1.5790
2.3308
1.1962
-4.1814
1.3720
-1.3166
-1.6427
-0.1790
0.4259
0.5726
0.3541
-1.8019
-2.1401
-0.2585
-0.8692
1.4399
0.0815
-2.4744
-0.4045
-3.2823
-2.7386
9.1950
-1.4514
-0.4056
1.7196
-2.4236
-0.2071
-1.1224
0.2394
0.4960
-1.2958
-3.1069
-2.6984
-3.4433
-0.8239
2.0692
-4.1087
-1.8677
-2.8875
-3.5472
0.7005
-3.1702
-2.0762
0.4696
-4.0364
-4.1511
-3.8727
2.2840
-4.6415
-4.1214
-4.2300
4.2183
-1.4270
-2.8699
-2.6369
-3.1522
-1.8161
-3.5552
-2.4835
-0.5726
1.7082
-1.6262
3.8763
-2.5058
-1.4874
-1.7390
-1.6491
2.5718
-1.7213
-2.0759
-1.5458
-0.3888
-2.6556
1.6265
-1.1331
3.0555
-0.6153
0.8882
0.0360
-0.6060
-1.0081
-0.6438
-0.7207
-0.4626
-3.3302
0.0938
0.1723
-0.4371
0.4107
2.8036
0.2513
0.7720
0.9910
0.1848
0.0775
-0.0852
-0.6756
0.1391
-0.0397
0.0869
-0.2163
0.0506
0.1935
0.0536
0.0880
0.0174
0.4315
-0.2257
-0.1252
0.0042
0.1070
0.0997
0.0795
0.5325
0.1979
0.3595
0.9398
-0.6521
0.7353
-13.8538
-3.1557
2.2792
1.4442
-3.8026
-5.3056
-0.6102
-7.3486
-2.4901
1.1056
0.6773
-3.5071
-5.5434
-0.2921
-3.0854
0.7588
0.9711
-2.0893
-0.8667
3.1383
-2.9705
-1.6825
1.3477
-1.2012
0.8237
0.6362


Weights 1->2:
-0.5039
-0.5314
-1.0241
-0.6410
-1.9263
-0.8103
-0.6669
-0.6504
-1.6213
-0.5160
-3.6621
-0.5972
-0.7898
-0.7329
-1.0244
-0.6704
-0.4961
-1.7723
-0.7930
-0.9153
-0.5585
-0.7221
-2.0363
-0.9309
-0.6605
-0.9938
-0.5718
-1.2657
-0.8027
-1.1586
0.9140
-0.4465
4.3197
-4.1625
7.4608
2.0945
1.4619
0.0604
3.6994
2.2638
-6.2780
-1.2752
3.7236
-0.5437
2.8336
-4.5254
-1.0428
6.2172
-2.9321
2.9406
4.0316
-0.8647
-1.7448
1.7979
0.2512
5.5440
2.7035
-2.1143
-2.5572
-0.4179
0.1101
-2.1300
0.0559
4.2769
7.2585
0.6212
-1.9422
0.2654
5.0039
1.8660
4.1570
1.3542
2.1419
-0.7459
-0.6550
3.7666
4.0103
6.3755
-0.6555
-0.9198
0.4584
2.8682
2.4985
-1.7132
2.6616
2.9829
-1.4987
0.8392
-3.0285
-2.8235
1.4143
2.7397
4.9346
3.2643
6.9447
0.4163
-1.9807
-0.4407
5.9389
-1.1931
3.1772
0.4497
6.0175
1.2756
2.7061
3.2596
0.2097
1.4771
0.5365
0.7824
-2.3912
1.7378
-2.9709
-2.6069
-3.8374
0.5994
1.8556
-0.5911
1.0554
-1.7749
0.2128
0.1677
0.5208
2.5931
4.6750
1.0280
-1.3683
2.1188
3.1708
3.2254
3.6809
1.8492
-0.0544
-0.9302
0.0454
0.5714
5.0543
4.5967
0.1540
2.2643
-0.4490
1.6782
2.6597
-4.0014
2.0839
1.0807
-2.1070
0.4649
2.1319
-1.5100
-0.5062
0.2658
1.2613
2.0071
5.4578
2.4974
-3.2489
1.6771
2.7358
2.8012
4.0398
1.3693
0.9829
2.2487
-0.0837
2.0449
3.6433
5.2306
-0.7023
1.0545
1.1160
2.2887
2.6526
-3.0125
2.0857
2.5313
-0.8303
-0.0006
-1.0248
-4.8450
2.4867
0.6522
-0.4553
1.1486
7.2805
-1.5936
2.7097
-0.3345
4.8313
-4.7421
3.4163
-0.6884
0.2840
0.3803
3.5498
3.6478
-0.6026
2.8669
0.6774
1.2220
1.7006
3.1746
0.1574
-1.1287
2.8743
4.7359
-2.3474
0.9057
-0.5068
-1.6531
0.1077
-2.8396
2.4771
1.5788
7.9802
-0.3247
-1.5218
1.3848
5.8581
-0.7474
2.0107
5.5709
0.7340
1.7583
0.9420
3.2186
5.6990
2.7510
2.6644
0.3116
1.9885
1.0766
-0.4202
-2.2898
-0.7684
-0.1681
1.0398
0.7658
-1.1880
-3.7692
-1.2836
-0.2268
0.8081
3.6483
2.7487
0.2058
-3.7701
2.6064
5.8223
2.3930
4.1215
3.0088
0.4775
-2.9817
0.0158
3.3594
5.5682
4.4728
0.2575
2.3777
-0.0414
1.1838
1.7922
-3.2164
0.2624
2.0417
-1.1777
-0.0886
-0.9135
-1.3814
-0.6509
2.7702
-1.1080
2.1259
6.7935
2.0265
-0.4058
-0.1415
4.0351
-0.3015
4.5537
0.9789
3.8210
0.4491
4.5969
-2.6057
-1.3188
2.1506
-1.2457
-0.3187
0.6843
2.3730
2.5360
-2.5847
-2.4982
0.4592
-1.6279
2.2003
0.4649
-1.8984
1.9493
0.6392
1.8270
1.6553
6.8887
0.6360
-0.8293
0.2103
2.9508
0.0079
3.4306
-0.3915
3.5117
2.6134
2.7816
-4.0508
-1.3086
4.1582
1.4485
2.2952
0.1378
0.9392
-0.7655
-0.9943
1.3611
3.2733
-0.2918
-1.1734
-1.4937
-0.7978
0.8598
-1.9366
2.8224
3.7238
6.9500
1.2998
-2.1875
4.1130
4.5658
-0.3515
2.4762
3.7735
1.2913
1.6911
3.4294
2.0072
2.6431
1.7372
2.6109
-1.1716
-1.0772
0.1970
0.7305
-2.0061
-0.9155
0.8601
-0.9227
0.2881
-0.6347
-4.3442
0.5477
2.6967
2.2662
2.5317
5.1133
1.8887
-1.3631
2.9026
5.7663
-4.0559
3.6901
-0.2129
3.4569
-1.0437
2.9551
-1.2706
-6.1505
2.8452
1.3232
1.2057
0.4885
2.5677
-0.1909
-1.4353
-2.0874
0.0929
-3.3407
-0.9645
-0.0626
-0.2054
-0.1962
-0.2279
2.3400
0.7407
4.9316
1.3451
-1.1713
1.4642
3.9986
2.4902
4.7025
-1.1487
4.0105
0.1965
2.3679
0.6942
-3.4358
2.8498
0.2836
0.3255
-1.1178
1.4914
-0.7447
-0.8991
0.9110
1.8297
-1.3006
-0.7639
-0.0747
-0.8518
1.2078
1.4609
0.7249
-2.1396
4.3408
0.7244
-3.4970
1.4016
4.5361
-3.1447
4.0224
-1.4013
0.9062
0.8362
1.7722
3.6715
3.4585
2.5583
-0.2139
-1.2099
0.2152
-2.1412
0.4792
0.2042
1.3318
1.2004
1.6605
2.1289
-0.9255
-2.4141
1.7277
1.8820
1.1816
1.0637
4.9748
2.8645
-2.9416
1.3412
5.2359
-5.4531
3.0415
-0.2181
5.6220
-1.1411
3.8301
-5.2870
-2.4531
1.3364
2.8689
2.1097
-1.7385
1.4110
0.6284
-1.9126
2.5581
0.5774
-0.2483
-0.4148
-0.1081
-0.1695
-2.3229
-3.7277
1.6259
1.2019
5.3547
1.1448
-0.6616
2.8779
4.7513
2.4311
3.8246
-0.9925
2.2771
2.2599
3.0909
1.7655
-1.9956
1.7152
0.5047
-0.7181
-1.5211
1.6140
-0.2067
-1.3165
3.2959
1.2152
0.2468
0.0018
1.3323
-0.3347
0.0582
0.3479
1.9301
2.5539
4.5364
0.5265
-0.3292
2.6001
4.9986
1.4772
2.4383
1.2037
1.3230
1.4949
-0.6722
2.0164
4.5511
3.1039
1.1390
0.7689
-0.6829
2.7964
2.0925
-4.2140
1.5559
0.6674
-1.1996
0.4131
-0.6698
-3.3574
0.9933
0.8483
2.0554
-0.2334
4.1599
1.5675
-3.8347
1.9994
3.9894
-4.5292
3.9085
2.0239
0.3199
2.4644
2.1910
5.0601
3.3999
2.5058
-0.2308
-0.6509
2.8833
-0.8350
1.2189
-0.5490
-2.5097
0.1603
-1.8573
0.2098
-1.9277
-1.8077
2.0299
-1.9296
-2.4778
6.7362
3.6018
-4.3363
3.6959
2.1210
0.8731
0.0546
2.4752
-0.0503
-1.7541
1.3287
1.6184
0.2557
-1.5838
2.4449
-0.2772
-2.9468
1.4773
1.2694
0.4055
-1.4110
1.1112
1.8963
-3.1710
-0.2395
-0.3206
-1.0687
-1.7839
-1.8199
1.9266
1.3156
3.7484
2.2666
1.0258
1.8620
3.6449
-0.4609
3.8053
2.6733
0.6378
0.5643
2.3872
3.5549
-4.9728
3.1416
1.6024
1.0704
-2.4005
0.6676
-0.1080
-1.0628
1.9181
2.2300
-1.5190
-0.0822
0.0674
-1.7350
-1.3895
-3.5786
1.4202
0.3391
4.1502
2.8384
-2.2898
3.2647
4.6011
1.3370
3.0465
-0.4776
2.9213
0.1002
2.4783
2.4088
-0.1357
1.3057
1.8636
-0.1343
-0.8858
-0.1091
-0.0393
-2.5269
4.4855
2.5636
-0.7526
0.0917
1.0770
0.3122
-0.1508
0.7220
0.0619
3.3026
5.9722
2.4838
-3.4353
3.9200
3.8763
-0.4503
2.0192
-0.3621
1.3320
0.2966
2.2121
1.5339
0.3620
1.5351
1.4756
0.8765
-3.7081
1.4584
-1.6497
-2.4815
0.8192
2.5977
-1.5799
-0.0239
-0.6690
-1.3751
0.8380
-0.2353
0.4114
-0.1965
5.4663
0.4801
2.2804
-0.0488
4.0423
-1.3495
3.7248
0.0570
3.2780
0.0487
3.6268
-3.7336
-3.7174
1.6517
-0.2496
1.8396
0.3757
0.9246
0.1722
-0.0150
-0.1511
0.9175
0.2331
0.4405
-1.9310
-1.3821
0.7786
0.7695
2.8708
-2.6895
4.8984
-0.7564
-0.5248
0.3725
1.9889
3.2950
-1.2142
0.1687
1.6183
-0.2013
1.8545
-0.6328
1.0005
4.5085
-2.3629
2.5228
2.0782
0.0318
-0.0199
0.9947
0.4665
3.2618
-0.2341
-2.1533
-2.1190
0.3777
-0.0910
-0.6506
1.4260
1.1757
4.5342
0.9204
0.6348
3.0657
3.1092
1.8892
1.9387
-1.9471
3.4899
-0.3652
2.9188
0.3164
-6.0291
0.7013
2.3492
-0.3717
1.6513
1.1676
2.0701
-1.0843
2.0157
0.6058
-0.6700
-0.8457
-0.0726
-1.3557
1.1571
1.5163
3.6242
-2.4505
5.2278
-0.2557
0.1667
-0.2446
2.1131
2.3955
-2.4011
-0.2370
2.0962
-0.0886
2.0592
-4.2324
-0.2470
4.2811
-2.8926
1.6048
1.8168
-1.1390
-0.3915
0.3903
0.8206
3.8354
0.6270
-2.1803
-1.6604
0.2706
1.2561
1.2014
3.1817
-1.4233
3.2845
-0.9803
-0.3307
-0.5324
1.6619
0.7555
-3.2604
-0.9769
1.1432
0.6302
0.9391
-2.9146
0.1187
1.8913
-2.0432
1.6751
1.3182
-0.5859
0.3929
-0.0951
1.1535
2.3046
0.3416
-2.3875
-1.0179
-0.3366
0.3531
-0.9174
-3.0212
-0.2492
-4.3886
2.0710
-0.1754
-1.1065
-3.0947
-1.9503
2.2422
2.1656
-2.1980
-0.5408
-0.9297
0.9613
1.3465
-2.1036
0.0519
0.3385
-0.7535
-2.0301
2.2685
3.1930
0.3515
-0.8348
2.3822
1.5187
0.5172
4.2402
0.0706
0.9209
-2.1811
-1.3868
-4.2499
1.1258
-0.5603
-0.3263
-2.6818
-2.8743
2.2172
0.4263
-1.3375
-1.5219
-1.5681
0.4138
0.9940
-1.1211
0.0745
-1.0408
-0.8115
-1.0176
4.7891
2.2380
-0.7979
-1.4102
0.0410
1.3362
1.7091
3.6431
-1.0872
-1.2246
-3.3007
-1.0270
-4.0609
0.4572
-0.4910
-2.1511
-2.6478
-1.8124
1.5030
0.9726
0.1335
-0.6691
-1.6497
1.0319
-0.7862
-1.2864
0.5565
-0.2303
-0.9238
-0.6377
5.6605
2.0571
-1.0813
-1.8810
0.2248
1.7788
2.6937
2.7554
0.7726
0.6811
3.3599
-4.6363
2.6633
-1.1907
0.4130
0.2925
1.2924
-0.4388
2.2185
-3.4152
0.0489
-1.0709
1.8385
-2.3653
-0.9923
1.9150
0.1244
2.3322
1.2343
-1.7284
0.6176
2.5566
1.0352
1.7018
-0.6510
-1.4949
-2.4137
2.5976
0.7239
1.0082
2.7095
-0.1522
3.3924
-1.8848
0.5520
-0.9375
1.8709
1.7435
1.1911
0.1320
1.4335
1.2170
0.6073
-1.2272
-0.2694
2.8119
-1.5226
0.6299
0.5258
-0.9187
1.3031
1.1255
0.6215
2.4346
1.4850
-1.1947
-0.3397
-1.0720
0.7832
-1.5180
-1.3966
0.1153
-3.5425
1.3765
1.2003
-0.5453
-3.2086
-0.7109
2.0422
1.0056
-1.8245
1.2492
-2.3617
0.2527
2.4352
0.1184
1.6754
0.9635
-0.2079
-1.1160
1.8276
1.6548
0.1146
-0.1338
2.8065
2.0135
0.1587
2.6421
0.4879
-1.4091
-1.4021
-0.1699
-3.2353
2.1188
0.2977
-0.4212
-2.2956
-0.4783
2.1576
0.2757
-1.1192
0.0946
-0.6734
-0.0236
1.2578
-1.5805
1.4431
0.3328
-0.4586
0.3300
2.4783
1.4202
0.6478
-1.1302
2.2745
1.5067
-0.1626
2.7032
0.2159
-0.8346
-1.8444
-0.8649
-3.8526
1.3204
-0.4353
-1.2739
-2.6857
-1.4256
1.4541
0.9523
-1.1174
-0.4439
-1.4211
0.3129
0.6176
-1.2187
0.7926
-0.2377
0.0825
-1.4387
3.9056
2.5024
-0.2958
-0.8486
0.0016
0.8374
1.6894
3.6205
-0.7013
1.6835
-1.8579
0.0168
-4.6155
-1.1447
4.4271
-2.1875
-2.5233
1.5933
2.1333
-1.2903
0.5146
-1.1469
-1.9581
-1.0588
-1.5694
-0.6886
-1.3918
-2.6045
0.1039
-0.9231
-0.6394
2.0948
-1.3234
-1.5565
0.0577
3.1128
0.4642
-0.4535
0.7531
-1.5807
-2.4703
-0.6471
-3.7945
1.1804
0.3885
-0.1064
-2.4176
-0.9654
1.8985
0.5053
-1.2154
0.1450
-0.5254
-0.3909
1.1987
-2.1735
0.7046
0.8383
0.0513
0.0133
2.4363
2.0733
0.1034
-0.9688
1.7778
1.2713
1.3614
3.3792
0.0548
-1.1290
-3.9043
-0.3996
-4.5721
0.4618
1.4397
-0.2893
-2.4023
-0.3325
1.8395
2.0902
-2.1203
0.3657
-1.5377
1.3112
1.0686
-2.7648
1.9916
0.9282
-0.7699
-0.5853
3.0364
2.5972
-0.6524
-0.4597
1.5347
1.2006
1.7607
3.2606
-0.6789
-1.0786
-1.5294
-0.8153
-3.2994
-0.1696
0.8606
-0.3836
-2.7762
0.5844
2.1473
1.3296
-1.4544
0.4062
-1.2923
0.2558
1.1563
-2.4483
1.4956
2.7398
0.0398
0.6986
0.9668
1.7387
0.6155
0.4725
0.8176
1.4348
1.3309
2.0532
0.1243
0.7272
2.9962
-1.1619
-5.0156
-1.8680
2.8277
-1.0586
-3.7294
3.3189
-2.0435
-2.1474
0.2742
-0.2296
-3.3509
-1.1687
-1.7354
1.0427
-1.0384
-2.8412
1.1076
-2.3605
-2.6761
4.0366
-0.8616
-0.7036
-0.1109
0.5748
-1.2955
0.9834
-0.1282
-0.3481
-0.4956
-0.5186
-3.2246
1.1346
-0.3018
-0.1886
-2.7661
-1.3699
1.5865
0.4016
-1.6014
0.4875
-0.7852
0.3559
1.3668
-1.4251
1.8751
0.3621
-0.1651
-0.0783
1.7919
2.7748
1.1555
-0.2866
0.3497
1.1746
0.2349
3.5163
0.4638
-0.8043
-1.4229
-0.5709
-3.3005
0.7305
0.6073
-0.2532
-2.6749
-1.6884
1.7304
1.9476
-1.1253
1.1563
-1.3951
0.5218
0.7171
-2.6496
2.5140
0.2233
-0.9161
-0.0453
2.7782
1.9328
-0.3413
-1.1496
0.9515
2.0502
1.6281
2.4498
0.0581
-0.6351
-1.5132
0.8202
-3.3106
-0.8398
0.6045
-0.2730
-2.5545
-1.9991
1.6842
2.0245
-1.9030
2.0330
-1.3474
0.4579
2.4844
-2.4693
1.6727
1.0368
-0.1037
0.6033
1.3611
1.4677
-0.3664
-1.5751
1.8146
1.8648
1.7174
1.5860
0.2147
-1.5391
-3.1500
0.1455
-5.0127
-0.3007
0.4474
-0.3087
-2.1733
-0.6211
1.2013
0.3969
-2.1940
1.4380
-0.4180
0.5228
2.4183
-1.5672
1.7230
1.0585
0.2756
-1.2539
3.2357
2.7013
-0.5905
-0.6070
1.9967
0.9029
0.0104
3.7683
-0.3279
-1.1645
-1.4935
0.9089
-3.5565
0.3758
0.3700
0.1027
-1.7004
-0.4025
1.7819
1.0043
-1.3677
0.3720
-2.0881
0.7646
1.2655
-1.1173
1.4501
1.5161
-0.4515
1.4568
1.5920
1.0869
0.9824
-1.0144
1.2999
1.2375
1.6075
1.6249
-1.3429
-1.3919
0.8836
1.4466
2.0730
1.3114
-2.2123
2.0786
2.3899
0.1103
-2.7439
1.2514
-1.4370
0.0608
-0.1195
2.8552
2.5156
1.9639
1.9937
1.0140
0.4416
2.4120
1.5083
-2.0166
1.4819
0.7404
-2.2407
-0.4192
0.7088
-3.2902
0.4754
-0.4836
-2.1391
-0.0829
-3.7969
-0.1528
-0.0905
-0.3384
-2.5367
0.2689
1.6779
2.0558
-2.6509
1.5030
-1.1365
-0.1970
1.2042
-1.9349
1.7392
0.7011
-0.0967
-0.0849
0.9923
1.5382
-0.0314
-0.0362
2.1639
1.2297
1.4468
2.2781
-0.4049
-1.0176
-3.0889
-0.1945
-3.5091
0.6142
0.3001
-0.9686
-2.7985
-1.0713
1.3218
0.7147
-1.6245
1.2218
-1.2313
0.2391
0.1683
-1.6505
1.7199
1.1494
-0.0002
0.4592
2.2849
2.4709
0.3913
-0.9449
2.0069
1.4854
0.0870
2.9101
-0.1823
-1.1518
-1.3543
0.3230
-4.1546
0.4659
0.5975
-1.0067
-2.4547
-1.1631
1.4126
0.6859
-0.5313
0.9015
-1.3758
0.0385
0.8879
-1.3234
1.4743
1.4182
-0.1955
-0.1528
2.2827
1.7344
-0.4426
-1.3568
0.6960
1.8963
1.0403
2.7096
-0.7376
3.7076
-0.3887
-0.8605
-4.1595
-0.3205
1.7845
-1.0861
-3.0649
3.3767
0.0207
-2.2274
-3.4262
-1.6691
-1.2340
1.5749
-2.4261
-1.0710
-2.6519
-1.8566
0.1256
-1.6504
-2.6083
2.0199
-0.3560
-1.2137
-0.6816
0.2487
1.3797
-0.3160
0.0868
0.1383
-0.8213
-0.9643
-2.7677
-0.8675
0.4654
-1.0149
-2.4442
-0.6857
1.6133
0.3156
-1.6055
0.6248
0.0106
-0.4595
0.2855
-1.5822
0.1699
0.7835
-0.3102
1.0753
0.6157
0.6075
-0.5230
-0.7566
1.4469
1.4908
0.9246
3.0643
0.5137
-1.8636
-1.9848
0.1059
-3.1829
1.4139
0.3278
0.2829
-2.4152
0.3308
1.4098
-1.0337
-1.1861
0.0095
-1.3538
0.1845
1.7186
-2.3218
2.1406
1.1611
0.2002
0.2950
1.2887
1.3245
1.2744
-0.7247
1.0167
1.4609
0.8615
2.6376
0.2238
-1.7031
-1.0082
1.7516
-3.6093
0.5816
0.2763
0.1894
-2.0964
-0.1056
1.3355
0.2495
-1.7956
0.5814
-1.6378
-0.2485
-0.0881
-1.3317
1.7895
0.7314
0.0218
1.0339
0.8939
1.1301
-0.5604
-1.1235
1.1221
1.8567
1.7733
1.5622
0.7950
-0.8910
-2.0328
-0.1880
-3.3404
1.1164
0.9489
-0.2161
-2.2648
-1.1775
1.4487
-0.0956
-0.6383
0.3312
-0.4740
-0.0178
0.1482
-1.6878
0.6652
1.0023
-0.5100
0.8161
0.3408
1.2506
0.2527
-1.4451
1.1660
2.0689
1.6829
2.3044
-0.5481
1.8803
-0.2718
-1.1273
-3.9052
-0.3985
3.3012
-1.4547
-2.2186
1.8779
1.3339
-0.8121
-0.6275
0.5250
-1.6508
-0.4827
-1.6631
-1.0133
0.8280
-1.6243
1.2166
-0.0574
-0.8831
1.7623
-1.0166
-1.7392
-0.3232
1.8650
0.8784
-1.0887
0.0184
-0.7379
-2.8306
-1.4135
-2.8027
0.4727
-0.3656
-0.8301
-2.1901
-1.3553
0.8036
-0.8441
-1.2437
0.8179
-0.6849
-0.4935
-0.4676
-2.2494
1.0812
-0.5810
-0.2069
-2.0293
0.6823
2.6175
-0.3210
-1.5759
-0.0212
1.6972
1.0435
4.0568
1.4464
0.8787
1.5290
-0.5673
1.8965
-1.5168
-0.5394
1.3283
3.3942
1.8729
0.5787
-0.2977
-0.7123
-1.3010
0.2684
2.2477
1.0225
0.6318
-1.8211
0.4868
-0.4183
-0.3078
1.7642
-1.3558
-0.4269
0.4749
0.0199
0.0569
0.7951
-0.1653
-0.5289
-0.5940
0.3674
-0.9624
-1.7242
-0.5805
-0.3418
-0.1975
-0.6228
-0.6365
2.4334
-0.1662
-0.7270
-1.0561
-0.2746
-0.3576
-0.5365
-0.7678
-2.7357
0.1594
-0.5366
0.1303
-0.5933
-0.0961
-0.0056
-0.7463
-0.4439
-3.2623
-0.0476
0.6474
0.1410
1.4232
3.3559
-1.2762
1.9170
-1.8157
0.9950
-0.8142
0.6387
1.7653
-3.6707
-0.8356
-1.5370
0.3924
1.0521
-2.8000
-0.8113
2.2556
-1.6397
0.9576
0.8166
-1.2729
0.3321
1.5630
0.3232
2.0937
2.1425
-2.0822
-1.2152
1.1188
0.2590
2.1822
1.5342
-1.5332
-2.8982
-1.6285
3.5613
-2.2615
-2.1549
1.1859
0.3636
-1.2193
-0.0137
-0.4052
-1.5111
-0.4802
-1.3879
-0.8176
-0.3267
-1.4171
0.6536
-0.6774
-2.2054
2.5404
-1.2093
-0.5422
-0.0957
0.8676
0.9463
0.2929
-0.4122
-0.9959
1.7671
1.9337
3.6714
-0.4528
-1.0942
-0.3493
1.5934
2.1775
-2.3637
0.8514
2.5022
2.0499
1.6617
3.7491
-1.6445
-0.6775
-0.0181
0.7968
-0.1216
1.9659
-2.6239
-2.1551
-1.0196
-1.4721
-0.6705
-0.9655
0.5824
-1.5612
-0.0093
1.3370
2.2459
-0.7494
3.4417
-0.7939
1.0781
-0.6574
0.7780
0.8965
-4.1651
-0.0719
1.7930
-0.7289
1.7344
-1.9938
-0.7658
2.6023
-1.5444
1.5430
0.9922
-2.1956
-0.1303
-0.3452
-0.2543
1.9605
1.1190
-1.8515
-1.4862
-0.3983
0.3694
3.0012
-0.0701
-0.8120
-2.5184
-1.8534
3.8468
-1.5331
-1.5736
0.5232
0.0760
-1.9602
-1.1518
0.4491
-1.1057
0.0273
-1.5691
-2.5443
-0.2643
-1.4672
1.2971
1.0538
-2.6493
2.1314
-0.8422
-1.0599
0.5757
-0.1909
0.6654
0.8946
-0.6560
2.5552
-0.5033
-0.8816
-3.6540
-0.9563
3.4232
-1.1413
-1.9910
0.8027
0.6685
-0.9529
-0.0845
-0.5221
-1.6689
-0.6321
-1.3534
-0.6055
0.3399
-1.2281
0.2320
-0.2224
-1.8421
2.0208
-1.1941
-1.4100
-0.2984
1.8430
0.8782
-0.2010
-0.6396
2.1682
0.6477
-1.4652
-3.4977
-1.8222
3.4648
-2.0214
-2.3813
1.1508
0.4004
-1.6306
-0.7362
-0.2155
-1.5411
-0.8176
-1.5721
-1.0288
0.3024
-2.0616
0.7749
-0.1263
-1.3336
2.4004
-0.9315
-1.0030
-0.0625
1.3304
0.5543
0.1743
-0.0721
3.3372
-0.8478
-0.9233
-2.4809
-1.0904
3.3387
-1.9206
-1.7081
0.2807
-0.1590
-0.7323
-1.1937
0.0638
-1.4161
-0.5283
-0.2933
-1.3747
-0.9368
-1.8777
0.8045
0.9024
-2.1064
1.6427
-0.9112
-1.0814
0.9744
0.2813
1.2158
-0.0596
-0.8336
2.4186
0.3220
-1.0741
-3.4396
-1.2367
2.8715
-2.0558
-1.8474
1.6801
-0.0846
-1.4393
-1.4139
-1.0643
-1.3267
-0.1087
-0.7583
-1.0673
-0.9662
-2.2197
0.9383
-0.5929
-1.4104
2.2888
-0.6988
-1.0751
-0.5653
0.1115
1.6482
0.0867
0.4583
-1.0204
-1.9810
1.1809
-4.1715
-0.5662
-0.1511
-0.7477
-2.1916
-1.3091
0.3323
-0.1341
-0.2147
1.0934
-1.6139
-0.0397
0.2301
-0.8086
1.9103
1.4698
-0.4774
0.9821
3.0686
1.2032
0.1495
-0.3170
1.9754
0.7516
0.1320
1.9426
0.2512
-0.6639
1.8866
2.7453
1.7301
-0.8241
-0.6357
-0.7750
0.4326
-1.1003
-3.7562
-1.3007
0.7352
-0.5428
1.0104
-0.5493
-0.8837
-1.5040
-0.5533
-1.8772
0.0849
-1.1905
0.7349
-1.7278
-0.2592
-1.3890
-0.5833
0.3365
-1.5230
0.3206
0.4076
1.2940
1.8457
-1.0823
1.3716
-1.1056
1.2602
-0.2758
-0.4053
0.5663
-4.1477
-0.5096
-1.1610
0.5345
1.5423
-1.0671
-0.6635
1.7074
-1.2864
-1.3458
-0.4044
-1.5144
-0.2304
0.6982
-0.7276
0.8475
-0.4134
-1.6517
-1.7744
0.4629
0.0302
1.3277
0.9189
0.9162
2.2801
1.0037
-1.1385
-0.1983
0.7059
0.3893
-2.0034
-0.1985
0.0224
-1.1286
0.0789
0.2106
-0.8110
-0.9874
-0.1622
-0.3995
0.0120
0.4443
-1.4522
-1.5715
2.6095
-0.8111
-0.3105
1.1804
-0.4215
-0.0937
-0.2964
1.2494
1.1305
-0.9059
0.5652
-0.4661
0.0691
-0.1490
-0.7007
0.4546
-3.0233
-0.2216
0.0039
0.9221
1.8344
-0.2380
-0.3586
0.8864
-0.9267
-0.8144
1.1900
-1.2075
-0.0196
0.2359
-0.4816
-0.2896
-0.2503
-1.5435
-0.5344
-1.2909
1.4338
2.5317
-0.0267
0.1702
-2.2819
-0.6556
-0.6837
1.1235
-1.3966
2.6898
-1.2288
0.6359
-0.7817
-1.1778
-0.9489
0.4311
-0.0312
-0.9844
-0.5571
0.2539
0.1853
0.6584
-0.2165
-3.3507
0.5149
-0.1801
-0.6337
0.1437
1.6724
0.7977
-1.2292
2.4875
-0.5811
-1.0182
-1.7908
-0.1675
0.7807
-0.6835
-1.6986
2.0745
-2.5922
-0.7447
-0.0724
-0.9283
0.4446
-0.9979
-0.4721
-0.5228
-0.3838
-0.6642
0.0801
-1.5182
-2.0869
1.1135
-0.5952
-1.1375
-0.0761
-1.0066
0.9739
-1.0011
-0.6324
-0.5388
-0.2996
-0.8981
-2.1457
-0.7099
-0.6737
-0.7908
-1.5404
-0.5329
-0.8120
-0.7936
-0.8410
-0.8196
-1.1304
-0.5979
-0.6774
-1.9659
-0.5782
-0.2062
-0.6647
-0.4188
0.0164
-0.8175
-0.3852
-0.9744
-0.4496
-0.8408
-0.8832
-0.7349
-0.4652
-0.5657
0.0417
-0.6889
-2.3978
-0.6614
-0.7721
-0.6995
-1.6961
-0.6495
-0.8626
-0.5800
-0.7563
-0.6719
-0.9832
-0.4429
-0.2589
-1.6850
-1.1262
-0.6696
-0.5406
-0.5750
-0.0718
-0.2042
-0.5760
-0.9936
-0.5321
0.1448
-0.2396
0.6824
-0.0297
-0.8297
0.8587
-0.2885
1.0716
0.0731
0.0075
0.2586
-0.1625
-0.6671
-3.3761
-0.1955
-0.7035
0.2504
-1.1535
-0.7934
-0.7705
-2.0055
-1.0086
0.1119
-0.4412
-0.4953
-1.9962
-1.2655
-0.7097
-1.3717
0.4605
-1.5771
1.1238
-1.1718
-0.6412
-0.4346
-0.8115
-0.7221
-1.8058
-0.6817
-0.5456
-0.5274
-1.5044
-0.6644
-1.8852
-0.7029
-0.8063
-0.6324
-0.9349
-0.4048
-0.6160
-1.7178
-0.7395
-0.7833
-0.5482
-0.6984
-1.5568
-0.5792
-0.5539
-1.0118
-0.1543
-0.4600
-0.3923
-0.6698
0.8313
-0.7559
-0.4909
1.2804
-0.7584
-1.0424
-0.3544
-0.4757
-1.5458
0.7279
-3.7303
-0.8038
-0.8360
-0.8679
-1.0522
-0.2139
0.7810
-1.9479
-0.7768
-1.0105
-0.4355
0.8733
-1.8814
-1.2948
-0.5711
-0.2535
-0.3704
-0.8236
-0.8007
0.1611
-0.4065
-0.4225
-0.9401
-0.7616
-1.9825
-0.5451
-0.4428
-0.4820
-1.3995
-0.1621
-2.5381
-0.3691
-0.3858
-0.8004
-0.9166
-0.6133
-0.5915
-1.6423
-0.6407
-0.8106
-0.3981
-0.7996
-1.4793
-0.7823
-0.7600
-1.0281
-0.6833
-0.4768
-0.5948
0.0853
-0.1585
0.3245
-0.9996
-0.6482
-2.0925
-0.6052
-0.4785
0.0462
-1.3056
1.0607
-3.6922
0.3343
-0.3154
-0.6458
-0.9768
-0.0868
0.9878
-1.3026
-0.8695
-0.7966
-0.4164
-0.4233
-1.8010
-0.3076
-0.3978
-0.7143
-0.4813
-0.9145
-0.3791
-0.7591
-0.1791
-0.4920
-0.9091
-0.6126
-1.8241
-0.8532
-0.6702
-0.2490
-1.3836
-0.1932
-3.6911
-0.5318
-0.6117
-0.6328
-0.8804
-0.7484
-0.1873
-0.8507
-1.0783
-0.4950
-0.4747
-0.4233
-1.9246
-0.8172
-0.5004
-1.0750
-0.4948
-1.0743
-0.6730
-0.8923
-0.5562
0.5923
-0.9548
-0.6813
-1.8727
-0.7412
-0.2173
0.1719
-1.4005
-0.2296
-3.6971
-0.3879
-0.5972
-0.8905
-1.0796
0.0624
0.6878
-1.8174
-0.8637
-0.8518
-0.2322
-0.3190
-1.8375
-0.3125
-0.3654
-0.7118
-0.2893
-0.7790
-0.1287
-0.8641
-0.7639
0.2503
-1.0993
-0.5753
-1.5683
0.1139
-0.5601
-0.4346
-1.4819
-0.6308
-3.6963
-0.3480
-0.7940
-0.9181
0.1446
-0.7696
-0.3775
-1.1377
-0.9224
-0.8868
-0.4936
0.6044
-2.1030
-0.9256
-0.6810
-1.1040
-0.1974
-1.1944
-0.5171
-1.0399
-0.4902
-0.7375
-0.9433
-0.6715
-1.9455
-0.6413
-0.5396
-0.7914
-1.5869
-0.2971
-2.8550
-0.6928
-0.8245
-0.8879
-0.9231
-0.5326
-0.5769
-1.8688
-0.9747
-0.9819
-0.4046
-0.8946
-1.8290
-0.9079
-0.6666
-1.0114
-0.3884
-1.0125
-0.6526
-1.2047
-0.6381
-0.6859
-1.1250
-0.7684
-1.9562
-0.6761
-0.4818
-0.3925
-1.4589
-0.6619
-3.1459
-0.5676
-0.7169
-0.9347
-0.8281
-0.8160
-0.3053
-1.5622
-1.0332
-0.7239
-0.5056
-0.5570
-1.8529
-0.9453
-0.5902
-1.0990
-0.4566
-1.1644
-0.5528
-1.1705
-0.3011
-0.2726
-1.0599
-0.5526
-1.4619
-0.7996
-0.3107
-0.2285
-1.5124
-0.2618
-3.6939
-0.2056
-0.5076
-0.6868
-0.8259
-0.5498
-0.2235
-1.3413
-0.7370
-0.8901
-0.5350
-0.6978
-1.8792
-0.8121
-0.6348
-1.0866
-0.5406
-1.2034
-0.1559
-0.8852
-0.6401
-0.6292
-0.8636
-0.5746
-1.9355
-0.6201
0.0939
-0.6463
-1.3126
-0.1486
-3.6494
-0.7299
-0.8087
-0.8881
-0.9346
-0.6795
0.8651
-1.8885
-1.0644
-0.6950
-0.5239
0.0962
-1.9766
-0.7893
-0.6411
0.0252
0.3414
-1.2155
0.3778
-1.1331
-0.3151
-0.6744
-0.8494
-0.7535
-1.4002
-0.8913
-0.6552
-0.6395
-1.4362
-0.4502
-3.6929
-0.7422
-0.6775
-0.8059
-1.0532
-0.7420
-0.4026
-1.3037
-0.7852
-0.8240
-0.4597
-0.9418
-1.8610
-0.9499
-0.5993
-1.0772
-0.5717
-1.3046
-0.1705
-0.9804
-0.6139
-0.8240
-1.0462
-0.6528
-2.0593
-0.5594
-0.4119
-0.5191
-1.4900
-0.5509
-3.4019
-0.5865
-0.5563
-0.7145
-0.8802
-0.4316
-0.6322
-1.8042
-1.0123
-0.7304
-0.3323
-0.8813
-1.6257
-0.7011
-0.7039
-1.0173
-0.4335
-1.3372
-0.6772
-1.1019
-0.3568
-0.7058
-1.1256
-0.6383
-1.9892
-0.7056
-0.7268
-0.6781
-1.5185
-0.4822
-3.1871
-0.6885
-0.8360
-0.8113
-1.1180
-0.5399
-0.5031
-1.8245
-0.8815
-0.8053
-0.4267
-0.7834
-1.7005
-0.9279
-0.5787
-0.9825
-0.6802
-1.1544
-0.5229
-1.0942
-0.6912
-0.4537
-0.8474
-0.8180
-1.9547
-0.7834
-0.2922
-0.4523
-1.4535
-0.3368
-3.7268
-0.5449
-0.8234
-0.4156
-1.0487
-0.5638
-0.7111
-1.4989
-1.0267
-1.1191
-0.4563
-0.7498
-1.9297
-0.6773
-0.7305
-0.9234
-0.3987
-1.0609
-0.7291
-1.0329
-0.5178
-0.7937
-0.9635
-0.7093
-1.6151
-0.6256
-0.5902
-0.5801
-1.3635
-0.4902
-3.6867
-0.6798
-0.7217
-0.7854
-1.0753
-0.5162
-0.4270
-1.4829
-1.0213
-0.9393
-0.2649
-0.9749
-1.9310
-1.0604
-0.6086
-1.0071
-0.4740
-1.2760
-0.8490
-1.0726
-0.2669
-0.3508
-1.0150
-0.6892
-1.4644
-0.8199
-0.5373
-0.2159
-1.4827
-0.3354
-3.6813
-0.6834
-0.7895
-0.9187
-0.7895
-0.7177
-0.5840
-2.0309
-0.7120
-0.8467
-0.2282
-0.9502
-2.0732
-0.9479
-0.7314
-1.0419
-0.5389
-1.1769
-0.2180
-0.9313
-0.6473
-0.5273
-1.0911
-0.6126
-1.9105
-0.6803
-0.6041
-0.7022
-1.5949
-0.5170
-3.6259
-0.6071
-0.5256
-0.8394
-0.6000
-0.6646
-0.5278
-1.5807
-0.9260
-0.8332
-0.5106
-0.8737
-1.9745
-0.5727
-0.6357
-0.8412
-0.5436
-1.4126
-0.4828
-0.9188
-0.7053
-0.6831
-1.0474
-0.7552
-1.8802
-0.6209
-0.5040
-0.6150
-1.4191
-0.5309
-3.6783
-0.6303
-0.6618
-0.5308
-0.9468
-0.7369
-0.5054
-1.4929
-0.8574
-0.7733
-0.5732
-0.7626
-2.0013
-1.0569
-0.5858
-1.0353
-0.4672
-1.2436
-0.7181
-1.1582
-0.7364
-0.5774
-0.8737
-0.8382
-1.8479
-0.6297
-0.6059
-0.5278
-1.4253
-0.6864
-3.4057
-0.5269
-0.7233
-0.6726
-0.9259
-0.7712
-0.5312
-1.9146
-1.1148
-0.9963
-0.4786
-0.7953
-1.8721
-1.0113
-0.5438
-1.1117
-0.5007
-1.0916
-0.6777
-1.0464
-0.5841
-0.6739
-0.9652
-0.6940
-1.9679
-0.7203
-0.7968
-0.5833
-1.4717
-0.3725
-3.3967
-0.6016
-0.5638
-0.7978
-1.0017
-0.7485
-0.7174
-1.8591
-1.0245
-0.8986
-0.3161
-0.9731
-1.9067
-0.8141
-0.6104
-0.9963
-0.4540
-1.1962
-0.6303
-1.1905
0.0848
0.0765
-0.0244
0.0028
0.0425
-0.1440
-0.0789
0.1120
-0.0958
-0.0582
0.0262
-0.0048
-0.0594
0.0503
-0.0703
-0.0743
-0.0315
-0.0437
-0.1281
0.0998
0.0982
0.0592
-0.1461
0.0653
-0.0562
-0.0429
-0.0486
0.0470
-0.1229
-0.0894

Direct connections:
