version: 10
file format: 0

training data file: /tmp/train-lm-from-UD-corpus.sh.yj3oUZwaG.train
validation data file: /tmp/train-lm-from-UD-corpus.sh.yj3oUZwaG.valid

last probability of validation data: -0.472414
number of finished iterations: 3
current position in training data: 0
current probability of training data: -0.495553
save after processing # words: 0
# of training words: 804785
input layer size: 33
hidden layer size: 30
compression layer size: 0
output layer size: 4
direct connections: 0
direct order: 3
bptt: 0
bptt block: 10
vocabulary size: 3
class size: 1
old classes: 0
independent sentences mode: 0
starting learning rate: 0.100000
current learning rate: 0.025000
learning rate decrease: 1


Vocabulary:
     0	         0	</s>	0
     1	    402393	95	0
     2	    402392	32	0

Hidden layer activation:
0.6962
0.2444
0.0805
0.0525
0.6349
0.3207
0.8160
0.2038
0.9078
0.2822
0.6159
0.1423
0.1839
0.3032
0.1781
0.6921
0.8525
0.2925
0.9260
0.7015
0.9169
0.1641
0.7471
0.5251
0.9254
0.4561
0.2669
0.3536
0.8715
0.8387

Weights 0->1:
0.1071
-0.0294
0.0962
0.0344
0.0867
0.1948
-0.0990
-0.0670
-0.1435
-0.0501
0.1171
-0.0353
0.0690
0.1133
0.0471
0.1431
0.0122
-0.0819
-0.0448
-0.2117
0.1406
0.0002
0.0229
-0.0803
0.1892
0.0478
0.0397
-0.0355
-0.0179
0.1086
0.1472
0.1234
0.0609
0.0134
0.4970
-0.2946
0.0595
-0.1706
-0.2515
-0.1839
-0.1139
0.1708
0.1561
-0.1972
0.0437
-0.0184
-0.0785
-0.1063
-0.1482
0.1681
-0.0981
-0.1062
-0.0428
0.0691
0.1108
-0.0033
0.2424
-0.1963
-0.0740
0.1293
0.1638
-0.0520
-0.0491
0.1795
0.1106
0.3054
0.2191
0.9876
-0.8175
0.0738
-0.1230
-0.3431
-0.5205
0.0537
-0.0749
0.1140
-0.0419
0.2650
-0.2397
0.0554
-0.1798
-0.2323
-0.0997
-0.0800
-0.0104
0.2069
-0.0444
0.2991
-0.0525
0.2897
-0.2713
0.0500
-0.0303
0.2120
-0.0442
0.0298
-0.0127
0.2709
0.4032
-0.0177
1.2095
-0.9807
-0.0052
-0.0634
-0.4262
-0.3761
0.1645
-0.1897
0.0256
-0.1211
0.4654
-0.0607
0.0758
-0.4209
-0.2555
-0.1579
-0.1000
0.1273
0.2204
-0.1335
0.4090
-0.0057
0.4862
-0.2143
-0.0008
-0.0479
0.3712
0.1348
-0.1254
-0.2054
0.3011
-0.0505
0.0895
-0.2268
0.2237
0.0163
0.0002
0.1405
0.0338
-0.0678
0.0560
-0.0276
0.1174
-0.1439
0.0933
-0.0915
0.0853
0.0252
-0.0925
-0.0205
-0.1192
-0.0558
0.0397
0.1157
0.0192
-0.0860
0.1206
-0.0076
0.0398
-0.2113
0.0150
-0.1355
-0.0399
-0.0717
0.1019
-0.0332
0.4295
-0.4346
0.0797
0.0419
-0.1569
-0.1310
0.2252
0.0419
0.1936
-0.0125
0.1915
-0.1323
0.2019
-0.1124
-0.0723
-0.1724
-0.0247
-0.0594
0.0585
-0.1025
0.0101
-0.0468
0.2304
-0.0495
-0.1433
-0.1190
0.3021
0.0217
0.1557
-0.0087
0.1355
0.2430
-0.0073
-0.2924
0.4968
-0.0107
0.0345
0.2535
0.2355
-0.1972
0.1556
-0.1451
-0.0472
-0.1877
0.2096
-0.0068
0.2083
0.0843
0.1361
0.1084
0.0451
0.0468
-0.1029
-0.2610
-0.0862
-0.3924
0.2141
-0.1744
-0.0317
-0.1741
-0.1355
0.1775
-0.0077
-0.1424
-0.0163
-0.1001
0.4631
-0.2166
0.0963
-0.1921
-0.3367
-0.3047
0.1173
-0.0269
0.0556
0.0760
0.2039
-0.1175
0.0221
-0.1830
-0.1022
-0.0305
-0.1345
0.0854
0.1450
-0.0361
0.1795
-0.0810
0.2524
0.1182
-0.1098
-0.1912
0.2158
-0.0879
-0.0384
-0.2313
0.1024
0.1960
0.1169
-0.7557
0.7752
0.0426
0.0747
0.1848
0.3885
0.0277
0.1021
-0.1560
-0.0106
-0.2941
0.0973
-0.0489
0.2902
-0.0133
-0.0814
0.0426
-0.2116
-0.2033
0.2737
-0.3693
-0.0496
-0.3257
0.2375
0.0132
0.0836
-0.3955
0.0909
0.3381
0.0926
-0.1510
-0.1667
-0.1288
0.3051
-0.2168
-0.0211
-0.1750
-0.1759
-0.0874
0.1006
-0.0449
0.1215
0.1030
0.0808
0.0982
-0.0335
-0.2328
-0.0677
-0.0430
-0.0617
0.0365
0.0298
-0.0615
0.2194
-0.0648
0.0346
-0.0940
0.0367
-0.1742
0.0520
0.1294
-0.1089
0.0441
0.1374
0.1653
0.1028
-0.0423
-0.0267
0.0375
0.0643
-0.1791
0.0052
-0.0474
-0.0211
-0.1069
0.1987
-0.1365
0.1133
-0.0274
-0.0485
0.1114
-0.0356
0.0005
0.2421
-0.2659
0.0893
-0.1365
0.0023
-0.0354
0.1239
0.0438
0.0156
0.0322
0.0966
0.1176
0.0779
-0.0026
-0.0772
-0.1023
0.6805
-0.5706
0.1776
-0.1019
-0.2407
-0.2899
0.0187
-0.0647
0.0477
-0.0614
0.2761
-0.0580
-0.1054
-0.0802
0.0059
-0.0366
-0.1279
0.0916
0.1381
-0.1066
0.3096
0.1390
0.3219
-0.2656
-0.0311
-0.1730
0.2167
-0.2376
-0.0321
-0.1072
0.2767
0.1761
-0.0126
0.6161
-0.6781
-0.0115
0.0713
-0.0705
-0.2254
0.0870
-0.0036
0.0928
-0.1318
0.2687
-0.0496
-0.1085
-0.1000
-0.2181
0.1410
-0.2955
-0.0709
0.1430
0.0971
0.2619
-0.0313
0.2234
-0.0695
0.2018
0.1309
-0.0240
-0.1869
-0.1703
-0.0071
0.1325
0.0766
0.1332
-0.2067
-0.1661
-0.1209
0.0835
-0.0193
-0.0269
-0.0672
-0.0750
0.1593
-0.0706
0.0169
-0.0228
-0.1648
-0.1644
-0.0690
0.0984
0.0242
0.0126
-0.0048
-0.0286
-0.1271
-0.1527
-0.0261
-0.1275
0.0083
-0.0988
-0.0164
-0.0355
-0.0892
0.0687
0.0705
0.0222
-0.1067
0.5206
-0.4674
-0.1243
-0.0431
-0.2089
-0.3053
0.1758
-0.0026
0.1702
-0.0897
0.2182
-0.1175
0.1705
-0.0688
-0.0628
0.0099
-0.2201
0.2246
0.1572
-0.0381
0.0701
0.1971
0.3386
-0.1724
-0.1449
-0.1694
0.2280
0.0025
-0.1513
-0.0702
0.1947
0.1317
0.0652
-0.3505
0.3160
0.0687
-0.1808
0.1992
0.1209
-0.0151
0.1014
-0.0183
0.0687
0.0644
-0.0852
0.0436
0.1053
0.0086
0.0711
0.1941
-0.0237
-0.1834
0.0433
-0.1613
-0.0392
0.1006
-0.0174
-0.0234
-0.0205
-0.0594
-0.1327
-0.0179
0.1524
-0.0166
-0.1052
-0.2281
-0.6889
0.5406
-0.0393
0.0518
0.2879
0.1525
0.1373
0.1156
-0.1902
0.1450
-0.2412
-0.1707
-0.0902
0.1904
0.2216
0.2337
0.1554
-0.2617
-0.1373
0.2253
-0.0706
-0.0600
-0.1607
0.2609
0.0028
-0.0392
-0.3054
0.1348
-0.0982
0.0292
-0.1485
-0.0143
-0.1256
0.3358
-0.2554
0.0298
0.0821
-0.1683
-0.3255
-0.0017
-0.1495
0.0010
0.0014
0.1120
-0.2144
0.0158
-0.0747
0.1593
-0.0523
-0.2294
-0.1493
0.1575
-0.1306
0.2726
0.1626
0.1789
0.0935
0.1591
0.1442
0.2651
0.2024
-0.1733
-0.0108
0.0283
0.0289
-0.1025
-1.1152
1.0641
0.0664
0.1232
0.1829
0.3089
-0.0665
0.0205
-0.0946
0.2436
-0.2292
0.1832
-0.0953
0.3027
0.2430
0.0090
0.0928
-0.1203
-0.1646
-0.1197
-0.2495
-0.0088
-0.2906
0.3128
-0.0190
0.0706
-0.0922
-0.1718
0.2145
0.0490
-0.3745
-0.2692
-0.0248
-0.1993
0.3329
-0.0000
0.1611
0.2191
0.1143
-0.1227
0.0671
-0.1654
-0.0595
-0.2608
-0.0770
0.1889
0.1425
0.1234
0.0357
-0.0187
-0.0819
0.0296
-0.0146
0.0695
-0.0355
-0.1666
0.0040
-0.0849
-0.1538
-0.0849
-0.0255
0.1017
0.0808
0.0282
-0.0083
-0.0558
-0.8140
1.0564
-0.0509
0.0043
0.2057
0.3249
-0.2165
0.2442
-0.2398
0.1436
-0.1714
0.0083
0.0190
0.2256
-0.0113
0.0941
0.2123
-0.0071
-0.3213
0.2246
-0.2656
-0.0287
-0.2690
0.2060
-0.0258
0.0583
-0.4097
0.0747
0.1407
-0.1292
-0.2008
-0.1336
-0.0314
0.7261
-0.5769
0.0662
-0.0414
-0.0314
-0.2069
-0.0986
-0.0424
0.1502
-0.1308
0.0540
-0.1394
-0.0413
-0.3460
-0.0314
0.1299
-0.0641
-0.0287
0.3061
-0.1325
0.2283
0.0506
0.2421
-0.0785
0.1167
0.0010
0.1755
-0.1677
-0.1225
-0.1259
0.2373
0.0499
-0.0724
-0.1756
0.0722
0.1526
-0.0058
0.2621
0.0613
0.0192
0.0753
0.0954
-0.0271
-0.0080
0.0333
-0.0317
0.2499
0.0707
0.0646
0.0109
-0.0643
-0.1196
0.1830
0.0669
-0.1797
-0.0529
-0.0055
0.0534
0.0961
-0.1635
0.0866
0.2112
-0.0176
-0.1461
-0.1246
-0.0604
0.2301
0.0606
0.0769
-0.0491
0.0196
-0.1488
0.1154
0.0891
-0.1180
0.0446
0.0248
-0.0888
-0.0061
0.1127
0.0128
-0.0731
0.0065
0.0110
0.0958
-0.0397
0.0708
-0.1273
-0.1203
-0.0716
0.0106
0.1848
-0.0101
0.1730
0.0410
-0.1794
-0.0521
-0.1089
0.0612
-1.1154
0.9679
-0.0994
0.1790
0.3293
0.4201
-0.1708
0.0548
-0.1057
0.2345
-0.3586
0.0823
0.0092
0.1377
0.1259
0.0391
0.1344
-0.1146
0.0230
0.1912
-0.2419
-0.0196
-0.3205
0.2581
-0.0469
-0.1332
-0.2979
-0.0113
0.1194
0.0055
-0.1110
-0.0777
0.1190
-0.0639
0.0496
0.0125
-0.1032
-0.1260
-0.0120
-0.0104
0.0970
-0.0773
-0.0288
-0.0328
-0.0236
0.2228
0.0664
0.1430
0.1323
-0.0235
-0.1569
0.1344
-0.1653
0.0014
0.0346
0.0340
0.0008
0.0327
-0.1483
-0.0695
-0.0164
-0.1840
0.0428
0.0911
0.0329
0.0015
0.5729
-0.4674
-0.0377
-0.1788
-0.0232
-0.2977
0.0509
0.0326
-0.0069
-0.0520
0.2499
0.1325
0.0323
-0.1598
-0.1494
-0.0873
-0.0056
-0.0902
0.2087
0.0618
0.1359
-0.1168
0.0926
0.0571
-0.1153
0.0187
0.2023
0.1790
-0.1582
0.1606
-0.0049
0.0832
-0.0333
0.1147
-0.0737
0.1547
-0.0907
-0.0785
-0.0065
-0.0718
-0.0375
-0.0280
-0.0678
-0.1533
-0.1430
0.1066
-0.0636
-0.0067
0.0108
-0.0761
-0.1882
0.0643
-0.0305
-0.1712
-0.0184
0.0466
0.0370
-0.0343
0.0179
0.0615
-0.1190
-0.1221
0.1090
0.0358
0.0237
-0.0295
-0.8091
0.8456
0.1444
-0.0436
0.2340
0.3396
0.0130
0.2962
-0.0757
0.2407
-0.3098
0.0508
-0.0771
-0.0003
0.1273
0.1565
0.0973
-0.0933
-0.1648
0.0142
-0.2602
-0.0044
-0.2851
-0.0181
-0.0736
0.0217
-0.1024
0.0234
0.0294
-0.0350
-0.2044
-0.1153
0.0553
-0.5634
0.5060
-0.0422
0.0384
0.3155
0.1676
-0.1105
0.1699
-0.2988
0.0178
-0.1167
-0.0485
0.2376
0.1433
0.0267
0.0402
0.1691
-0.1251
-0.1704
0.1582
-0.2584
-0.0514
-0.0489
0.3315
-0.1697
0.0112
-0.1870
-0.1119
0.1896
-0.0030
-0.0716
-0.1624


Weights 1->2:
-0.3985
-0.2821
-0.3473
-0.2659
-0.2532
-0.4071
-0.3698
-0.1238
-0.2519
-0.2704
-0.4909
-0.4997
-0.2060
-0.1070
-0.5226
-0.2910
-0.4063
-0.4575
-0.1733
-0.4537
-0.3004
-0.3232
-0.4682
-0.3932
-0.3214
-0.2654
-0.3295
-0.1981
-0.3329
-0.5007
0.4351
-0.3433
-1.1843
-1.4861
0.6343
-0.3085
0.8094
-0.3734
1.2725
-0.2255
0.2845
-0.7852
-0.6816
0.0172
-0.5259
0.6063
1.0055
-0.3787
1.6335
0.5522
1.4826
-0.6831
0.5821
0.0260
1.7689
0.1551
-0.2975
0.0283
1.1317
0.7587
0.1722
0.7965
1.5143
1.9714
0.0798
0.8801
-0.5351
0.8245
-1.1032
0.5772
0.0687
1.1023
0.9206
0.0601
1.0485
-0.1248
-0.6710
0.6430
-1.2851
-0.1786
-1.1663
1.0200
0.0511
0.1633
-1.0882
0.1625
0.9203
0.1948
-0.9701
-0.8004
-0.0284
0.0170
-0.0202
-0.2101
-0.1754
-0.1785
0.2602
0.0068
0.0252
-0.1199
-0.1011
0.0474
0.0607
0.0235
0.1702
-0.1204
-0.1164
0.0729
-0.0129
0.0513
-0.1838
0.0800
0.0145
-0.0696
-0.2186
0.1410
-0.2725
-0.0045
-0.0273
0.0069

Direct connections:
